LISFLOOD/dem10.asc
NCOLS 413 
NROWS 307 
XLLCORNER 341179.518085095 
YLLCORNER 4516729.65873464 
CELLSIZE 10 
NODATA_value -9999 
[rows 32 to 63 of 307, columns 288 to 359 of 413]
130.6 130.43 130.45 130.53 130.62 129.7 128.52 127.23 126.06 125.99 125.99 125.99 126.16 126.46 126.48 127.09 127.87 127.66 126.38 125.99 125.99 125.99 125.99 125.99 125.99 125.99 125.99 125.99 125.99 125.99 125.99 126 126 126 126 126 126 126 126 126 126 126 126 126.01 126.01 126.01 126.01 126.01 126.02 126.19 126.66 127.31 127.81 127.76 126.98 126.27 125.94 125.94 127.18 128.25 127.03 125.97 125.83 125.84 125.84 125.84 125.84 125.84 125.88 126.55 127.81 128.24
130.56 130.44 130.5 130.84 130.92 129.67 127.79 126.35 125.99 125.99 125.99 125.99 125.99 126.04 126.14 126.16 127.04 126.88 126.02 125.98 125.98 125.98 125.98 125.98 125.98 125.98 125.99 125.99 125.99 125.99 125.99 125.99 125.99 125.99 126 126 126 126 126 126 126 126 126 126 126 126 126.01 126.01 126.05 126.39 127.08 127.56 127.59 127.6 127.11 126.38 125.94 125.9 126.69 127.22 126.14 125.83 125.83 125.83 125.84 125.84 125.84 125.84 126.09 127.25 128.02 128.85
130.49 130.47 130.57 131.05 130.75 128.92 126.67 126.02 125.99 125.99 125.98 125.98 126.04 126.56 127.06 126.34 126.16 126.15 125.98 125.98 125.98 125.98 125.98 125.98 125.98 125.98 125.98 125.98 125.98 125.98 125.98 125.98 125.98 125.99 125.99 125.99 125.99 126 126 126 126 126 126 126 126 126 126 126 126.11 126.67 127.47 127.54 127.42 127.54 127.24 126.47 125.94 125.85 126.09 126.21 125.84 125.83 125.83 125.83 125.83 125.84 125.84 125.86 126.66 127.71 128.53 129.89
130.48 130.49 130.54 130.82 129.86 127.52 126.09 125.99 125.99 125.98 125.98 126.02 126.55 128.36 128.65 126.91 126.02 125.96 125.96 125.96 125.96 125.97 125.97 125.97 125.97 125.97 125.97 125.97 125.97 125.97 125.97 125.97 125.98 125.98 125.98 125.98 125.98 125.99 125.99 125.99 125.99 126 126 126 126 126 126 126.01 126.21 126.92 127.46 127.41 127.41 127.56 127.26 126.48 125.93 125.83 125.83 125.84 125.83 125.83 125.83 125.83 125.83 125.83 125.84 126.1 127.44 128.44 130.02 130.47
130.47 130.41 130.35 130.17 128.31 126.4 125.99 125.99 125.98 125.98 126 126.45 128.14 129.73 129 127.14 126.02 125.93 125.94 125.94 125.94 125.95 125.95 125.95 125.95 125.96 125.96 125.96 125.96 125.96 125.96 125.97 125.97 125.97 125.97 125.97 125.97 125.97 125.98 125.98 125.98 125.99 125.99 125.99 126 126 126 126.01 126.32 127.08 127.36 127.46 127.48 127.61 127.29 126.51 125.91 125.82 125.82 125.83 125.83 125.83 125.83 125.83 125.83 125.83 125.9 126.88 128.23 129.69 130.45 130.38
130.38 130.24 130.16 129.22 126.87 126.03 125.99 125.99 125.98 125.98 126.18 128.05 129.91 129.56 129.12 127.69 126.08 125.91 125.92 125.92 125.92 125.92 125.93 125.93 125.93 125.94 125.94 125.94 125.94 125.95 125.95 125.95 125.95 125.95 125.96 125.96 125.96 125.96 125.96 125.97 125.97 125.97 125.97 125.98 125.98 125.99 125.99 126.02 126.45 127.16 127.41 127.52 127.52 127.69 127.32 126.43 125.88 125.82 125.82 125.82 125.82 125.83 125.82 125.82 125.83 125.84 126.29 127.78 129.48 130.35 130.48 130.4
130.27 130.08 129.78 127.89 126.16 125.99 125.99 125.98 125.99 126.13 127.13 129.72 130.17 129.26 129.54 127.85 126.04 125.89 125.89 125.89 125.9 125.9 125.9 125.91 125.91 125.91 125.92 125.92 125.92 125.92 125.93 125.93 125.93 125.93 125.94 125.94 125.94 125.94 125.95 125.95 125.95 125.95 125.96 125.96 125.96 125.97 125.97 126.02 126.58 127.28 127.52 127.51 127.64 127.75 127.45 126.32 125.83 125.82 125.82 125.82 125.82 125.82 125.82 125.82 125.82 125.95 127.04 129.09 130.46 130.44 130.34 130.3
130.14 129.83 128.72 126.59 126 125.99 125.98 125.98 126.13 127.28 129.49 130.29 129.89 129.59 129.44 126.99 125.89 125.86 125.86 125.86 125.87 125.87 125.87 125.88 125.88 125.88 125.89 125.89 125.89 125.9 125.9 125.9 125.91 125.91 125.91 125.92 125.92 125.92 125.93 125.93 125.93 125.93 125.94 125.94 125.94 125.94 125.95 126 126.61 127.45 127.72 127.65 127.83 127.89 127.48 126.24 125.82 125.82 125.82 125.82 125.82 125.82 125.82 125.82 125.83 126.31 128.27 130.36 130.79 130.8 130.72 130.31
129.98 129.21 127.05 126.03 125.99 125.99 125.98 126.02 126.93 129.66 130.44 130.35 130.17 130.2 128.93 126.24 125.83 125.83 125.84 125.84 125.84 125.85 125.85 125.85 125.86 125.86 125.86 125.87 125.87 125.87 125.88 125.88 125.88 125.88 125.89 125.89 125.89 125.9 125.9 125.9 125.9 125.91 125.91 125.91 125.92 125.92 125.92 125.94 126.53 127.53 127.81 127.86 127.93 127.94 127.28 126.15 125.83 125.82 125.82 125.82 125.82 125.82 125.82 125.82 125.91 127.21 129.87 130.81 130.87 130.97 130.98 130.36
129.72 128.06 126.13 125.99 125.99 125.99 125.99 126.3 128.4 130.31 130.32 130.38 130.47 130.29 127.95 125.92 125.81 125.82 125.82 125.82 125.82 125.83 125.83 125.83 125.83 125.84 125.84 125.84 125.84 125.85 125.85 125.85 125.85 125.86 125.86 125.86 125.86 125.87 125.87 125.87 125.87 125.88 125.88 125.88 125.88 125.89 125.89 125.89 126.39 127.54 127.61 127.64 127.62 127.82 126.91 126.06 125.84 125.82 125.82 125.82 125.82 125.82 125.82 125.82 126.32 128.77 130.69 130.96 130.93 130.85 130.78 129.82
129.01 126.81 126 125.99 125.99 125.99 126.13 127.4 129.69 130.26 130.21 130.4 130.68 129.95 126.88 125.82 125.8 125.81 125.81 125.81 125.81 125.81 125.81 125.82 125.82 125.82 125.82 125.82 125.82 125.83 125.83 125.83 125.83 125.83 125.84 125.84 125.84 125.84 125.84 125.85 125.85 125.85 125.85 125.85 125.86 125.86 125.86 125.86 126.17 127.51 127.39 127.19 127.4 127.52 126.43 125.97 125.83 125.82 125.82 125.82 125.82 125.82 125.82 125.87 127.56 130.17 130.8 130.82 130.77 130.66 130.36 129.88
127.8 126.14 125.99 125.99 125.99 126.05 127.12 129.59 130.23 130.11 130.35 130.8 131.04 129.55 126.24 125.8 125.8 125.8 125.81 125.81 125.81 125.81 125.81 125.81 125.81 125.81 125.81 125.82 125.82 125.82 125.82 125.82 125.82 125.82 125.82 125.83 125.83 125.83 125.83 125.83 125.83 125.83 125.84 125.84 125.84 125.84 125.84 125.84 125.98 127.21 127.18 127.31 127.8 127.12 126.06 125.84 125.82 125.82 125.82 125.82 125.82 125.82 125.82 126.44 129.48 130.77 130.81 130.67 130.59 130.52 130.29 130.38
126.68 126 125.99 125.99 126.01 126.67 129.33 130.39 130.23 130.46 130.8 131.06 130.95 128.43 125.94 125.8 125.8 125.8 125.8 125.81 125.81 125.81 125.81 125.81 125.81 125.81 125.81 125.81 125.82 125.82 125.82 125.82 125.82 125.82 125.82 125.82 125.82 125.83 125.83 125.83 125.83 125.83 125.83 125.83 125.83 125.83 125.83 125.84 125.85 126.4 126.86 127.49 127.83 126.59 125.86 125.82 125.82 125.82 125.82 125.82 125.82 125.82 126.06 128.52 130.73 130.92 130.83 130.65 130.72 130.54 130.39 130.58
126.13 125.99 125.99 125.99 126.31 128.74 130.45 130.41 130.47 130.83 131.07 131.23 130.76 127.51 125.83 125.8 125.8 125.8 125.8 125.8 125.81 125.81 125.81 125.81 125.81 125.81 125.81 125.81 125.81 125.81 125.82 125.82 125.82 125.82 125.82 125.82 125.82 125.82 125.82 125.82 125.82 125.83 125.83 125.83 125.83 125.83 125.83 125.83 125.83 125.96 126.49 127.39 127.34 126.13 125.82 125.81 125.81 125.81 125.82 125.82 125.82 125.93 127.76 130.46 130.97 130.91 130.76 130.59 130.67 130.6 130.38 130.38
126.01 125.99 125.99 126.09 127.5 130.19 130.42 130.5 130.78 131.1 131.12 130.96 130.02 126.81 125.8 125.8 125.8 125.8 125.8 125.8 125.8 125.8 125.8 125.8 125.81 125.81 125.81 125.81 125.81 125.81 125.81 125.81 125.81 125.81 125.81 125.81 125.82 125.82 125.82 125.82 125.82 125.82 125.82 125.82 125.82 125.82 125.82 125.82 125.82 125.83 126.03 126.99 126.54 125.88 125.81 125.81 125.81 125.81 125.81 125.81 125.85 126.87 129.9 130.92 130.92 130.84 130.67 130.47 130.57 130.64 130.32 130.08
125.99 125.99 126.03 126.83 129.3 130.52 130.54 130.65 130.91 131.11 130.86 130.41 129.33 126.3 125.79 125.79 125.79 125.79 125.8 125.8 125.8 125.8 125.8 125.8 125.8 125.8 125.8 125.8 125.8 125.81 125.81 125.81 125.81 125.81 125.81 125.81 125.81 125.81 125.81 125.81 125.82 125.82 125.82 125.82 125.82 125.82 125.82 125.82 125.82 125.82 125.83 126.05 126 125.82 125.81 125.81 125.81 125.81 125.81 125.81 126.17 128.7 130.82 130.91 130.85 130.75 130.51 130.42 130.51 130.54 130.18 129.85
125.99 126 126.4 128.41 130.28 130.56 130.67 130.77 130.94 130.95 130.67 130.11 128.45 125.97 125.79 125.79 125.79 125.79 125.79 125.79 125.79 125.79 125.8 125.8 125.8 125.8 125.8 125.8 125.8 125.8 125.8 125.81 125.81 125.81 125.81 125.81 125.81 125.81 125.81 125.81 125.81 125.81 125.81 125.81 125.82 125.82 125.82 125.82 125.82 125.82 125.82 125.82 125.82 125.81 125.81 125.81 125.81 125.81 125.81 125.85 127.18 130.11 130.95 130.82 130.78 130.64 130.41 130.34 130.28 130.13 130.26 129.4
126 126.19 127.62 129.54 130.5 130.65 130.73 130.87 130.95 130.86 130.65 129.87 127.41 125.82 125.79 125.79 125.79 125.79 125.79 125.79 125.79 125.79 125.79 125.8 125.8 125.8 125.8 125.8 125.8 125.8 125.8 125.8 125.8 125.8 125.8 125.81 125.81 125.81 125.81 125.81 125.81 125.81 125.81 125.81 125.81 125.81 125.81 125.81 125.82 125.82 125.82 125.81 125.81 125.81 125.81 125.81 125.81 125.81 125.81 126.14 128.78 130.76 130.9 130.75 130.7 130.6 130.3 130.25 130.09 129.83 130.17 128.47
126.22 127.15 128.61 130.09 130.67 130.75 130.79 130.85 130.83 130.72 130.52 129.4 126.46 125.79 125.78 125.78 125.79 125.79 125.79 125.79 125.79 125.79 125.79 125.79 125.79 125.79 125.8 125.8 125.8 125.8 125.8 125.8 125.8 125.8 125.8 125.8 125.8 125.8 125.8 125.81 125.81 125.81 125.81 125.81 125.81 125.81 125.81 125.81 125.81 125.81 125.81 125.81 125.8 125.81 125.81 125.81 125.81 125.81 125.83 127.32 130.17 130.9 130.83 130.71 130.59 130.46 130.28 130.27 130.04 129.69 129.61 127.33
126.87 127.85 129.07 130.49 130.79 130.78 130.79 130.86 130.98 130.86 130.64 129 126.03 125.78 125.78 125.78 125.78 125.79 125.79 125.79 125.79 125.79 125.79 125.79 125.79 125.79 125.79 125.79 125.79 125.79 125.8 125.8 125.8 125.8 125.8 125.8 125.8 125.8 125.8 125.8 125.8 125.8 125.8 125.81 125.81 125.81 125.81 125.81 125.81 125.81 125.81 125.81 125.8 125.8 125.8 125.8 125.8 125.81 126.08 129.1 130.76 130.88 130.81 130.67 130.47 130.27 130.16 130.24 130.04 129.72 128.65 126.44
127.66 127.89 129.29 130.62 130.8 130.8 130.83 130.96 131.08 130.98 130.58 128.62 125.92 125.78 125.78 125.78 125.78 125.78 125.78 125.78 125.78 125.79 125.79 125.79 125.79 125.79 125.79 125.79 125.79 125.79 125.79 125.79 125.79 125.79 125.8 125.8 125.8 125.8 125.8 125.8 125.8 125.8 125.8 125.8 125.8 125.8 125.8 125.8 125.81 125.81 125.81 125.8 125.8 125.8 125.8 125.8 125.8 125.85 127.3 130.4 130.9 130.83 130.79 130.62 130.32 130.12 130.04 130.19 130.03 129.79 127.48 125.99
128.29 127.58 129.42 130.64 130.81 130.83 130.89 131.05 131.1 130.91 130.09 127.72 125.82 125.77 125.77 125.77 125.78 125.78 125.78 125.78 125.78 125.78 125.78 125.78 125.78 125.79 125.79 125.79 125.79 125.79 125.79 125.79 125.79 125.79 125.79 125.79 125.79 125.79 125.8 125.8 125.8 125.8 125.8 125.8 125.8 125.8 125.8 125.8 125.8 125.8 125.8 125.8 125.8 125.8 125.8 125.8 125.8 126.4 129.41 130.92 130.9 130.78 130.74 130.52 130.18 130.05 130.09 130.22 130.04 129.23 126.53 125.88
128.03 127.15 129.83 130.68 130.83 130.86 130.9 131.02 131.05 130.64 129.42 126.93 125.77 125.77 125.77 125.77 125.77 125.77 125.77 125.78 125.78 125.78 125.78 125.78 125.78 125.78 125.78 125.78 125.78 125.79 125.79 125.79 125.79 125.79 125.79 125.79 125.79 125.79 125.79 125.79 125.79 125.79 125.79 125.8 125.8 125.8 125.8 125.8 125.8 125.8 125.8 125.8 125.79 125.8 125.8 125.8 125.93 127.84 130.73 131 130.88 130.73 130.65 130.34 130.07 130.05 130.17 130.28 129.93 127.98 126.04 125.87
127.81 128.4 130.46 130.71 130.82 130.87 130.88 131.01 130.99 130.29 128.68 126.34 125.76 125.77 125.77 125.77 125.77 125.77 125.77 125.77 125.77 125.77 125.77 125.78 125.78 125.78 125.78 125.78 125.78 125.78 125.78 125.78 125.78 125.79 125.79 125.79 125.79 125.79 125.79 125.79 125.79 125.79 125.79 125.79 125.79 125.79 125.79 125.8 125.8 125.8 125.8 125.79 125.79 125.79 125.79 125.82 126.71 129.58 131.03 130.93 130.8 130.67 130.53 130.19 130.04 130.1 130.21 130.24 129.29 126.73 125.89 125.87
127.95 129.91 130.62 130.78 130.86 130.84 130.83 130.92 130.82 130 127.87 125.96 125.76 125.76 125.76 125.76 125.76 125.77 125.77 125.77 125.77 125.77 125.77 125.77 125.77 125.77 125.78 125.78 125.78 125.78 125.78 125.78 125.78 125.78 125.78 125.78 125.78 125.78 125.79 125.79 125.79 125.79 125.79 125.79 125.79 125.79 125.79 125.79 125.79 125.79 125.79 125.79 125.79 125.79 125.79 126.03 128.26 130.65 131 130.82 130.59 130.48 130.3 130.08 130.08 130.17 130.25 130.08 128.13 126.04 125.86 125.86
128.02 130.54 130.57 130.78 130.87 130.82 130.84 130.79 130.59 129.73 127.2 125.8 125.76 125.76 125.76 125.76 125.76 125.76 125.76 125.76 125.76 125.77 125.77 125.77 125.77 125.77 125.77 125.77 125.77 125.77 125.78 125.78 125.78 125.78 125.78 125.78 125.78 125.78 125.78 125.78 125.78 125.78 125.79 125.79 125.79 125.79 125.79 125.79 125.79 125.79 125.79 125.79 125.79 125.79 125.79 126.84 129.92 131.04 131 130.66 130.35 130.19 130.02 130.03 130.12 130.21 130.28 129.59 127 125.88 125.86 125.86
127.37 130.45 130.55 130.78 130.85 130.81 130.84 130.69 130.46 129.74 127.11 125.78 125.75 125.75 125.76 125.76 125.76 125.76 125.76 125.76 125.76 125.76 125.76 125.76 125.77 125.77 125.77 125.77 125.77 125.77 125.77 125.77 125.77 125.77 125.78 125.78 125.78 125.78 125.78 125.78 125.78 125.78 125.78 125.78 125.78 125.78 125.79 125.79 125.79 125.79 125.79 125.79 125.78 125.78 125.87 128.28 130.81 131.09 130.95 130.47 130.13 129.94 129.88 130.05 130.17 130.23 130.21 128.66 126.25 125.86 125.86 125.86
126.96 130.33 130.52 130.72 130.77 130.81 130.79 130.6 130.45 129.64 126.86 125.76 125.75 125.75 125.75 125.75 125.75 125.76 125.76 125.76 125.76 125.76 125.76 125.76 125.76 125.76 125.76 125.76 125.77 125.77 125.77 125.77 125.77 125.77 125.77 125.77 125.77 125.78 125.78 125.78 125.78 125.78 125.78 125.78 125.78 125.78 125.78 125.78 125.78 125.78 125.78 125.78 125.78 125.86 127.02 129.89 131.03 131 130.79 130.3 129.98 129.78 129.84 130.06 130.17 130.26 129.83 127.48 125.93 125.86 125.86 125.86
127.36 130.47 130.51 130.67 130.71 130.76 130.73 130.58 130.5 129.04 126.28 125.75 125.75 125.75 125.75 125.75 125.75 125.75 125.75 125.75 125.75 125.76 125.76 125.76 125.76 125.76 125.76 125.76 125.76 125.76 125.76 125.76 125.76 125.77 125.77 125.77 125.77 125.77 125.77 125.77 125.77 125.78 125.78 125.78 125.78 125.78 125.78 125.78 125.78 125.78 125.78 125.78 125.81 126.73 129.42 130.87 131.01 130.88 130.54 130.13 129.86 129.72 129.88 130.06 130.14 130.23 128.94 126.49 125.86 125.85 125.85 125.85
127.95 130.56 130.52 130.61 130.69 130.72 130.73 130.62 130.47 128.27 125.94 125.75 125.75 125.75 125.75 125.75 125.75 125.75 125.75 125.75 125.75 125.75 125.75 125.75 125.76 125.76 125.76 125.76 125.76 125.76 125.76 125.76 125.76 125.76 125.76 125.76 125.76 125.77 125.77 125.77 125.77 125.77 125.77 125.77 125.77 125.77 125.78 125.78 125.78 125.78 125.78 125.78 126.22 128.61 130.81 131.06 130.95 130.76 130.31 129.93 129.74 129.74 129.92 130.04 130.17 130.09 127.83 126 125.85 125.85 125.85 125.85
129.07 130.6 130.46 130.49 130.68 130.76 130.75 130.67 130.23 127.46 125.81 125.75 125.75 125.75 125.75 125.75 125.75 125.75 125.75 125.75 125.75 125.75 125.75 125.75 125.75 125.75 125.75 125.76 125.76 125.76 125.76 125.76 125.76 125.76 125.76 125.76 125.76 125.76 125.76 125.76 125.77 125.77 125.77 125.77 125.77 125.77 125.77 125.77 125.77 125.77 125.78 125.89 127.46 130.26 131.04 130.98 130.87 130.66 130.13 129.75 129.66 129.73 129.85 130.01 130.22 129.65 126.86 125.88 125.85 125.85 125.85 125.85
130.16 130.54 130.37 130.36 130.65 130.78 130.77 130.7 129.82 126.73 125.75 125.74 125.74 125.75 125.75 125.75 125.75 125.75 125.75 125.75 125.75 125.75 125.75 125.75 125.75 125.75 125.75 125.75 125.75 125.75 125.75 125.76 125.76 125.76 125.76 125.76 125.76 125.76 125.76 125.76 125.76 125.76 125.76 125.76 125.77 125.77 125.77 125.77 125.77 125.77 125.78 126.56 129.21 130.93 131.02 130.98 130.82 130.52 129.98 129.68 129.65 129.7 129.82 130.04 130.14 128.55 126.13 125.85 125.85 125.85 125.85 125.84
