LISFLOOD/dem10.asc
NCOLS 413 
NROWS 307 
XLLCORNER 341179.518085095 
YLLCORNER 4516729.65873464 
CELLSIZE 10 
NODATA_value -9999 
[rows 256 to 287 of 307, columns 216 to 287 of 413]
131.38 131.41 131.39 131.12 130.78 129.93 127.35 125.32 125.22 125.22 125.22 125.22 125.22 125.22 125.23 125.23 125.23 125.23 125.23 125.23 125.23 125.23 125.23 125.23 125.23 125.23 125.23 125.23 125.23 125.23 125.23 125.23 125.23 125.23 125.23 125.23 125.23 125.23 125.23 125.23 125.23 125.23 125.23 125.23 125.23 125.23 125.23 125.23 125.23 125.24 125.24 125.24 125.24 125.24 125.24 125.24 125.24 125.26 127.03 129.69 130.09 128.81 126.12 125.27 125.25 126.53 129.24 129.94 129.8 129.65 129.49 129.45
131.22 131.16 131.09 130.92 130.63 129.5 126.75 125.26 125.22 125.22 125.22 125.22 125.22 125.22 125.22 125.22 125.22 125.22 125.22 125.23 125.23 125.23 125.23 125.23 125.23 125.23 125.23 125.23 125.23 125.23 125.23 125.23 125.23 125.23 125.23 125.23 125.23 125.23 125.23 125.23 125.23 125.23 125.23 125.23 125.23 125.23 125.23 125.23 125.23 125.23 125.23 125.23 125.23 125.24 125.24 125.24 125.24 125.37 127.86 129.99 130.04 127.89 125.59 125.24 125.34 127.72 129.8 129.81 129.62 129.51 129.45 129.44
131.35 131.31 131.1 130.84 130.47 128.99 126.32 125.23 125.22 125.22 125.22 125.22 125.22 125.22 125.22 125.22 125.22 125.22 125.22 125.22 125.22 125.22 125.22 125.22 125.23 125.23 125.23 125.23 125.23 125.23 125.23 125.23 125.23 125.23 125.23 125.23 125.23 125.23 125.23 125.23 125.23 125.23 125.23 125.23 125.23 125.23 125.23 125.23 125.23 125.23 125.23 125.23 125.23 125.23 125.23 125.23 125.24 125.68 128.58 130.12 129.85 126.86 125.34 125.24 125.83 128.87 129.9 129.69 129.46 129.36 129.4 129.42
131.44 131.46 131.17 130.83 130.3 128.45 125.98 125.22 125.22 125.22 125.22 125.22 125.22 125.22 125.22 125.22 125.22 125.22 125.22 125.22 125.22 125.22 125.22 125.22 125.22 125.22 125.22 125.22 125.22 125.23 125.23 125.23 125.23 125.23 125.23 125.23 125.23 125.23 125.23 125.23 125.23 125.23 125.23 125.23 125.23 125.23 125.23 125.23 125.23 125.23 125.23 125.23 125.23 125.23 125.23 125.23 125.24 126.24 129.23 130.24 129.54 126.09 125.25 125.27 126.98 129.57 129.81 129.51 129.25 129.23 129.33 129.35
131.33 131.36 131.08 130.72 130.09 127.95 125.7 125.21 125.21 125.21 125.21 125.22 125.22 125.22 125.22 125.22 125.22 125.22 125.22 125.22 125.22 125.22 125.22 125.22 125.22 125.22 125.22 125.22 125.22 125.22 125.22 125.22 125.22 125.22 125.23 125.23 125.23 125.23 125.23 125.23 125.23 125.23 125.23 125.23 125.23 125.23 125.23 125.23 125.23 125.23 125.23 125.23 125.23 125.23 125.23 125.23 125.33 127.22 129.78 130.32 129.17 125.68 125.24 125.33 128.01 129.8 129.7 129.34 129.03 129.11 129.3 129.3
131.35 131.25 130.92 130.56 129.82 127.38 125.46 125.21 125.21 125.21 125.21 125.21 125.21 125.21 125.21 125.22 125.22 125.22 125.22 125.22 125.22 125.22 125.22 125.22 125.22 125.22 125.22 125.22 125.22 125.22 125.22 125.22 125.22 125.22 125.22 125.22 125.22 125.22 125.23 125.23 125.23 125.23 125.23 125.23 125.23 125.23 125.23 125.23 125.23 125.23 125.23 125.23 125.23 125.23 125.23 125.23 125.61 128.43 130.11 130.32 128.87 125.51 125.23 125.43 128.35 129.75 129.54 129.15 128.91 129.05 129.3 129.3
131.33 131.16 130.8 130.45 129.51 126.86 125.31 125.21 125.21 125.21 125.21 125.21 125.21 125.21 125.21 125.21 125.21 125.21 125.21 125.22 125.22 125.22 125.22 125.22 125.22 125.22 125.22 125.22 125.22 125.22 125.22 125.22 125.22 125.22 125.22 125.22 125.22 125.22 125.22 125.22 125.22 125.22 125.23 125.23 125.23 125.23 125.23 125.23 125.23 125.23 125.23 125.23 125.23 125.23 125.23 125.25 126.24 129.36 130.15 130.28 128.72 125.45 125.23 125.59 128.77 129.73 129.38 129.02 128.86 129.06 129.33 129.3
131.26 131.07 130.76 130.36 129.15 126.43 125.25 125.21 125.21 125.21 125.21 125.21 125.21 125.21 125.21 125.21 125.21 125.21 125.21 125.21 125.21 125.21 125.21 125.22 125.22 125.22 125.22 125.22 125.22 125.22 125.22 125.22 125.22 125.22 125.22 125.22 125.22 125.22 125.22 125.22 125.22 125.22 125.22 125.22 125.22 125.22 125.22 125.23 125.23 125.23 125.23 125.23 125.23 125.23 125.23 125.35 127.23 129.9 130.06 130.25 128.59 125.41 125.23 125.75 128.94 129.67 129.26 128.9 128.87 129.15 129.38 129.32
131.13 130.92 130.69 130.24 128.7 126.09 125.22 125.21 125.21 125.21 125.21 125.21 125.21 125.21 125.21 125.21 125.21 125.21 125.21 125.21 125.21 125.21 125.21 125.21 125.21 125.21 125.21 125.22 125.22 125.22 125.22 125.22 125.22 125.22 125.22 125.22 125.22 125.22 125.22 125.22 125.22 125.22 125.22 125.22 125.22 125.22 125.22 125.22 125.22 125.22 125.23 125.23 125.23 125.23 125.23 125.68 128.42 130.14 129.99 130.13 128.54 125.4 125.23 125.89 129.03 129.65 129.23 128.83 128.9 129.21 129.29 129.3
131.03 130.79 130.55 130.07 128.26 125.92 125.21 125.21 125.21 125.21 125.21 125.21 125.21 125.21 125.21 125.21 125.21 125.21 125.21 125.21 125.21 125.21 125.21 125.21 125.21 125.21 125.21 125.21 125.21 125.21 125.21 125.22 125.22 125.22 125.22 125.22 125.22 125.22 125.22 125.22 125.22 125.22 125.22 125.22 125.22 125.22 125.22 125.22 125.22 125.22 125.22 125.22 125.22 125.22 125.26 126.4 129.5 130.21 129.91 129.96 128.41 125.41 125.23 125.93 129 129.73 129.32 128.83 128.94 129.29 129.31 129.27
130.94 130.7 130.4 129.83 127.8 125.77 125.21 125.21 125.21 125.21 125.21 125.21 125.21 125.21 125.21 125.21 125.21 125.21 125.21 125.21 125.21 125.21 125.21 125.21 125.21 125.21 125.21 125.21 125.21 125.21 125.21 125.21 125.21 125.21 125.21 125.22 125.22 125.22 125.22 125.22 125.22 125.22 125.22 125.22 125.22 125.22 125.22 125.22 125.22 125.22 125.22 125.22 125.22 125.22 125.33 127.28 130.08 130.13 129.76 129.83 127.92 125.35 125.23 125.92 129.06 129.79 129.45 128.89 129.01 129.28 129.3 129.25
130.84 130.62 130.29 129.51 127.26 125.53 125.21 125.21 125.21 125.21 125.21 125.21 125.21 125.21 125.21 125.21 125.21 125.21 125.21 125.21 125.21 125.21 125.21 125.21 125.21 125.21 125.21 125.21 125.21 125.21 125.21 125.21 125.21 125.21 125.21 125.21 125.21 125.21 125.21 125.21 125.22 125.22 125.22 125.22 125.22 125.22 125.22 125.22 125.22 125.22 125.22 125.22 125.22 125.22 125.45 127.98 130.18 130.04 129.66 129.66 127.24 125.27 125.23 125.9 129.14 129.75 129.42 128.93 129.06 129.3 129.29 129.25
130.8 130.57 130.16 129.15 126.76 125.35 125.21 125.21 125.21 125.21 125.21 125.21 125.21 125.21 125.21 125.21 125.21 125.21 125.21 125.21 125.21 125.21 125.21 125.21 125.21 125.21 125.21 125.21 125.21 125.21 125.21 125.21 125.21 125.21 125.21 125.21 125.21 125.21 125.21 125.21 125.21 125.21 125.21 125.21 125.22 125.22 125.22 125.22 125.22 125.22 125.22 125.22 125.22 125.22 125.63 128.49 130.12 130.02 129.72 129.61 127.07 125.25 125.22 125.79 129.1 129.71 129.32 128.93 129.12 129.3 129.29 129.2
130.78 130.52 130.03 128.74 126.39 125.29 125.2 125.2 125.21 125.21 125.21 125.21 125.21 125.21 125.21 125.21 125.21 125.21 125.21 125.21 125.21 125.21 125.21 125.21 125.21 125.21 125.21 125.21 125.21 125.21 125.21 125.21 125.21 125.21 125.21 125.21 125.21 125.21 125.21 125.21 125.21 125.21 125.21 125.21 125.21 125.21 125.21 125.21 125.22 125.22 125.22 125.22 125.22 125.23 125.98 128.92 129.99 129.94 129.76 129.63 127.24 125.26 125.22 125.79 129.06 129.74 129.3 128.9 129.15 129.33 129.36 129.19
130.73 130.39 129.87 128.19 126.07 125.25 125.2 125.2 125.2 125.2 125.2 125.2 125.2 125.21 125.21 125.21 125.21 125.21 125.21 125.21 125.21 125.21 125.21 125.21 125.21 125.21 125.21 125.21 125.21 125.21 125.21 125.21 125.21 125.21 125.21 125.21 125.21 125.21 125.21 125.21 125.21 125.21 125.21 125.21 125.21 125.21 125.21 125.21 125.21 125.21 125.21 125.21 125.22 125.29 126.67 129.38 129.85 129.82 129.73 129.66 127.49 125.29 125.22 125.83 129.11 129.71 129.19 128.89 129.22 129.38 129.33 129.21
130.61 130.21 129.59 127.63 125.86 125.23 125.2 125.2 125.2 125.2 125.2 125.2 125.2 125.2 125.2 125.2 125.2 125.2 125.2 125.2 125.21 125.21 125.21 125.21 125.21 125.21 125.21 125.21 125.21 125.21 125.21 125.21 125.21 125.21 125.21 125.21 125.21 125.21 125.21 125.21 125.21 125.21 125.21 125.21 125.21 125.21 125.21 125.21 125.21 125.21 125.21 125.21 125.21 125.43 127.61 129.75 129.86 129.89 129.85 129.83 127.63 125.32 125.22 125.73 128.82 129.6 129.09 128.9 129.31 129.42 129.29 129.16
130.52 130.06 129.08 127.04 125.7 125.22 125.2 125.2 125.2 125.2 125.2 125.2 125.2 125.2 125.2 125.2 125.2 125.2 125.2 125.2 125.2 125.2 125.2 125.2 125.2 125.2 125.21 125.21 125.21 125.21 125.21 125.21 125.21 125.21 125.21 125.21 125.21 125.21 125.21 125.21 125.21 125.21 125.21 125.21 125.21 125.21 125.21 125.21 125.21 125.21 125.21 125.21 125.21 125.7 128.38 129.9 129.91 129.94 129.98 129.94 127.81 125.36 125.22 125.57 128.41 129.48 129.02 128.88 129.33 129.44 129.28 129.11
130.45 129.91 128.41 126.33 125.4 125.2 125.2 125.2 125.2 125.2 125.2 125.2 125.2 125.2 125.2 125.2 125.2 125.2 125.2 125.2 125.2 125.2 125.2 125.2 125.2 125.2 125.2 125.2 125.2 125.2 125.2 125.2 125.2 125.2 125.2 125.21 125.21 125.21 125.21 125.21 125.21 125.21 125.21 125.21 125.21 125.21 125.21 125.21 125.21 125.21 125.21 125.21 125.22 126.16 129.1 130.04 129.9 129.92 129.97 129.94 128.19 125.51 125.21 125.45 127.93 129.46 129.1 128.93 129.32 129.6 129.43 129.09
130.32 129.74 127.82 125.78 125.22 125.2 125.2 125.2 125.2 125.2 125.2 125.2 125.2 125.2 125.2 125.2 125.2 125.2 125.2 125.2 125.2 125.2 125.2 125.2 125.2 125.2 125.2 125.2 125.2 125.2 125.2 125.2 125.2 125.2 125.2 125.2 125.2 125.2 125.2 125.2 125.2 125.21 125.21 125.21 125.21 125.21 125.21 125.21 125.21 125.21 125.21 125.21 125.27 126.85 129.64 130.05 129.87 129.85 129.93 130.02 128.97 125.94 125.21 125.33 127.2 129.29 129.17 128.98 129.31 129.57 129.41 129.07
130.14 129.57 127.38 125.54 125.2 125.19 125.2 125.2 125.2 125.2 125.2 125.2 125.2 125.2 125.2 125.2 125.2 125.2 125.2 125.2 125.2 125.2 125.2 125.2 125.2 125.2 125.2 125.2 125.2 125.2 125.2 125.2 125.2 125.2 125.2 125.2 125.2 125.2 125.2 125.2 125.2 125.2 125.2 125.2 125.2 125.2 125.21 125.21 125.21 125.21 125.21 125.21 125.38 127.72 129.98 129.99 129.76 129.76 130.03 130.15 129.61 126.63 125.24 125.25 126.39 128.86 129.21 129.01 129.31 129.54 129.38 129
130.01 129.33 126.91 125.4 125.19 125.19 125.19 125.19 125.19 125.19 125.2 125.2 125.2 125.2 125.2 125.2 125.2 125.2 125.2 125.2 125.2 125.2 125.2 125.2 125.2 125.2 125.2 125.2 125.2 125.2 125.2 125.2 125.2 125.2 125.2 125.2 125.2 125.2 125.2 125.2 125.2 125.2 125.2 125.2 125.2 125.2 125.2 125.2 125.2 125.2 125.2 125.2 125.59 128.37 130.01 129.85 129.66 129.7 130 130.05 129.93 127.69 125.33 125.21 125.68 128.11 129.32 129.1 129.31 129.54 129.24 128.89
129.88 128.99 126.51 125.3 125.19 125.19 125.19 125.19 125.19 125.19 125.19 125.19 125.19 125.19 125.19 125.2 125.2 125.2 125.2 125.2 125.2 125.2 125.2 125.2 125.2 125.2 125.2 125.2 125.2 125.2 125.2 125.2 125.2 125.2 125.2 125.2 125.2 125.2 125.2 125.2 125.2 125.2 125.2 125.2 125.2 125.2 125.2 125.2 125.2 125.2 125.2 125.21 126.06 129.19 130.13 129.82 129.62 129.63 129.85 129.91 130.03 128.93 125.67 125.21 125.32 127 129.17 129.2 129.34 129.47 129.11 128.82
129.72 128.46 126.01 125.23 125.19 125.19 125.19 125.19 125.19 125.19 125.19 125.19 125.19 125.19 125.19 125.19 125.19 125.19 125.19 125.2 125.2 125.2 125.2 125.2 125.2 125.2 125.2 125.2 125.2 125.2 125.2 125.2 125.2 125.2 125.2 125.2 125.2 125.2 125.2 125.2 125.2 125.2 125.2 125.2 125.2 125.2 125.2 125.2 125.2 125.2 125.2 125.26 126.93 129.82 130.19 129.81 129.61 129.57 129.74 129.87 130 129.62 126.54 125.24 125.22 125.88 128.43 129.21 129.35 129.41 129.11 128.8
129.5 127.66 125.47 125.19 125.19 125.19 125.19 125.19 125.19 125.19 125.19 125.19 125.19 125.19 125.19 125.19 125.19 125.19 125.19 125.19 125.19 125.19 125.19 125.2 125.2 125.2 125.2 125.2 125.19 125.19 125.2 125.2 125.2 125.2 125.2 125.2 125.2 125.2 125.2 125.2 125.2 125.2 125.2 125.2 125.2 125.2 125.2 125.2 125.2 125.2 125.2 125.49 128.26 130.23 130.23 129.86 129.6 129.45 129.59 129.89 129.96 129.93 128.05 125.46 125.2 125.34 127.09 128.88 129.29 129.39 129.16 128.81
129.15 126.77 125.27 125.19 125.19 125.19 125.19 125.19 125.19 125.19 125.19 125.19 125.19 125.19 125.19 125.19 125.19 125.19 125.19 125.19 125.19 125.19 125.19 125.19 125.19 125.19 125.19 125.19 125.19 125.19 125.19 125.19 125.19 125.19 125.19 125.19 125.19 125.2 125.2 125.2 125.2 125.2 125.2 125.2 125.2 125.2 125.2 125.2 125.2 125.2 125.21 126.07 129.47 130.4 130.25 129.91 129.57 129.34 129.35 129.74 129.91 130.02 129.39 126.46 125.26 125.21 125.94 128.01 129.11 129.45 129.22 128.82
128.73 126.19 125.21 125.19 125.19 125.19 125.19 125.19 125.19 125.19 125.19 125.19 125.19 125.19 125.19 125.19 125.19 125.19 125.19 125.19 125.19 125.19 125.19 125.19 125.19 125.19 125.19 125.19 125.19 125.19 125.19 125.19 125.19 125.19 125.19 125.19 125.19 125.19 125.19 125.19 125.19 125.19 125.2 125.2 125.2 125.2 125.2 125.2 125.2 125.2 125.28 127.05 129.95 130.37 130.15 129.88 129.54 129.31 129.33 129.52 129.81 129.93 129.89 128.21 125.69 125.2 125.4 126.84 128.62 129.52 129.27 128.76
128.33 125.91 125.2 125.18 125.18 125.19 125.19 125.19 125.19 125.19 125.19 125.19 125.19 125.19 125.19 125.19 125.19 125.19 125.19 125.19 125.19 125.19 125.19 125.19 125.19 125.19 125.19 125.19 125.19 125.19 125.19 125.19 125.19 125.19 125.19 125.19 125.19 125.19 125.19 125.19 125.19 125.19 125.19 125.19 125.19 125.19 125.19 125.2 125.2 125.2 125.52 128.45 130.26 130.3 130.1 129.89 129.5 129.31 129.34 129.34 129.71 130.02 130.05 129.31 126.89 125.33 125.24 125.84 127.59 129.31 129.25 128.66
127.72 125.39 125.18 125.18 125.18 125.18 125.18 125.18 125.18 125.18 125.18 125.18 125.19 125.19 125.19 125.19 125.19 125.19 125.19 125.19 125.19 125.19 125.19 125.19 125.19 125.19 125.19 125.19 125.19 125.19 125.19 125.19 125.19 125.19 125.19 125.19 125.19 125.19 125.19 125.19 125.19 125.19 125.19 125.19 125.19 125.19 125.19 125.19 125.19 125.19 125.9 129.22 130.42 130.32 130.05 129.8 129.49 129.38 129.31 129.2 129.56 129.96 129.98 129.87 128.47 126.04 125.21 125.33 126.28 128.49 129.22 128.67
127.24 125.31 125.18 125.18 125.18 125.18 125.18 125.18 125.18 125.18 125.18 125.18 125.18 125.18 125.18 125.18 125.18 125.18 125.18 125.19 125.19 125.19 125.19 125.19 125.19 125.19 125.19 125.19 125.19 125.19 125.19 125.19 125.19 125.19 125.19 125.19 125.19 125.19 125.19 125.19 125.19 125.19 125.19 125.19 125.19 125.19 125.19 125.19 125.19 125.22 126.63 129.78 130.36 130.25 129.92 129.72 129.41 129.38 129.19 129.05 129.39 129.79 129.93 130.08 129.46 127.59 125.45 125.21 125.44 127.13 129 128.78
126.67 125.39 125.18 125.18 125.18 125.18 125.18 125.18 125.18 125.18 125.18 125.18 125.18 125.18 125.18 125.18 125.18 125.18 125.18 125.18 125.18 125.18 125.18 125.18 125.18 125.18 125.18 125.18 125.19 125.19 125.19 125.19 125.19 125.19 125.19 125.19 125.19 125.19 125.19 125.19 125.19 125.19 125.19 125.19 125.19 125.19 125.19 125.19 125.19 125.33 127.59 130.12 130.26 130.11 129.83 129.56 129.19 129.25 129.01 128.94 129.23 129.55 129.79 130.1 129.88 128.85 126.38 125.31 125.21 126 128.4 128.9
125.98 125.22 125.18 125.18 125.18 125.18 125.18 125.18 125.18 125.18 125.18 125.18 125.18 125.18 125.18 125.18 125.18 125.18 125.18 125.18 125.18 125.18 125.18 125.18 125.18 125.18 125.18 125.18 125.18 125.18 125.18 125.18 125.18 125.19 125.19 125.19 125.19 125.19 125.19 125.19 125.19 125.19 125.19 125.19 125.19 125.19 125.19 125.19 125.19 125.62 128.5 130.3 130.26 129.99 129.81 129.51 129.15 129.17 128.93 128.88 129.18 129.53 129.63 129.95 129.98 129.44 127.83 125.71 125.19 125.47 127.57 128.91
125.6 125.18 125.18 125.18 125.18 125.18 125.18 125.18 125.18 125.18 125.18 125.18 125.18 125.18 125.18 125.18 125.18 125.18 125.18 125.18 125.18 125.18 125.18 125.18 125.18 125.18 125.18 125.18 125.18 125.18 125.18 125.18 125.18 125.18 125.18 125.18 125.18 125.19 125.19 125.19 125.19 125.19 125.19 125.19 125.19 125.19 125.19 125.19 125.2 126.17 129.21 130.29 130.25 130.03 129.83 129.5 129.14 129.11 128.91 128.88 129.22 129.54 129.49 129.76 129.93 129.75 128.84 126.29 125.21 125.29 126.74 128.79
