LISFLOOD/dem10.asc
NCOLS 400 
NROWS 288 
XLLCORNER 341244.004906891 
YLLCORNER 4516825.80519417 
CELLSIZE 10 
NODATA_value -9999 
[rows 96 to 127 of 288, columns 72 to 143 of 400]
143.83 143.82 143.95 144.14 144.27 144.56 144.82 145.08 145.36 145.69 146.02 146.32 146.7 146.77 146.86 148.02 148.26 148.32 148.3 148.29 148.29 148.29 148.29 148.29 148.3 148.17 147.84 147.73 147.79 147.84 147.8 147.77 147.7 147.39 146.78 146.03 145.17 144.92 144.82 144.55 143.87 142.51 142.14 142.05 141.92 141.69 141.18 140.12 138.65 137.39 137.12 137.18 137.21 137.18 137.1 137.03 136.93 136.79 136.62 136.14 135.76 135.95 136.12 136.02 135.76 135.66 135.69 135.74 135.58 135.45 135.57 135.59
143.69 143.69 143.78 143.94 144.12 144.39 144.67 145.03 145.33 145.58 145.85 146.17 146.54 146.62 146.72 147.92 148.23 148.31 148.31 148.31 148.29 148.29 148.3 148.31 148.29 148.13 147.87 147.75 147.75 147.8 147.79 147.75 147.66 147.35 146.73 145.98 145.17 144.86 144.75 144.51 143.82 142.38 141.86 141.7 141.55 141.35 140.92 140.1 138.89 137.66 137.04 137.02 137.03 136.94 136.88 136.88 136.82 136.71 136.57 136.15 135.79 135.96 136.12 136.02 135.73 135.68 135.66 135.6 135.35 135.37 135.53 135.48
143.53 143.52 143.56 143.71 143.98 144.27 144.56 144.91 145.16 145.38 145.63 145.93 146.23 146.37 146.53 147.72 148.18 148.27 148.31 148.32 148.31 148.31 148.32 148.32 148.27 148.11 147.92 147.78 147.75 147.78 147.77 147.72 147.57 147.21 146.58 145.88 145.11 144.75 144.6 144.41 143.8 142.44 141.76 141.51 141.28 141.05 140.72 140.21 139.41 138.42 137.57 137.16 136.99 136.86 136.76 136.68 136.63 136.54 136.42 136.1 135.81 135.96 136.09 136.01 135.68 135.62 135.62 135.43 135.21 135.32 135.46 135.35
143.49 143.44 143.41 143.55 143.84 144.1 144.31 144.6 144.8 144.98 145.26 145.65 146.02 146.21 146.27 146.9 147.4 147.65 147.83 147.94 148 148.04 148.06 148.05 147.97 147.85 147.76 147.71 147.71 147.73 147.69 147.56 147.27 146.8 146.19 145.56 144.92 144.6 144.44 144.25 143.84 142.92 142.13 141.68 141.25 140.83 140.48 140.14 139.69 139.2 138.77 138.36 137.99 137.68 137.41 137.12 136.86 136.59 136.31 135.99 135.81 135.86 135.9 135.82 135.58 135.5 135.47 135.24 135.13 135.24 135.26 135.15
143.53 143.47 143.41 143.46 143.63 143.74 144.05 144.3 144.32 144.47 144.85 145.34 145.78 146.01 146.04 146.34 146.73 147.01 147.26 147.5 147.68 147.75 147.77 147.78 147.69 147.56 147.6 147.66 147.72 147.73 147.65 147.43 146.91 146.36 145.85 145.32 144.76 144.55 144.47 144.31 144 143.41 142.73 142.1 141.41 140.81 140.39 139.96 139.53 139.27 139.05 138.77 138.39 137.91 137.57 137.22 136.91 136.66 136.38 136.04 135.84 135.78 135.71 135.58 135.42 135.33 135.22 135.07 135.08 135.19 135.12 134.96
143.55 143.45 143.32 143.23 143.22 143.3 143.68 143.8 143.84 144.16 144.66 145.03 145.41 145.69 145.77 146.19 146.57 146.72 146.91 147.26 147.58 147.7 147.77 147.79 147.66 147.43 147.57 147.72 147.84 147.82 147.67 147.38 146.67 146.15 145.84 145.45 144.81 144.63 144.84 144.83 144.48 143.49 142.52 141.85 140.99 140.4 140.23 139.87 139.4 139.3 139.42 139.24 138.41 137.38 137.13 136.91 136.69 136.64 136.53 136.19 135.91 135.96 135.87 135.54 135.34 135.27 135.12 135 134.97 134.99 134.93 134.82
143.47 143.36 143.15 142.92 142.88 142.85 143.07 143.23 143.38 143.87 144.56 144.97 145.14 145.31 145.43 146.01 146.47 146.63 146.77 147.08 147.52 147.72 147.86 147.89 147.69 147.31 147.49 147.72 147.88 147.85 147.6 147.14 146.3 145.91 145.75 145.35 144.74 144.63 145 145.09 144.65 143.34 142.3 141.65 140.85 140.21 140 139.65 139.26 139.21 139.27 139.07 138.12 137.13 136.93 136.81 136.62 136.5 136.37 136.14 135.95 136.06 135.92 135.5 135.41 135.47 135.19 135.01 134.95 134.85 134.76 134.66
143.48 143.24 142.99 142.79 142.74 142.51 142.48 142.86 143.12 143.58 144.41 144.89 144.99 144.97 145.07 145.75 146.3 146.55 146.71 146.97 147.39 147.63 147.85 147.84 147.59 147.15 147.32 147.57 147.68 147.62 147.3 146.74 146.02 145.82 145.72 145.28 144.65 144.52 144.84 144.94 144.42 142.97 142.04 141.51 140.94 140.31 139.91 139.45 139.12 139.04 139.04 138.88 138.08 137.16 136.93 136.8 136.65 136.62 136.49 136.18 135.97 136.04 135.86 135.52 135.45 135.45 135.16 135.05 135.02 134.89 134.7 134.59
143.56 143.23 142.94 142.71 142.45 142.09 142.03 142.38 142.77 143.3 144.07 144.58 144.79 144.69 144.79 145.54 146.12 146.42 146.63 146.9 147.24 147.49 147.6 147.54 147.34 146.96 147.1 147.25 147.25 147.14 146.82 146.31 145.83 145.75 145.68 145.25 144.53 144.31 144.41 144.41 143.85 142.55 141.78 141.25 140.76 140.22 139.99 139.62 139.07 139 139.03 138.86 138.14 137.16 136.9 136.79 136.68 136.63 136.49 136.21 136.01 136.05 135.92 135.63 135.47 135.29 135.06 135.04 135.01 134.9 134.69 134.69
143.55 143.26 142.9 142.59 142.15 141.87 141.87 142 142.47 143.04 143.6 144.09 144.48 144.47 144.6 145.34 145.95 146.26 146.5 146.77 147.08 147.32 147.23 147.15 147.05 146.74 146.85 146.93 146.91 146.75 146.42 145.98 145.68 145.58 145.51 145.09 144.33 144.04 143.98 143.82 143.31 142.25 141.55 141.05 140.54 140.08 139.92 139.54 138.95 138.93 139.06 138.87 138.06 137.14 136.86 136.75 136.68 136.54 136.45 136.26 136.06 136.15 136.08 135.72 135.45 135.23 135.08 135.05 134.98 134.87 134.77 134.88
143.54 143.2 142.81 142.47 142.03 141.81 141.75 141.82 142.32 142.86 143.28 143.69 144.14 144.3 144.43 145.12 145.75 146.11 146.4 146.64 146.9 147.07 146.99 146.9 146.83 146.52 146.64 146.82 146.86 146.57 146.16 145.73 145.36 145.1 144.99 144.73 144.1 143.84 143.96 143.68 142.89 142.03 141.44 140.94 140.44 140.09 140.01 139.61 138.88 138.83 139.09 138.58 137.62 137.11 136.91 136.81 136.76 136.6 136.5 136.3 136.09 136.21 136.21 135.81 135.47 135.29 135.17 135.1 135.04 134.96 135.01 135.14
143.51 143.05 142.66 142.34 141.93 141.72 141.59 141.76 142.34 142.94 143.28 143.59 143.95 144.13 144.26 144.9 145.54 145.95 146.24 146.46 146.63 146.71 146.78 146.73 146.62 146.33 146.48 146.74 146.78 146.37 145.83 145.32 144.64 144.3 144.27 144.15 143.77 143.64 143.87 143.38 142.37 141.78 141.32 140.89 140.45 140.07 139.96 139.52 138.78 138.68 138.79 138.17 137.41 137.17 137.01 136.94 136.92 136.8 136.63 136.38 136.12 136.23 136.27 135.89 135.55 135.43 135.33 135.21 135.15 135.12 135.22 135.4
143.32 142.86 142.52 142.25 141.84 141.59 141.45 141.72 142.38 143.05 143.41 143.64 143.83 143.93 144.09 144.71 145.31 145.73 145.97 146.14 146.3 146.36 146.48 146.5 146.41 146.13 146.31 146.52 146.5 146.11 145.54 144.7 143.96 143.84 143.86 143.74 143.48 143.42 143.77 143.7 143 141.75 141.07 140.67 140.22 139.93 139.9 139.45 138.67 138.55 138.62 137.99 137.37 137.14 137.04 136.95 136.95 136.92 136.76 136.47 136.16 136.24 136.25 135.95 135.69 135.6 135.51 135.38 135.28 135.29 135.33 135.52
142.87 142.63 142.39 142.18 141.74 141.47 141.32 141.67 142.4 143.1 143.48 143.68 143.76 143.75 143.9 144.52 145.06 145.43 145.67 145.8 145.98 146.08 146.16 146.24 146.18 145.93 146.18 146.38 146.32 146.11 145.4 144.26 143.78 143.78 143.85 143.72 143.3 143.14 143.39 143.5 143.01 141.54 140.77 140.41 140.01 139.74 139.66 139.23 138.54 138.46 138.52 138.05 137.43 137.1 137.01 136.9 136.87 136.85 136.73 136.49 136.19 136.26 136.22 135.97 135.79 135.71 135.63 135.49 135.43 135.48 135.49 135.59
142.69 142.47 142.28 142.08 141.63 141.36 141.22 141.6 142.4 143.12 143.49 143.67 143.69 143.59 143.71 144.31 144.77 145.14 145.36 145.48 145.63 145.74 145.8 145.92 145.93 145.73 146.07 146.42 146.39 146.23 145.33 144.15 143.68 143.67 143.7 143.57 143.07 142.77 142.47 142.2 141.8 141.13 140.58 140.19 139.79 139.52 139.26 138.78 138.35 138.33 138.37 138.17 137.73 137.29 137.06 136.88 136.84 136.85 136.77 136.55 136.23 136.28 136.19 135.95 135.82 135.77 135.7 135.55 135.58 135.66 135.72 135.77
142.66 142.4 142.2 141.97 141.52 141.23 141.08 141.5 142.35 143.11 143.51 143.65 143.61 143.41 143.51 144.08 144.47 144.8 144.99 145.09 145.22 145.32 145.41 145.55 145.62 145.49 145.84 146.32 146.33 146.17 145.04 143.8 143.34 143.33 143.37 143.17 142.75 142.49 142.11 141.91 141.46 140.86 140.45 140.05 139.7 139.41 139.07 138.55 138.23 138.22 138.3 138.24 137.94 137.42 137.11 136.9 136.85 136.88 136.85 136.62 136.27 136.28 136.18 135.96 135.85 135.79 135.74 135.63 135.7 135.83 135.93 135.99
142.64 142.33 142.12 141.87 141.41 141.13 140.94 141.35 142.19 143 143.45 143.56 143.46 143.22 143.32 143.76 144.06 144.3 144.47 144.61 144.73 144.82 144.95 145.14 145.24 145.18 145.48 145.87 145.84 145.6 144.52 143.42 142.92 142.83 142.83 142.68 142.39 142.19 141.88 141.69 141.2 140.6 140.23 139.88 139.57 139.27 138.9 138.44 138.12 138.04 138.07 137.99 137.76 137.36 137.09 136.92 136.84 136.8 136.76 136.55 136.29 136.3 136.22 136.09 135.98 135.89 135.81 135.79 135.87 136.01 136.11 136.14
142.58 142.26 142.05 141.78 141.33 141.02 140.85 141.1 141.78 142.5 142.96 143.14 143.12 142.99 143.13 143.46 143.68 143.86 144.02 144.19 144.33 144.46 144.61 144.74 144.81 144.81 144.85 144.75 144.48 144.12 143.54 142.97 142.6 142.42 142.32 142.17 142 141.86 141.56 141.23 140.83 140.44 140.1 139.76 139.44 139.1 138.76 138.39 138.03 137.88 137.83 137.7 137.5 137.26 137.04 136.91 136.83 136.79 136.72 136.52 136.32 136.32 136.29 136.24 136.21 136.12 136.02 136.03 136.12 136.2 136.31 136.21
142.5 142.17 141.97 141.72 141.28 140.91 140.76 140.82 141.26 141.81 142.29 142.63 142.77 142.73 142.95 143.36 143.59 143.75 143.94 144.15 144.35 144.6 144.73 144.75 144.67 144.53 144.52 144.41 144.24 143.97 143.35 142.74 142.48 142.43 142.46 142.14 141.77 141.58 141.23 141.04 140.54 140.26 139.99 139.53 139.22 138.96 138.77 138.46 137.95 137.84 137.9 137.78 137.55 137.21 136.96 136.83 136.83 136.88 136.84 136.63 136.39 136.42 136.4 136.27 136.26 136.29 136.26 136.26 136.32 136.33 136.4 136.28
142.45 142.13 141.92 141.7 141.22 140.78 140.62 140.64 141 141.45 142.01 142.45 142.58 142.47 142.73 143.27 143.55 143.68 143.87 144.16 144.42 144.77 144.91 144.82 144.57 144.26 144.29 144.39 144.34 144.1 143.24 142.63 142.47 142.46 142.5 142.11 141.47 141.25 140.99 140.95 140.4 140.14 139.88 139.24 138.91 138.82 138.75 138.44 137.83 137.77 137.84 137.69 137.43 137.08 136.85 136.73 136.72 136.79 136.81 136.66 136.45 136.58 136.54 136.14 136.07 136.22 136.35 136.37 136.37 136.35 136.35 136.26
142.39 142.1 141.88 141.67 141.13 140.64 140.48 140.56 140.98 141.41 142 142.42 142.48 142.23 142.44 143.08 143.44 143.56 143.71 144.08 144.37 144.69 144.82 144.71 144.41 143.99 144.04 144.29 144.23 143.9 143.12 142.61 142.47 142.45 142.49 141.97 141.13 140.9 140.59 140.46 140.07 139.82 139.5 138.9 138.64 138.62 138.55 138.27 137.69 137.65 137.68 137.46 137.1 136.85 136.73 136.66 136.58 136.64 136.72 136.69 136.5 136.62 136.57 136 135.88 136.1 136.32 136.38 136.39 136.38 136.35 136.28
142.33 142.02 141.8 141.6 141 140.51 140.35 140.45 140.89 141.36 141.96 142.31 142.31 141.98 142.13 142.73 143.09 143.24 143.46 143.9 144.2 144.41 144.46 144.34 144.03 143.66 143.69 143.84 143.78 143.49 142.96 142.52 142.3 142.2 142.1 141.53 140.76 140.56 140.03 139.78 139.62 139.45 139.08 138.63 138.44 138.46 138.41 138.13 137.57 137.54 137.63 137.39 136.95 136.72 136.65 136.61 136.56 136.66 136.8 136.81 136.55 136.64 136.52 135.97 135.88 136.08 136.3 136.35 136.34 136.35 136.41 136.37
142.24 141.89 141.65 141.45 140.84 140.39 140.25 140.3 140.68 141.22 141.89 142.19 142.08 141.69 141.8 142.27 142.59 142.78 143.07 143.49 143.82 144.08 144.22 144.18 143.81 143.37 143.33 143.31 143.15 142.93 142.59 142.07 141.5 141.17 140.98 140.67 140.34 140.23 139.67 139.39 139.31 139.1 138.79 138.47 138.3 138.34 138.31 138.03 137.44 137.42 137.57 137.37 136.96 136.72 136.61 136.6 136.61 136.76 136.85 136.83 136.59 136.6 136.41 136.04 135.93 136.08 136.29 136.31 136.25 136.3 136.47 136.41
141.95 141.73 141.49 141.28 140.68 140.28 140.18 140.14 140.45 141.02 141.75 142.04 141.84 141.4 141.49 141.94 142.27 142.37 142.52 142.93 143.26 143.66 143.89 143.9 143.49 143.08 143.12 143.13 142.8 142.51 142.08 141.42 140.95 140.79 140.67 140.39 140.06 139.96 139.84 139.58 139.18 138.73 138.47 138.29 138.16 138.14 138.11 137.88 137.32 137.32 137.51 137.38 136.98 136.72 136.55 136.56 136.66 136.86 136.91 136.85 136.61 136.52 136.4 136.21 136.08 136.11 136.25 136.23 136.18 136.26 136.47 136.37
141.13 141.35 141.35 141.14 140.55 140.17 140.12 140 140.23 140.76 141.45 141.68 141.49 141.09 141.17 141.62 141.91 141.96 142.14 142.44 142.72 143.24 143.59 143.65 143.16 142.72 142.69 142.25 142.02 141.85 141.41 140.87 140.69 140.68 140.61 140.32 139.81 139.65 139.93 139.8 139.12 138.4 138.2 138.11 137.99 137.94 137.95 137.73 137.19 137.19 137.37 137.27 136.89 136.64 136.44 136.44 136.61 136.85 136.94 136.85 136.63 136.48 136.36 136.24 136.1 136.09 136.13 136.13 136.13 136.21 136.32 136.24
140.36 140.75 141.17 141.02 140.4 140.02 140.09 139.87 140.03 140.46 141.03 141.25 141.13 140.78 140.87 141.31 141.53 141.6 141.79 141.97 142.2 142.64 142.97 143.1 142.72 142.24 142.02 141.3 141.29 141.25 140.88 140.44 140.49 140.59 140.53 140.19 139.53 139.29 139.48 139.44 138.88 138.21 138.05 138 137.86 137.78 137.78 137.55 137.07 137.06 137.16 137.1 136.82 136.63 136.39 136.4 136.54 136.73 136.85 136.78 136.62 136.49 136.34 136.17 136.01 135.98 135.98 136.02 136.02 136.06 136.05 136.02
140.09 140.3 140.95 140.88 140.26 139.86 140.05 139.79 139.88 140.15 140.7 141 140.91 140.51 140.59 141.11 141.33 141.35 141.4 141.53 141.7 141.91 142.09 142.2 142.04 141.68 141.55 141.15 141.16 141.11 140.8 140.13 140.13 140.25 140.22 139.85 139.18 138.95 139.03 139 138.66 138.11 137.95 137.91 137.77 137.69 137.67 137.43 136.97 136.95 137.07 137.13 136.94 136.8 136.43 136.41 136.51 136.65 136.73 136.71 136.6 136.57 136.45 136.26 136.04 136 135.91 135.89 135.94 136.15 136.04 136.01
140.04 140.25 140.82 140.71 140.14 139.73 139.98 139.72 139.73 139.83 140.3 140.64 140.58 140.21 140.28 140.81 141.11 141.14 141.08 141.17 141.44 141.66 141.89 141.98 141.66 141.14 141.1 141 140.95 140.8 140.46 139.77 139.54 139.42 139.33 139.15 138.77 138.6 138.76 138.75 138.46 137.95 137.76 137.7 137.6 137.6 137.59 137.37 136.88 136.82 136.95 137.05 136.93 136.84 136.4 136.35 136.45 136.58 136.69 136.66 136.56 136.54 136.46 136.3 136.15 136.15 136.04 135.91 135.93 136.13 136 135.93
140.23 140.53 140.74 140.5 139.95 139.59 139.83 139.59 139.56 139.59 139.83 140 139.98 139.87 139.93 140.23 140.42 140.49 140.5 140.62 140.79 140.88 140.96 140.96 140.77 140.48 140.4 140.23 140.01 139.73 139.45 139.16 138.93 138.75 138.6 138.51 138.35 138.27 138.3 138.25 138.03 137.7 137.53 137.42 137.33 137.31 137.26 137.09 136.73 136.66 136.69 136.71 136.62 136.59 136.28 136.27 136.36 136.48 136.57 136.56 136.48 136.44 136.38 136.28 136.2 136.12 136.01 135.94 135.94 135.99 135.87 135.81
140.63 140.82 140.8 140.49 139.77 139.4 139.62 139.47 139.46 139.44 139.53 139.61 139.62 139.63 139.66 139.76 139.87 139.98 140.07 140.13 140.19 140.24 140.31 140.32 140.18 140 139.97 139.75 139.53 139.31 139.04 138.83 138.65 138.48 138.37 138.31 138.17 138.07 138.04 137.98 137.82 137.5 137.29 137.18 137.1 137.03 136.96 136.81 136.58 136.55 136.58 136.54 136.41 136.3 136.14 136.15 136.22 136.31 136.4 136.44 136.42 136.43 136.33 136.23 136.11 135.98 135.88 135.84 135.78 135.76 135.71 135.73
141.02 141.07 141.18 140.77 139.81 139.37 139.61 139.44 139.38 139.36 139.56 139.82 139.83 139.63 139.58 139.8 140.03 140.09 140.1 140.11 140 139.97 140.28 140.43 140.13 139.64 139.65 139.63 139.6 139.42 138.88 138.67 138.59 138.48 138.42 138.37 138.14 137.94 138.02 138.02 137.68 137.21 137 136.97 136.96 136.97 136.99 136.8 136.5 136.52 136.69 136.66 136.43 136.25 136.06 136.05 136.06 136.16 136.32 136.44 136.4 136.47 136.37 136.26 136.15 135.96 135.86 135.75 135.65 135.58 135.54 135.54
141.28 141.4 141.32 140.78 139.91 139.42 139.63 139.38 139.29 139.29 139.56 139.91 139.88 139.55 139.46 139.72 140.02 139.99 139.88 139.85 139.74 139.73 140.1 140.27 139.97 139.28 139.34 139.53 139.46 139.3 138.6 138.44 138.52 138.49 138.45 138.34 138.05 137.83 137.97 137.96 137.36 136.89 136.78 136.79 136.83 136.93 137.03 136.8 136.43 136.46 136.72 136.74 136.42 136.2 136.02 135.97 135.93 136.02 136.26 136.39 136.32 136.32 136.22 136.15 136.08 135.87 135.79 135.72 135.64 135.63 135.49 135.44
