LISFLOOD/dem10.asc
NCOLS 413 
NROWS 307 
XLLCORNER 341179.518085095 
YLLCORNER 4516729.65873464 
CELLSIZE 10 
NODATA_value -9999 
[rows 160 to 191 of 307, columns 288 to 359 of 413]
125.42 125.42 125.43 125.43 125.43 125.43 125.43 125.43 125.43 125.43 125.43 125.43 125.44 125.44 125.44 125.44 125.44 125.46 125.97 127.37 127.79 128.09 128.09 127.07 125.79 125.47 125.46 125.46 125.47 125.85 128.28 130.72 130.9 130.84 130.89 130.85 130.75 130.71 130.5 130.41 130.36 130.24 130.29 130.49 130.6 130.49 130.37 130.3 130.58 130.39 127.68 125.68 125.48 125.48 125.48 125.48 125.49 125.49 125.49 125.49 125.49 125.49 125.49 125.5 125.5 125.5 125.7 127.71 129.08 130.1 132.04 133.22
125.42 125.42 125.42 125.42 125.43 125.43 125.43 125.43 125.43 125.43 125.43 125.43 125.43 125.43 125.44 125.44 125.44 125.5 126.42 127.74 127.95 128.13 127.63 126.14 125.49 125.45 125.46 125.46 125.64 127.23 130.14 130.98 130.88 130.85 130.86 130.79 130.72 130.65 130.45 130.35 130.27 130.26 130.32 130.5 130.62 130.46 130.29 130.49 130.73 129.27 126.23 125.49 125.48 125.48 125.48 125.48 125.48 125.49 125.49 125.49 125.49 125.49 125.49 125.49 125.5 125.52 126.36 128.76 129.71 131.33 132.92 134.23
125.42 125.42 125.42 125.42 125.42 125.42 125.43 125.43 125.43 125.43 125.43 125.43 125.43 125.43 125.43 125.43 125.44 125.58 126.81 127.77 127.93 127.71 126.56 125.54 125.45 125.45 125.45 125.48 126.39 129.3 130.84 130.89 130.82 130.87 130.84 130.72 130.65 130.53 130.38 130.29 130.23 130.26 130.4 130.49 130.46 130.38 130.38 130.59 130.38 127.48 125.61 125.47 125.47 125.48 125.48 125.48 125.48 125.48 125.48 125.49 125.49 125.49 125.49 125.49 125.5 125.92 127.87 129.48 130.65 132.53 133.52 135.82
125.41 125.41 125.42 125.42 125.42 125.42 125.42 125.42 125.43 125.43 125.43 125.43 125.43 125.43 125.43 125.43 125.44 125.75 127.01 127.64 127.78 126.88 125.71 125.45 125.45 125.45 125.45 125.62 127.74 130.4 130.74 130.72 130.77 130.86 130.8 130.68 130.59 130.46 130.35 130.25 130.2 130.22 130.38 130.42 130.46 130.49 130.52 130.57 128.73 125.94 125.48 125.47 125.47 125.47 125.48 125.48 125.48 125.48 125.48 125.48 125.49 125.49 125.49 125.49 125.67 127.21 129.19 130.16 131.88 133.33 134.71 138.18
125.41 125.41 125.41 125.41 125.42 125.42 125.42 125.42 125.42 125.42 125.43 125.43 125.43 125.43 125.43 125.43 125.46 126.04 127.19 127.64 127.28 126.01 125.47 125.44 125.44 125.44 125.45 126.3 129.11 130.58 130.59 130.61 130.76 130.85 130.81 130.68 130.51 130.35 130.31 130.22 130.23 130.23 130.26 130.3 130.46 130.58 130.51 129.45 126.51 125.51 125.47 125.47 125.47 125.47 125.47 125.47 125.48 125.48 125.48 125.48 125.48 125.49 125.49 125.51 126.31 128.64 129.75 131.22 132.94 134.42 136.73 141.23
125.41 125.41 125.41 125.41 125.41 125.41 125.42 125.42 125.42 125.42 125.42 125.42 125.43 125.43 125.43 125.43 125.52 126.38 127.38 127.38 126.29 125.53 125.44 125.44 125.44 125.44 125.62 127.94 130.27 130.53 130.56 130.6 130.76 130.85 130.77 130.58 130.41 130.31 130.28 130.18 130.13 130.12 130.15 130.31 130.65 130.62 129.97 127.17 125.59 125.46 125.46 125.46 125.47 125.47 125.47 125.47 125.47 125.48 125.48 125.48 125.48 125.48 125.49 125.68 127.43 129.35 130.47 132.44 134.24 136.91 139.74 144.39
125.41 125.41 125.41 125.41 125.41 125.41 125.41 125.41 125.42 125.42 125.42 125.42 125.42 125.42 125.42 125.43 125.61 126.68 127.23 126.48 125.58 125.43 125.43 125.43 125.43 125.47 126.53 129.73 130.55 130.48 130.51 130.62 130.78 130.86 130.65 130.4 130.26 130.27 130.24 130.14 130.07 130.03 130.18 130.47 130.62 130.17 128 125.81 125.46 125.46 125.46 125.46 125.46 125.46 125.47 125.47 125.47 125.47 125.47 125.48 125.48 125.48 125.49 126.22 128.52 129.88 131.77 133.75 136.92 141.12 143.86 147.01
125.41 125.41 125.41 125.41 125.41 125.41 125.41 125.41 125.41 125.41 125.42 125.42 125.42 125.42 125.42 125.42 125.7 126.81 126.63 125.66 125.43 125.43 125.43 125.43 125.44 125.83 128.41 130.42 130.5 130.44 130.48 130.66 130.78 130.75 130.48 130.31 130.21 130.17 130.06 129.97 129.94 130.04 130.32 130.61 130.44 128.41 126.12 125.48 125.45 125.46 125.46 125.46 125.46 125.46 125.46 125.46 125.47 125.47 125.47 125.47 125.47 125.48 125.57 127.13 129.39 131.07 133.12 136.1 141.15 145.5 147.35 148.64
125.4 125.4 125.41 125.41 125.41 125.41 125.41 125.41 125.41 125.41 125.41 125.42 125.42 125.42 125.42 125.42 125.72 126.44 125.85 125.44 125.43 125.43 125.43 125.43 125.68 127.28 130.06 130.65 130.51 130.41 130.49 130.71 130.75 130.54 130.32 130.29 130.25 130.07 129.89 129.87 130.09 130.26 130.42 130.48 129.03 126.38 125.52 125.45 125.45 125.45 125.46 125.46 125.46 125.46 125.46 125.46 125.46 125.46 125.47 125.47 125.47 125.47 125.9 128.36 130.54 132.58 135.11 140.02 145.57 148.43 149.46 149.87
125.4 125.4 125.4 125.41 125.41 125.41 125.41 125.41 125.41 125.41 125.41 125.41 125.42 125.42 125.42 125.42 125.57 125.75 125.46 125.42 125.42 125.42 125.42 125.53 126.77 129.63 130.63 130.64 130.47 130.37 130.55 130.73 130.67 130.39 130.25 130.28 130.24 129.94 129.74 129.93 130.25 130.42 130.47 129.98 126.99 125.58 125.45 125.45 125.45 125.45 125.45 125.45 125.46 125.46 125.46 125.46 125.46 125.46 125.46 125.46 125.47 125.48 126.75 129.83 131.97 134.49 139.38 144.82 148.88 150.29 150.71 151.54
125.4 125.4 125.4 125.4 125.4 125.41 125.41 125.41 125.41 125.41 125.41 125.41 125.41 125.41 125.42 125.42 125.43 125.43 125.42 125.42 125.42 125.42 125.43 126.1 128.71 130.52 130.59 130.5 130.38 130.34 130.54 130.64 130.5 130.27 130.18 130.12 129.92 129.64 129.63 129.9 130.2 130.46 130.26 128.33 125.82 125.45 125.44 125.45 125.45 125.45 125.45 125.45 125.45 125.46 125.46 125.46 125.46 125.46 125.46 125.46 125.47 125.79 128.36 131.33 133.34 138.03 145.07 149.36 151.34 151.77 151.92 153.72
125.4 125.4 125.4 125.4 125.4 125.4 125.4 125.41 125.41 125.41 125.41 125.41 125.41 125.41 125.41 125.41 125.41 125.41 125.41 125.41 125.42 125.43 125.65 127.59 130.19 130.58 130.5 130.41 130.37 130.4 130.53 130.53 130.32 130.24 130.15 129.82 129.52 129.49 129.68 129.94 130.26 130.47 129.24 126.44 125.48 125.44 125.44 125.44 125.44 125.45 125.45 125.45 125.45 125.45 125.45 125.46 125.46 125.46 125.46 125.46 125.56 126.93 130.31 132.66 135.74 143.1 149.65 152.37 153.4 152.82 153.48 155.98
125.39 125.4 125.4 125.4 125.4 125.4 125.4 125.4 125.4 125.41 125.41 125.41 125.41 125.41 125.41 125.41 125.41 125.41 125.41 125.41 125.42 125.68 126.86 129.48 130.59 130.5 130.33 130.39 130.41 130.41 130.46 130.37 130.2 130.14 129.92 129.53 129.36 129.52 129.73 130.02 130.42 130.08 127.57 125.6 125.44 125.44 125.44 125.44 125.44 125.44 125.44 125.45 125.45 125.45 125.45 125.45 125.46 125.46 125.46 125.47 126.05 128.92 131.88 134.31 140.37 148.65 153.18 154.62 155.31 153.69 155.43 158.01
125.39 125.39 125.4 125.4 125.4 125.4 125.4 125.4 125.4 125.4 125.4 125.41 125.41 125.41 125.41 125.41 125.41 125.41 125.41 125.41 125.5 126.86 129.36 130.51 130.55 130.28 130.23 130.39 130.44 130.37 130.38 130.34 130.43 130.27 129.64 129.34 129.43 129.68 129.92 130.3 130.5 128.97 126.23 125.44 125.43 125.44 125.44 125.44 125.44 125.44 125.44 125.44 125.45 125.45 125.45 125.45 125.45 125.45 125.46 125.61 127.44 131.07 133.04 137.31 146.27 153.04 155.65 156.62 156.44 154.56 157.56 159.84
125.39 125.39 125.39 125.39 125.4 125.4 125.4 125.4 125.4 125.4 125.4 125.4 125.4 125.41 125.41 125.41 125.41 125.41 125.41 125.42 126 128.71 130.48 130.61 130.49 130.13 130.2 130.32 130.31 130.32 130.41 130.43 130.46 130.08 129.39 129.31 129.56 129.94 130.28 130.54 130.04 127.31 125.6 125.43 125.43 125.43 125.43 125.43 125.44 125.44 125.44 125.44 125.44 125.44 125.45 125.45 125.45 125.45 125.48 126.32 129.67 132.49 134.22 141.61 151.6 156.24 157.45 158.36 156.71 155.78 159.62 161.41
125.39 125.39 125.39 125.39 125.39 125.39 125.4 125.4 125.4 125.4 125.4 125.4 125.4 125.4 125.4 125.4 125.4 125.4 125.4 125.58 127.33 130.07 130.67 130.59 130.4 130.1 130.19 130.23 130.14 130.25 130.36 130.3 130.09 129.63 129.28 129.49 129.75 130.12 130.5 130.58 128.67 126.02 125.45 125.43 125.43 125.43 125.43 125.43 125.43 125.43 125.44 125.44 125.44 125.44 125.44 125.44 125.45 125.45 125.73 128.07 131.68 132.85 136.45 146.18 155.32 158.3 158.93 159.57 156.81 157.19 161.35 162.91
125.39 125.39 125.39 125.39 125.39 125.39 125.39 125.39 125.4 125.4 125.4 125.4 125.4 125.4 125.4 125.4 125.4 125.4 125.42 126.21 128.87 130.43 130.51 130.46 130.3 130.15 130.22 130.13 130.03 130.19 130.27 130.17 129.71 129.29 129.33 129.62 129.85 130.24 130.59 130.11 127.01 125.52 125.42 125.43 125.43 125.43 125.43 125.43 125.43 125.43 125.43 125.43 125.43 125.44 125.44 125.44 125.44 125.46 126.74 130.42 132.55 133.12 140.51 150.88 157.59 159.35 160.07 160.24 157.11 158.72 162.98 164.55
125.38 125.38 125.39 125.39 125.39 125.39 125.39 125.39 125.39 125.39 125.4 125.4 125.4 125.4 125.4 125.4 125.4 125.4 125.56 127.46 129.89 130.45 130.4 130.32 130.17 130.11 130.13 130.09 130 130.11 130.12 129.92 129.39 129.18 129.42 129.6 129.93 130.39 130.59 128.82 125.91 125.43 125.42 125.42 125.42 125.42 125.43 125.43 125.43 125.43 125.43 125.43 125.43 125.43 125.43 125.44 125.44 125.77 128.85 132.1 132.43 135.27 146.32 155.35 159.23 160.17 160.91 160.59 157.68 160.61 164.88 166.39
125.38 125.38 125.38 125.38 125.39 125.39 125.39 125.39 125.39 125.39 125.39 125.39 125.4 125.4 125.4 125.4 125.4 125.41 126.15 128.91 130.34 130.49 130.43 130.31 130.14 130.01 130.04 130.04 130.02 130.18 130.02 129.52 129.02 129.14 129.41 129.63 130.05 130.5 130.03 126.99 125.5 125.42 125.42 125.42 125.42 125.42 125.42 125.42 125.42 125.42 125.42 125.43 125.43 125.43 125.43 125.43 125.59 127.27 131.25 132.52 132.72 140.29 151.76 158.26 159.99 160.79 161.63 160.7 158.42 162.36 166.65 168.18
125.38 125.38 125.38 125.38 125.38 125.38 125.39 125.39 125.39 125.39 125.39 125.39 125.39 125.39 125.4 125.39 125.4 125.6 127.57 129.9 130.51 130.38 130.39 130.36 130.14 130.05 130 129.97 129.99 130.16 129.81 129.17 128.87 129.08 129.38 129.72 130.24 130.4 128.65 125.8 125.42 125.42 125.42 125.42 125.42 125.42 125.42 125.42 125.42 125.42 125.42 125.42 125.42 125.43 125.43 125.49 126.5 130.04 132.44 132.35 135.21 145.21 155.32 159.37 160.24 161.18 162.19 160.75 159.36 164.02 168.14 169.75
125.38 125.38 125.38 125.38 125.38 125.38 125.38 125.38 125.39 125.39 125.39 125.39 125.39 125.39 125.39 125.39 125.47 126.64 129.25 130.47 130.56 130.41 130.37 130.34 130.11 130 130.02 130 129.97 129.95 129.43 128.92 128.8 129.05 129.38 129.86 130.38 129.77 127.05 125.45 125.41 125.42 125.42 125.42 125.42 125.42 125.42 125.42 125.42 125.42 125.42 125.42 125.42 125.42 125.45 125.99 128.73 132.18 132.42 133.27 140.52 150.73 157.5 159.61 160.41 161.56 162.62 160.98 160.43 165.51 169.4 171.36
125.38 125.38 125.38 125.38 125.38 125.38 125.38 125.38 125.38 125.38 125.39 125.39 125.39 125.39 125.39 125.41 125.97 128.26 130.03 130.64 130.58 130.49 130.4 130.27 130.09 130.03 130.06 130.09 129.98 129.71 129.15 128.78 128.79 129.13 129.52 130.05 130.15 128.24 125.91 125.41 125.41 125.41 125.41 125.41 125.42 125.42 125.41 125.41 125.41 125.42 125.42 125.42 125.42 125.42 125.67 127.6 131.29 132.69 132.72 137.23 147.03 155.5 158.39 159.6 160.63 161.88 162.83 161.23 161.42 166.68 170.66 173.07
125.37 125.37 125.38 125.38 125.38 125.38 125.38 125.38 125.38 125.38 125.38 125.38 125.39 125.39 125.39 125.58 127.18 129.5 130.36 130.69 130.59 130.43 130.33 130.19 130.01 130.03 129.98 130.01 129.92 129.48 128.96 128.77 128.89 129.29 129.7 130.11 129.22 126.56 125.48 125.41 125.41 125.41 125.41 125.41 125.41 125.41 125.41 125.41 125.41 125.41 125.41 125.41 125.42 125.46 126.61 130.02 132.54 132.89 135.34 143.66 152.44 156.53 157.09 159.12 160.88 162.13 162.9 161.57 162.29 167.63 171.85 174.35
125.37 125.37 125.37 125.37 125.38 125.38 125.38 125.38 125.38 125.38 125.38 125.38 125.38 125.38 125.42 126.28 128.55 130.12 130.61 130.72 130.62 130.47 130.37 130.14 129.91 129.95 129.95 129.94 129.7 129.19 128.88 128.8 129.03 129.55 129.89 129.97 127.81 125.68 125.4 125.4 125.4 125.41 125.41 125.41 125.41 125.41 125.41 125.41 125.41 125.41 125.41 125.41 125.42 125.91 128.78 131.88 132.72 134.03 139.64 147.8 153.16 155.34 155.49 158.01 160.97 162.24 162.82 162.02 163.11 168.47 172.62 174.71
125.37 125.37 125.37 125.37 125.37 125.37 125.38 125.38 125.38 125.38 125.38 125.38 125.38 125.38 125.67 127.57 129.49 130.56 130.72 130.69 130.61 130.48 130.42 130.18 129.92 129.85 129.89 129.82 129.43 128.93 128.85 128.85 129.22 129.75 129.98 129.15 126.46 125.44 125.4 125.4 125.4 125.4 125.4 125.4 125.41 125.41 125.41 125.41 125.41 125.41 125.41 125.41 125.57 127.57 131.42 132.73 133.16 135.64 141.12 147.72 151.5 152.88 153.85 157.48 160.81 162.19 162.87 162.57 163.78 168.94 172.74 174.4
125.37 125.37 125.37 125.37 125.37 125.37 125.37 125.37 125.38 125.38 125.38 125.38 125.38 125.4 126.63 128.8 129.94 130.65 130.7 130.65 130.65 130.55 130.44 130.12 129.87 129.84 129.82 129.66 129.21 128.79 128.8 128.94 129.48 129.9 129.79 127.66 125.69 125.4 125.39 125.4 125.4 125.4 125.4 125.4 125.4 125.4 125.4 125.41 125.41 125.41 125.41 125.47 126.46 130.19 132.66 133.69 135.26 136.21 139.78 145.63 149.33 150.8 152.56 157.18 160.5 162.05 163.11 163.19 164.21 168.9 172.39 173.86
125.37 125.37 125.37 125.37 125.37 125.37 125.37 125.37 125.37 125.37 125.38 125.38 125.38 125.71 127.98 129.45 130.28 130.66 130.68 130.64 130.65 130.59 130.4 130.03 129.76 129.8 129.77 129.52 129.01 128.76 128.83 129.12 129.64 129.87 129.07 126.32 125.44 125.39 125.39 125.39 125.39 125.4 125.4 125.4 125.4 125.4 125.4 125.4 125.4 125.41 125.43 125.97 128.78 132.26 133.78 137.93 140.76 139.85 139.33 142.7 146.69 148.95 151.34 156.24 159.19 161.26 163.33 163.82 164.44 168.47 171.81 173.17
125.36 125.37 125.37 125.37 125.37 125.37 125.37 125.37 125.37 125.37 125.37 125.37 125.48 127.1 128.96 129.89 130.59 130.69 130.71 130.64 130.64 130.59 130.32 129.96 129.67 129.68 129.65 129.43 128.93 128.86 129.01 129.34 129.73 129.56 127.66 125.61 125.39 125.39 125.39 125.39 125.39 125.39 125.39 125.39 125.4 125.4 125.4 125.4 125.4 125.4 125.64 127.72 131.55 133.31 137.21 144.76 147 145.92 144.05 142.29 143.11 145.39 148.86 153.89 157.01 159.64 162.72 164.17 164.51 167.23 170.83 172.37
125.36 125.36 125.36 125.36 125.37 125.37 125.37 125.37 125.37 125.37 125.37 125.39 126.07 128.47 129.48 130.22 130.71 130.65 130.67 130.61 130.56 130.48 130.21 129.88 129.64 129.57 129.46 129.28 128.96 129.07 129.27 129.55 129.74 128.63 126.21 125.4 125.39 125.39 125.39 125.39 125.39 125.39 125.39 125.39 125.39 125.39 125.39 125.4 125.4 125.44 126.62 130.36 132.92 135.49 141.86 148.14 149.69 149.23 147.88 146.47 145.49 144.83 146.66 151.11 154.62 157.69 161.19 164 164.69 165.83 168.39 170.68
125.36 125.36 125.36 125.36 125.36 125.36 125.37 125.37 125.37 125.37 125.37 125.62 127.44 129.07 129.88 130.42 130.68 130.6 130.59 130.52 130.48 130.36 130.07 129.8 129.61 129.48 129.39 129.19 129.08 129.32 129.51 129.68 129.43 127.29 125.52 125.39 125.39 125.39 125.39 125.39 125.39 125.39 125.39 125.39 125.39 125.39 125.39 125.39 125.4 125.82 128.84 132.29 134.52 140.08 146.74 152.04 153.57 153.13 152.17 150.65 149.42 147.64 145.92 148.68 152.3 155.7 159.42 163.37 164.96 165.52 167.01 168.78
125.36 125.36 125.36 125.36 125.36 125.36 125.36 125.36 125.37 125.37 125.37 125.9 128.31 129.56 130.29 130.52 130.65 130.55 130.48 130.45 130.42 130.28 129.96 129.67 129.54 129.46 129.37 129.11 129.24 129.49 129.63 129.71 128.68 126.24 125.4 125.38 125.38 125.39 125.39 125.39 125.39 125.39 125.39 125.39 125.39 125.39 125.39 125.39 125.53 127.35 131.42 133.79 138.89 146.71 153.12 157.47 158.51 158.03 156.93 155.48 153.68 151.61 148.37 146.94 149.02 152.41 157.42 162.8 165.19 165.16 165.83 166.81
125.36 125.36 125.36 125.36 125.36 125.36 125.36 125.36 125.36 125.36 125.45 126.85 128.96 129.97 130.48 130.58 130.6 130.47 130.42 130.4 130.37 130.19 129.82 129.47 129.38 129.38 129.25 129.05 129.42 129.58 129.67 129.52 127.53 125.66 125.38 125.38 125.38 125.38 125.38 125.39 125.39 125.39 125.39 125.39 125.39 125.39 125.39 125.45 126.42 130.21 133.36 137.72 146.73 155.11 159.55 160.45 160.41 160.02 159.42 158.47 157.11 155.56 152.65 149.44 148.58 149.92 154.99 162.05 165.37 164.19 162.75 162.37
