LISFLOOD/dem10.asc
NCOLS 413 
NROWS 307 
XLLCORNER 341179.518085095 
YLLCORNER 4516729.65873464 
CELLSIZE 10 
NODATA_value -9999 
[rows 256 to 287 of 307, columns 288 to 359 of 413]
129.41 129.26 129.11 129 129.05 129.29 129.55 129.7 129.87 130.01 130.12 130.3 130.38 130.4 129.98 127.29 125.36 125.26 125.26 125.26 125.26 125.26 125.26 125.26 125.26 125.26 125.26 125.26 125.26 125.26 125.26 125.26 125.35 127.56 131.55 133.4 141.41 153.25 159.03 160.02 160.44 160.76 161.37 162.98 165.34 168.78 172.18 174.53 176.53 178.59 180.75 182.87 184.91 186.92 188.78 190.4 191.88 193.01 194.17 195.34 196.32 197.32 198.29 199.28 200.46 201.56 202.73 204.14 205.43 206.52 207.41 208.05
129.36 129.25 129.1 128.96 129.05 129.31 129.64 129.75 129.83 130.03 130.15 130.29 130.41 130.5 129.57 126.42 125.28 125.26 125.26 125.26 125.26 125.26 125.26 125.26 125.26 125.26 125.26 125.26 125.26 125.26 125.26 125.26 125.47 128.35 131.98 134.84 144.14 155.78 160.94 162.25 163.32 164.07 164.51 165.13 166.17 168.42 171.56 174 176.12 178.27 180.67 183.15 185.57 187.95 190.12 191.82 193.15 194.25 195.39 196.57 197.66 198.8 199.98 201.22 202.52 203.76 204.95 206.47 207.8 208.88 209.83 210.68
129.34 129.2 129.09 128.94 129.06 129.42 129.76 129.81 129.94 130.09 130.19 130.33 130.53 130.49 129.09 126.1 125.26 125.26 125.26 125.26 125.26 125.26 125.26 125.26 125.26 125.26 125.26 125.26 125.26 125.26 125.26 125.26 125.71 129.25 132.49 137.41 147.57 157.51 162.29 163.98 165.59 166.85 167.72 168.19 168.81 169.6 171.43 173.76 175.96 178.11 180.59 183.31 186.03 188.65 191.09 192.92 194.3 195.57 196.81 198.08 199.35 200.62 202.06 203.4 204.57 205.89 207.18 208.62 210.03 211.21 212.26 213.15
129.32 129.17 129.05 128.89 129.02 129.38 129.71 129.85 129.98 130.09 130.27 130.44 130.49 130.26 128.62 126.09 125.26 125.26 125.26 125.26 125.26 125.26 125.26 125.26 125.25 125.25 125.25 125.25 125.25 125.25 125.25 125.25 126.11 130.17 133.19 140.63 152.31 160.21 163.72 165.7 167.64 169.19 170.19 170.86 171.76 172.36 173.36 175.16 177.14 179.24 181.63 184.11 186.63 189.09 191.57 193.54 195.24 197.1 198.63 199.85 201.19 202.61 204.05 205.4 206.62 207.97 209.36 210.64 212.13 213.44 214.48 215.19
129.26 129.11 128.95 128.8 128.93 129.36 129.71 129.88 130.02 130.15 130.37 130.51 130.51 130.1 128.33 125.99 125.25 125.25 125.25 125.25 125.25 125.25 125.25 125.25 125.25 125.25 125.25 125.25 125.25 125.25 125.25 125.25 126.67 130.97 134.13 143.9 156.56 162.59 165.22 167.43 169.51 171.17 172.36 173.37 174.46 175.23 176.32 178.01 179.88 182.04 184.48 186.46 188.25 189.93 191.71 193.72 195.98 198.33 200.2 201.57 202.92 204.4 205.95 207.41 208.71 210.04 211.3 212.61 214.03 215.17 215.92 216.38
129.23 129.12 128.93 128.73 128.81 129.24 129.67 129.91 130.09 130.16 130.31 130.47 130.46 129.88 128.09 125.79 125.25 125.25 125.25 125.25 125.25 125.25 125.25 125.25 125.25 125.25 125.25 125.25 125.25 125.25 125.25 125.26 127.4 131.7 135.85 147.42 159.18 164.07 166.6 168.91 170.99 172.78 174.26 175.6 176.81 177.87 179.25 180.96 182.59 184.36 186.83 189.02 190.6 191.8 193.16 195.07 197.32 199.47 201.5 203.14 204.57 206.09 207.75 209.32 210.69 211.91 213.06 214.29 215.45 216.3 216.83 217.19
129.25 129.13 128.95 128.72 128.77 129.2 129.69 129.88 130.08 130.21 130.46 130.46 130.23 129.66 127.88 125.63 125.25 125.25 125.25 125.25 125.25 125.25 125.25 125.25 125.25 125.25 125.25 125.25 125.25 125.25 125.25 125.35 128.38 132.36 137.88 149.51 159.65 164.88 167.67 170 172.13 174.12 175.9 177.45 178.8 180.18 181.72 183.32 184.79 185.96 187.87 190.28 192.33 194.05 195.82 197.74 199.69 201.38 203.11 204.85 206.53 208 209.57 211.06 212.44 213.6 214.65 215.75 216.63 217.22 217.65 218.06
129.25 129.1 128.98 128.82 128.78 129.23 129.72 129.98 130.17 130.41 130.58 130.49 130.14 129.52 127.51 125.45 125.25 125.25 125.25 125.25 125.25 125.25 125.25 125.25 125.25 125.25 125.25 125.25 125.25 125.25 125.25 125.64 129.56 132.93 139.22 150.32 159.66 165.35 168.4 170.72 173.02 175.23 177.24 178.96 180.57 182.38 183.95 185.34 186.8 187.95 189.26 191.42 193.97 196.34 198.38 200.19 201.83 203.29 204.96 206.66 208.37 209.76 211.26 212.7 214.04 215.18 216.21 217.11 217.76 218.21 218.59 218.97
129.21 129.05 128.93 128.83 128.74 129.19 129.79 130.14 130.28 130.44 130.5 130.41 130.06 129.36 126.99 125.33 125.25 125.25 125.25 125.25 125.25 125.25 125.25 125.25 125.25 125.25 125.25 125.25 125.25 125.25 125.25 126.2 130.65 133.55 141.22 153.51 161.31 165.67 168.65 171.25 173.83 176.25 178.49 180.48 182.43 184.52 186.19 187.42 188.68 189.88 191.29 193.3 196.06 198.59 200.66 202.37 203.87 205.37 206.96 208.53 210.01 211.5 213.11 214.54 215.78 216.77 217.62 218.28 218.73 219.11 219.46 219.85
129.18 129.02 128.85 128.74 128.7 129.2 129.83 130.12 130.26 130.41 130.43 130.32 130.01 129.04 126.34 125.26 125.24 125.25 125.25 125.25 125.25 125.25 125.25 125.25 125.25 125.24 125.25 125.25 125.25 125.25 125.27 127.14 131.51 134.5 144.29 156.91 161.99 165.1 168.29 171.41 174.34 177.09 179.72 182.15 184.32 186.4 188.18 189.48 190.68 192.12 193.58 195.56 198.24 200.83 202.81 204.55 206.1 207.65 209.14 210.62 211.93 213.31 214.73 216.06 217.12 217.9 218.58 219.13 219.56 220 220.39 220.78
129.16 128.99 128.86 128.79 128.79 129.26 129.8 130.02 130.18 130.34 130.32 130.28 129.85 128.55 125.76 125.24 125.24 125.24 125.24 125.24 125.24 125.24 125.24 125.24 125.24 125.24 125.24 125.24 125.24 125.24 125.36 128.44 132.27 135.96 146.63 157.1 161.02 163.96 167.29 170.62 173.87 177.23 180.58 183.41 185.74 187.81 189.7 191.31 193 194.75 196.34 198.18 200.46 202.94 205.01 206.77 208.39 210.01 211.53 212.84 213.85 214.92 216.1 217.19 218.07 218.84 219.54 220.1 220.58 221.06 221.49 221.91
129.12 128.97 128.91 128.87 128.89 129.22 129.73 129.98 130.12 130.21 130.23 130.08 129.61 127.94 125.45 125.24 125.24 125.24 125.24 125.24 125.24 125.24 125.24 125.24 125.24 125.24 125.24 125.24 125.24 125.25 125.78 129.88 133.01 138.02 149.21 158.05 161.31 163.75 166.39 169.19 172.37 176.07 180.14 183.78 186.81 189.19 191.17 193.17 195.26 197.25 199.17 200.99 202.95 205.12 207.21 209.09 210.77 212.42 213.89 215.1 215.83 216.63 217.68 218.58 219.4 220.21 220.93 221.49 222.04 222.65 223.27 223.83
129.05 128.89 128.85 128.9 128.89 129.1 129.65 129.94 130.08 130.17 130.2 129.93 129.41 127.25 125.31 125.24 125.24 125.24 125.24 125.24 125.24 125.24 125.24 125.24 125.24 125.24 125.24 125.24 125.24 125.29 126.83 131.21 134.07 140.76 152.62 161.6 164.36 166.14 168.01 170.01 172.2 175.02 178.9 183.15 187.08 190.08 192.66 195.25 197.69 199.84 201.87 203.77 205.64 207.51 209.51 211.55 213.31 214.96 216.39 217.49 218.17 219.02 219.93 220.79 221.57 222.36 223.12 223.78 224.51 225.32 226.04 226.56
129.05 128.95 128.8 128.84 128.87 129.03 129.61 129.88 130.04 130.19 130.18 129.81 129.25 126.5 125.25 125.24 125.24 125.24 125.24 125.24 125.24 125.24 125.24 125.24 125.24 125.24 125.24 125.24 125.24 125.49 128.4 132.24 135.73 144.24 155.64 165.39 169.32 171.06 172.55 173.91 175.05 176.48 179.02 182.72 187.14 190.99 194.29 197.42 200.07 202.38 204.46 206.38 208.27 210.19 212.2 214.15 215.87 217.46 218.88 220.05 220.99 221.93 222.72 223.71 224.57 225.33 226.11 227.02 227.92 228.75 229.28 229.42
129.09 129 128.8 128.87 128.89 129.09 129.6 129.9 130.17 130.34 130.12 129.7 128.75 125.84 125.24 125.24 125.24 125.24 125.24 125.24 125.24 125.24 125.24 125.24 125.24 125.23 125.23 125.23 125.25 126.08 130.12 133.05 138.07 147.64 158.3 167.87 173.62 176.19 177.86 179.16 180.13 180.78 181.63 184.16 188.51 192.69 196.32 199.72 202.65 205.02 207.19 209.25 211.19 213.1 215.01 216.82 218.44 220.02 221.52 222.81 223.91 224.98 225.97 227.03 227.86 228.58 229.38 230.32 231.12 231.63 231.7 231.34
128.98 128.86 128.79 128.88 128.92 129.18 129.68 130.03 130.23 130.3 130.03 129.5 127.48 125.4 125.23 125.23 125.23 125.23 125.23 125.23 125.23 125.23 125.23 125.23 125.23 125.23 125.23 125.23 125.33 127.21 131.57 133.9 140.5 149.51 158.72 168.37 176.11 179.86 182.06 183.83 185.12 186.02 186.43 187.86 191.73 195.46 198.88 202.49 205.68 208.04 210.27 212.28 214.02 215.79 217.71 219.59 221.3 223.11 224.64 225.98 227.23 228.27 229.27 230.19 230.87 231.47 232.18 232.69 233.02 233 232.61 231.91
128.88 128.77 128.82 128.95 129.01 129.21 129.76 130.11 130.21 130.23 129.9 129.15 126.24 125.24 125.23 125.23 125.23 125.23 125.23 125.23 125.23 125.23 125.23 125.23 125.23 125.23 125.23 125.24 125.65 128.78 132.32 135.02 142.36 150.97 159.86 169.06 177.52 182.31 185 187.27 189.19 190.8 191.8 192.72 195.57 199 202.22 205.64 208.86 211.28 213.3 215.13 216.96 218.93 220.94 222.91 224.78 226.58 228.15 229.52 230.61 231.3 232 232.64 233.1 233.46 233.82 233.82 233.6 233.18 232.51 231.68
128.83 128.69 128.76 128.89 128.97 129.19 129.77 130.11 130.15 129.98 129.7 128.27 125.5 125.23 125.23 125.23 125.23 125.23 125.23 125.23 125.23 125.23 125.23 125.23 125.23 125.23 125.23 125.28 126.46 130.47 132.69 136.78 144.67 153.24 161.86 170.64 179.04 184.25 187.4 190.02 192.5 194.87 196.71 197.9 199.94 203.05 206.14 209.33 212.4 214.75 216.7 218.65 220.7 222.86 225.02 226.95 228.41 229.82 231.15 232.32 233.03 233.43 233.81 234.2 234.35 234.42 234.36 234.02 233.49 232.88 232.08 231.14
128.76 128.58 128.68 128.85 128.91 129.21 129.8 130.03 129.87 129.68 129.4 127.01 125.26 125.23 125.23 125.23 125.23 125.23 125.23 125.23 125.23 125.23 125.23 125.23 125.23 125.23 125.23 125.47 127.82 131.63 133.12 138.97 147.7 156.33 164.51 173.3 181.56 186.35 189.63 192.73 195.83 198.82 201.34 203.13 204.84 207.49 210.47 213.44 216.27 218.69 220.81 222.89 225.05 227.16 228.98 230.27 231.23 232.26 233.28 234.09 234.45 234.73 234.85 234.99 234.93 234.74 234.34 233.77 233.12 232.4 231.51 230.48
128.63 128.45 128.65 128.81 128.89 129.29 129.81 129.89 129.54 129.67 128.81 126.02 125.22 125.22 125.23 125.23 125.23 125.23 125.23 125.23 125.22 125.22 125.23 125.23 125.23 125.23 125.23 125.94 129.49 132.23 134.11 141.28 150.44 159.12 167.46 176.12 184.1 188.74 192.29 195.95 199.54 202.86 205.7 208.02 209.98 212.37 215.2 218.02 220.66 223.09 225.33 227.37 229.18 230.69 231.72 232.47 233.23 234.05 234.74 235.23 235.36 235.45 235.47 235.51 235.3 234.76 234.11 233.41 232.63 231.77 230.77 229.64
128.52 128.39 128.62 128.78 128.85 129.35 129.77 129.73 129.47 129.81 128.05 125.52 125.22 125.22 125.22 125.22 125.22 125.22 125.22 125.22 125.22 125.22 125.22 125.22 125.22 125.22 125.24 126.97 130.94 132.54 136.01 144.06 153.09 161.8 170.36 179.01 186.24 190.92 195.09 199.32 203.25 206.77 209.92 212.63 215.03 217.44 220.15 222.92 225.42 227.64 229.56 231.09 232.18 233.09 233.74 234.36 234.98 235.47 235.78 235.98 236.04 236.05 236.01 235.91 235.54 234.73 234.04 233.23 232.24 231.16 229.96 228.6
128.47 128.34 128.58 128.73 128.88 129.35 129.66 129.6 129.67 129.72 127.16 125.31 125.22 125.22 125.22 125.22 125.22 125.22 125.22 125.22 125.22 125.22 125.22 125.22 125.22 125.22 125.45 128.55 131.84 132.93 138.18 146.66 155.99 165.74 174.63 181.76 187.49 192.43 197.34 202.25 206.7 210.58 214.05 217.24 220.2 222.79 225.28 227.77 230.06 231.68 232.81 233.75 234.46 235.12 235.69 236.17 236.47 236.54 236.57 236.66 236.75 236.69 236.56 236.25 235.75 234.9 234.14 233.08 231.85 230.46 228.84 227.06
128.42 128.31 128.59 128.74 128.97 129.3 129.52 129.58 129.98 129.27 126.31 125.24 125.22 125.22 125.22 125.22 125.22 125.22 125.22 125.22 125.22 125.22 125.22 125.22 125.22 125.23 126.19 130.25 132.22 133.95 140.4 149.16 158.72 168.51 177.42 183.7 188.67 193.65 199.08 204.62 209.75 214.21 218.25 222.02 225.36 228.07 230.26 232.07 233.54 234.47 235.17 235.86 236.46 236.97 237.34 237.5 237.58 237.48 237.3 237.33 237.41 237.31 237.1 236.6 235.7 234.58 233.3 231.88 230.38 228.67 226.63 224.29
128.42 128.29 128.58 128.8 129.06 129.24 129.39 129.69 130.14 128.47 125.71 125.22 125.22 125.22 125.22 125.22 125.22 125.22 125.22 125.22 125.22 125.22 125.22 125.22 125.22 125.36 127.73 131.5 132.7 136.36 143.55 151.81 161.14 170.65 180.03 186.55 191 195.59 201.04 206.73 212.36 217.66 222.37 226.6 230.1 232.41 233.8 234.81 235.71 236.4 236.92 237.51 238.01 238.24 238.36 238.41 238.43 238.29 237.95 237.88 237.82 237.54 236.9 235.59 233.95 232.3 230.55 229.03 227.5 225.6 223.22 220.67
128.42 128.33 128.6 128.83 129.08 129.16 129.38 129.83 129.92 127.31 125.37 125.22 125.22 125.22 125.22 125.22 125.22 125.22 125.21 125.21 125.21 125.21 125.22 125.22 125.22 125.86 129.84 132.23 133.87 139.46 146.88 154.98 164.09 174.25 183.3 190.16 194.79 198.83 203.63 209.01 214.73 220.63 226.05 230.7 233.67 235.01 235.8 236.57 237.24 237.77 238.08 238.48 238.91 239.15 239.17 239.09 239.03 238.96 238.53 238.1 237.4 236.26 234.63 232.34 230.17 228.33 226.79 225.44 224.02 222.26 220.06 217.67
128.37 128.4 128.61 128.83 129.03 129.14 129.49 129.97 129.04 126.15 125.23 125.21 125.21 125.22 125.22 125.22 125.22 125.21 125.21 125.21 125.21 125.21 125.21 125.21 125.28 127.02 131.37 132.55 135.53 142.31 149.95 157.87 167.43 178.17 186.79 194.14 199.58 203.42 207.45 212.02 217.3 223.29 229.17 233.68 235.76 236.6 237.25 238 238.39 238.64 238.77 239.13 239.57 239.84 239.78 239.63 239.48 239.14 238.23 236.92 235.16 233.02 230.7 228.32 226.26 224.75 223.58 222.26 220.8 219.14 217.11 214.84
128.33 128.46 128.59 128.77 128.94 129.19 129.64 129.93 127.65 125.47 125.21 125.21 125.21 125.21 125.21 125.21 125.21 125.21 125.21 125.21 125.21 125.21 125.21 125.21 125.55 128.81 132.16 133.03 137.53 144.68 152.49 161.1 171.23 182.03 190.57 198.47 204.73 208.85 212.41 216.15 220.65 226.07 231.67 235.61 237.27 238.04 238.69 239.13 239.15 239.2 239.36 239.71 240.05 240.29 240.2 239.83 239.01 237.66 235.87 233.7 231.26 228.85 226.63 224.49 222.86 221.77 220.58 219.28 217.8 216.25 214.45 212.36
128.4 128.51 128.58 128.67 128.9 129.29 129.77 129.58 126.43 125.25 125.21 125.21 125.21 125.21 125.21 125.21 125.21 125.21 125.21 125.21 125.21 125.21 125.21 125.24 126.36 130.64 132.41 134.37 140.67 148.22 156.02 165.71 176.04 185.69 194.36 202.7 209.72 214.38 218.05 221.39 224.97 229.21 233.84 237.18 238.67 239.3 239.8 239.81 239.7 239.73 239.86 240.11 240.36 240.35 239.62 238.14 236.28 234.16 231.92 229.45 226.93 224.67 222.75 221.2 220.1 219.06 217.9 216.64 215.27 213.85 212.21 210.27
128.53 128.55 128.52 128.61 128.94 129.4 129.83 128.97 125.82 125.21 125.21 125.21 125.21 125.21 125.21 125.21 125.21 125.21 125.21 125.21 125.21 125.21 125.21 125.41 127.89 131.89 132.65 136.37 143.71 151.6 159.63 168.79 179.46 189.42 198.68 207.13 214.22 219.59 224.07 227.63 230.54 233.4 236.4 238.67 239.69 240.1 240.38 240.29 240.24 240.25 240.22 240.2 239.86 238.72 236.6 234.09 231.77 229.57 227.42 225.06 222.71 220.75 219.39 218.46 217.55 216.64 215.61 214.53 213.25 211.87 210.36 208.55
128.68 128.54 128.45 128.63 129.02 129.47 129.65 128 125.58 125.21 125.21 125.21 125.21 125.21 125.21 125.21 125.2 125.2 125.2 125.21 125.21 125.21 125.22 126.01 129.73 132.36 133.82 140.08 148 156.13 164.59 173.61 183.72 194.1 203.99 211.75 218.41 224.46 229.91 234.03 236.45 237.86 238.89 239.87 240.23 240.51 240.8 240.78 240.74 240.58 240.09 239.04 237.26 234.77 231.89 229.28 227.05 224.98 222.93 220.75 218.88 217.58 216.8 216.06 215.29 214.54 213.76 212.77 211.49 210.15 208.6 206.74
128.8 128.53 128.43 128.67 129.05 129.48 129.07 126.73 125.37 125.2 125.21 125.21 125.21 125.21 125.21 125.21 125.2 125.2 125.2 125.2 125.2 125.2 125.29 127.2 131.24 132.58 136.47 144.1 152.44 160.82 169.55 178.41 188.37 199.33 208.52 215.59 222.28 228.79 234.63 238.74 240.27 240.44 240.39 240.5 240.64 240.96 241.19 241.13 240.71 239.73 238.15 235.72 232.83 229.83 226.98 224.66 222.75 221.03 219.12 217.12 215.82 215.11 214.56 213.94 213.31 212.73 212.12 211.18 209.85 208.4 206.74 204.85
128.91 128.57 128.47 128.7 129.02 129.37 128.11 125.74 125.22 125.2 125.2 125.2 125.2 125.21 125.21 125.2 125.2 125.2 125.2 125.2 125.2 125.2 125.6 128.87 132.04 133.61 139.83 148.08 156.28 164.69 173.35 182.29 193.45 203.88 212.01 218.91 225.82 232.41 237.96 241.08 241.6 241.27 240.95 240.85 241.13 241.41 241.28 240.55 238.95 236.74 234.12 231.09 227.99 224.94 222.31 220.49 219.05 217.56 215.82 214.41 213.65 213.06 212.52 212.02 211.56 211.19 210.63 209.58 208.16 206.59 204.89 203.08
