LISFLOOD/dem10.asc
NCOLS 400 
NROWS 288 
XLLCORNER 341244.004906891 
YLLCORNER 4516825.80519417 
CELLSIZE 10 
NODATA_value -9999 
[rows 0 to 31 of 288, columns 288 to 359 of 400]
-9999 -9999 -9999 -9999 -9999 -9999 -9999 -9999 -9999 -9999 -9999 -9999 -9999 -9999 -9999 -9999 -9999 -9999 -9999 -9999 -9999 -9999 -9999 -9999 -9999 -9999 -9999 -9999 -9999 -9999 -9999 -9999 -9999 -9999 -9999 -9999 -9999 -9999 -9999 -9999 -9999 -9999 -9999 -9999 -9999 -9999 -9999 -9999 -9999 -9999 -9999 -9999 -9999 -9999 -9999 -9999 -9999 -9999 -9999 -9999 -9999 -9999 -9999 -9999 -9999 -9999 -9999 -9999 -9999 -9999 -9999 -9999
-9999 -9999 -9999 -9999 -9999 -9999 -9999 -9999 -9999 -9999 -9999 -9999 -9999 -9999 -9999 -9999 -9999 -9999 -9999 -9999 -9999 -9999 -9999 -9999 -9999 -9999 -9999 -9999 -9999 -9999 -9999 -9999 -9999 -9999 -9999 -9999 -9999 -9999 -9999 -9999 -9999 -9999 -9999 -9999 -9999 -9999 -9999 -9999 -9999 -9999 -9999 -9999 -9999 -9999 -9999 -9999 -9999 -9999 -9999 -9999 -9999 -9999 -9999 -9999 -9999 -9999 -9999 -9999 -9999 -9999 -9999 -9999
-9999 -9999 -9999 -9999 -9999 -9999 -9999 -9999 -9999 -9999 -9999 -9999 -9999 -9999 -9999 -9999 -9999 -9999 -9999 -9999 -9999 -9999 -9999 -9999 -9999 -9999 -9999 -9999 -9999 -9999 -9999 -9999 -9999 -9999 -9999 -9999 -9999 -9999 -9999 -9999 -9999 -9999 -9999 -9999 -9999 -9999 -9999 -9999 -9999 -9999 -9999 -9999 -9999 -9999 -9999 -9999 -9999 -9999 -9999 -9999 -9999 -9999 -9999 -9999 -9999 -9999 -9999 -9999 -9999 -9999 -9999 -9999
-9999 -9999 -9999 -9999 -9999 -9999 -9999 -9999 -9999 -9999 -9999 -9999 -9999 -9999 -9999 -9999 -9999 -9999 -9999 -9999 -9999 -9999 -9999 -9999 -9999 -9999 -9999 -9999 -9999 -9999 -9999 -9999 -9999 -9999 -9999 -9999 -9999 -9999 -9999 -9999 -9999 -9999 -9999 -9999 -9999 -9999 -9999 -9999 -9999 -9999 -9999 -9999 -9999 -9999 -9999 -9999 -9999 -9999 -9999 -9999 -9999 -9999 -9999 -9999 -9999 -9999 -9999 -9999 -9999 -9999 -9999 -9999
-9999 -9999 -9999 -9999 -9999 -9999 -9999 -9999 -9999 -9999 -9999 -9999 -9999 -9999 -9999 -9999 -9999 -9999 -9999 -9999 -9999 -9999 -9999 -9999 -9999 -9999 -9999 -9999 -9999 -9999 -9999 -9999 -9999 -9999 -9999 -9999 -9999 -9999 -9999 -9999 -9999 -9999 -9999 -9999 -9999 -9999 -9999 -9999 -9999 -9999 -9999 -9999 -9999 -9999 -9999 -9999 -9999 -9999 -9999 -9999 -9999 -9999 -9999 -9999 -9999 -9999 -9999 -9999 -9999 -9999 -9999 -9999
-9999 -9999 -9999 -9999 -9999 -9999 -9999 -9999 -9999 -9999 -9999 -9999 -9999 -9999 -9999 -9999 -9999 -9999 -9999 -9999 -9999 -9999 -9999 -9999 -9999 -9999 -9999 -9999 -9999 -9999 -9999 -9999 -9999 -9999 -9999 -9999 -9999 -9999 -9999 -9999 -9999 -9999 -9999 -9999 -9999 -9999 -9999 -9999 -9999 -9999 -9999 -9999 -9999 -9999 -9999 -9999 -9999 -9999 -9999 -9999 -9999 -9999 -9999 -9999 -9999 -9999 -9999 -9999 -9999 -9999 -9999 -9999
-9999 -9999 -9999 -9999 -9999 -9999 -9999 -9999 -9999 -9999 -9999 -9999 -9999 -9999 -9999 -9999 -9999 -9999 -9999 -9999 -9999 -9999 -9999 -9999 -9999 -9999 -9999 -9999 -9999 -9999 -9999 -9999 -9999 -9999 -9999 -9999 -9999 -9999 -9999 -9999 -9999 -9999 -9999 -9999 -9999 -9999 -9999 -9999 -9999 -9999 -9999 -9999 -9999 -9999 -9999 -9999 -9999 -9999 -9999 -9999 -9999 -9999 -9999 -9999 -9999 -9999 -9999 -9999 -9999 -9999 -9999 -9999
-9999 -9999 -9999 -9999 -9999 -9999 -9999 -9999 -9999 -9999 -9999 -9999 -9999 -9999 -9999 -9999 -9999 -9999 -9999 -9999 -9999 -9999 -9999 -9999 -9999 -9999 -9999 -9999 -9999 -9999 -9999 -9999 -9999 -9999 -9999 -9999 -9999 -9999 -9999 -9999 -9999 -9999 -9999 -9999 -9999 -9999 -9999 -9999 -9999 -9999 -9999 -9999 -9999 -9999 -9999 -9999 -9999 -9999 -9999 -9999 -9999 -9999 -9999 -9999 -9999 -9999 -9999 -9999 -9999 -9999 -9999 -9999
-9999 -9999 -9999 -9999 -9999 -9999 -9999 -9999 -9999 -9999 -9999 -9999 -9999 -9999 -9999 -9999 -9999 -9999 -9999 -9999 -9999 -9999 -9999 -9999 -9999 -9999 -9999 -9999 -9999 -9999 -9999 -9999 -9999 -9999 -9999 -9999 -9999 -9999 -9999 -9999 -9999 -9999 -9999 -9999 -9999 -9999 -9999 -9999 -9999 -9999 -9999 -9999 -9999 -9999 -9999 -9999 -9999 -9999 -9999 -9999 -9999 -9999 -9999 -9999 -9999 -9999 -9999 -9999 -9999 -9999 -9999 -9999
-9999 -9999 -9999 -9999 -9999 -9999 -9999 -9999 -9999 -9999 -9999 -9999 -9999 -9999 -9999 -9999 -9999 -9999 -9999 -9999 -9999 -9999 -9999 -9999 -9999 -9999 -9999 -9999 -9999 -9999 -9999 -9999 -9999 -9999 -9999 -9999 -9999 -9999 -9999 -9999 -9999 -9999 -9999 -9999 -9999 -9999 -9999 -9999 -9999 -9999 -9999 -9999 -9999 -9999 -9999 -9999 -9999 -9999 -9999 -9999 -9999 -9999 -9999 -9999 -9999 -9999 -9999 -9999 -9999 -9999 -9999 -9999
-9999 -9999 -9999 -9999 -9999 -9999 -9999 -9999 -9999 -9999 -9999 -9999 -9999 -9999 -9999 -9999 -9999 -9999 -9999 -9999 -9999 -9999 -9999 -9999 -9999 -9999 -9999 -9999 -9999 -9999 -9999 -9999 -9999 -9999 -9999 -9999 -9999 -9999 -9999 -9999 -9999 -9999 -9999 -9999 -9999 -9999 -9999 -9999 -9999 -9999 -9999 -9999 -9999 -9999 -9999 -9999 -9999 -9999 -9999 -9999 -9999 -9999 -9999 -9999 -9999 -9999 -9999 -9999 -9999 -9999 -9999 -9999
130.48 130.67 130.79 130.82 130.72 130.61 130.78 131.16 129 126.42 126.01 126.78 127.46 127.34 126.84 126.4 126.08 126.02 126.02 126.02 126.02 126.02 126.02 126.02 126.02 126.02 126.02 126.02 126.02 -9999 -9999 -9999 -9999 -9999 -9999 -9999 -9999 -9999 -9999 -9999 -9999 -9999 -9999 -9999 -9999 -9999 -9999 -9999 -9999 -9999 -9999 -9999 -9999 -9999 -9999 -9999 -9999 -9999 -9999 -9999 -9999 -9999 -9999 -9999 -9999 -9999 -9999 -9999 -9999 -9999 -9999 -9999
130.48 130.61 130.66 130.65 130.67 130.79 131.01 129.95 127.06 126.09 126.47 127.46 127.79 127.52 126.91 126.35 126.05 126.01 126.01 126.02 126.02 126.02 126.02 126.02 126.02 126.02 126.02 126.02 126.02 126.02 126.02 126.02 126.02 126.02 126.02 126.02 126.02 126.02 126.02 126.03 126.03 126.03 126.03 126.03 126.03 126.03 126.03 126.03 126.03 126.03 126.11 127.87 130.49 130.88 130.79 130.65 130.52 130.12 129.89 129.68 129.71 129.48 127.45 126.03 125.88 125.88 125.89 125.89 125.89 125.89 125.8 125.85
130.41 130.5 130.53 130.5 130.68 131.02 130.4 127.56 126.17 126.24 127.31 127.93 128.03 127.64 126.95 126.29 126.03 126.01 126.01 126.01 126.01 126.01 126.02 126.02 126.02 126.02 126.02 126.02 126.02 126.02 126.02 126.02 126.02 126.02 126.02 126.02 126.02 126.02 126.02 126.02 126.02 126.02 126.02 126.02 126.02 126.02 126.03 126.03 126.03 126.03 126.15 128.17 130.57 130.76 130.66 130.53 130.16 129.89 129.76 129.64 129.33 127.84 126.39 125.91 125.88 125.88 125.88 125.89 125.89 125.92 126.1 126.49
130.45 130.55 130.62 130.61 130.84 130.85 128.44 126.34 126.11 126.87 127.8 128.1 128.14 127.67 126.91 126.21 126.02 126.01 126.01 126.01 126.01 126.01 126.01 126.01 126.01 126.02 126.02 126.02 126.02 126.02 126.02 126.02 126.02 126.02 126.02 126.02 126.02 126.02 126.02 126.02 126.02 126.02 126.02 126.02 126.02 126.02 126.02 126.02 126.02 126.03 126.2 128.42 130.59 130.65 130.46 130.2 129.9 129.85 129.68 129.31 127.93 126.46 125.94 125.87 125.87 125.88 125.88 125.89 125.9 126.14 126.64 127.09
130.49 130.6 130.69 130.71 130.68 129.15 126.72 126.05 126.5 127.55 127.89 128.07 128.01 127.61 126.78 126.14 126.01 126.01 126.01 126.01 126.01 126.01 126.01 126.01 126.01 126.01 126.01 126.01 126.02 126.02 126.02 126.02 126.02 126.02 126.02 126.02 126.02 126.02 126.02 126.02 126.02 126.02 126.02 126.02 126.02 126.02 126.02 126.02 126.02 126.03 126.31 128.72 130.52 130.5 130.21 129.9 129.8 129.75 129.41 128.07 126.45 125.94 125.87 125.87 125.87 125.88 125.88 125.89 126.13 126.75 127.22 127.49
130.54 130.62 130.63 130.5 128.77 126.83 126.09 126.21 127.22 127.79 127.77 128 127.89 127.57 126.61 126.06 126.01 126.01 126.01 126.01 126.01 126.01 126.01 126.01 126.01 126.01 126.01 126.01 126.01 126.01 126.01 126.02 126.02 126.02 126.02 126.02 126.02 126.02 126.02 126.02 126.02 126.02 126.02 126.02 126.02 126.02 126.02 126.02 126.02 126.02 126.54 129.15 130.38 130.23 129.93 129.71 129.67 129.47 128.34 126.67 125.92 125.86 125.87 125.87 125.87 125.88 125.88 126.02 126.8 127.37 127.55 127.73
130.66 130.81 130.74 129.19 126.71 126.09 126.02 126.81 127.65 127.58 127.91 128.15 127.81 127.38 126.37 126.02 126 126 126.01 126.01 126.01 126.01 126.01 126.01 126.01 126.01 126.01 126.01 126.01 126.01 126.01 126.01 126.01 126.01 126.02 126.02 126.02 126.02 126.02 126.02 126.02 126.02 126.02 126.02 126.02 126.02 126.04 126.03 126.02 126.02 126.63 129.23 130.15 130.01 129.73 129.6 129.44 128.57 126.94 126.01 125.86 125.86 125.86 125.87 125.87 125.88 125.96 126.62 127.56 127.69 127.76 127.91
130.98 131.44 130.66 127.8 126.12 126 126.2 127.34 127.35 127.41 128.25 128.25 127.77 127.05 126.14 126 126 126 126 126 126 126.01 126.01 126.01 126.01 126.01 126.01 126.01 126.01 126.01 126.01 126.01 126.01 126.01 126.01 126.01 126.01 126.02 126.02 126.02 126.02 126.02 126.02 126.02 126.02 126.1 126.29 126.14 126.02 126.01 126.45 128.8 129.94 129.89 129.6 129.43 128.75 127.23 126.11 125.86 125.86 125.86 125.86 125.87 125.87 125.95 126.52 127.51 127.84 127.83 127.93 127.86
131.12 131.59 130.56 127.47 126.03 126.01 126.62 127.46 127.17 127.61 128.4 128.11 127.61 126.57 126.02 126 126 126 126 126 126 126 126 126 126 126.01 126.01 126.01 126.01 126.01 126.01 126.01 126.01 126.01 126.01 126.01 126.01 126.01 126.01 126.01 126.02 126.02 126.02 126.02 126.08 126.38 126.58 126.32 126.04 125.99 126.18 128.14 129.82 129.76 129.47 128.77 127.35 126.21 125.87 125.85 125.85 125.86 125.86 125.86 125.9 126.41 127.47 127.97 127.85 128 127.92 127.7
130.46 130.73 128.95 126.58 126.01 126.06 127.11 127.65 127.53 127.92 128.26 127.93 127.24 126.17 125.99 125.99 126 126 126 126 126 126 126 126 126 126 126 126 126.01 126.01 126.01 126.01 126.01 126.01 126.01 126.01 126.01 126.01 126.01 126.01 126.01 126.01 126.01 126.04 126.27 126.69 126.91 126.62 126.12 125.97 126.01 127.35 129.51 129.63 128.98 127.63 126.23 125.87 125.84 125.85 125.85 125.85 125.86 125.86 126.22 127.31 128.13 128.09 128.08 128.15 127.87 127.74
129.32 128.52 126.79 126.08 126 126.08 127.29 127.75 127.86 128.1 128.08 127.82 126.73 126.01 125.99 125.99 125.99 125.99 125.99 125.99 126 126 126 126 126 126 126 126 126 126 126 126.01 126.01 126.01 126.01 126.01 126.01 126.01 126.01 126.01 126.01 126.01 126.01 126.12 126.5 126.99 127.41 127.06 126.33 125.96 125.94 126.7 129.29 129.2 128.08 126.57 125.87 125.84 125.84 125.84 125.84 125.85 125.85 125.98 127.06 128 128.39 128.48 128.37 128.12 127.94 127.81
128.47 127.01 126.06 125.99 125.99 126.03 126.75 127.05 127.29 127.94 128.03 127.44 126.28 125.99 125.99 125.99 125.99 125.99 125.99 125.99 125.99 125.99 125.99 126 126 126 126 126 126 126 126 126 126 126 126.01 126.01 126.01 126.01 126.01 126.01 126.01 126.01 126.03 126.27 126.71 127.48 127.91 127.39 126.52 126.02 125.91 126.34 128.81 128.44 127.02 126 125.84 125.84 125.84 125.84 125.84 125.84 125.89 126.61 127.84 128.28 128.7 128.93 128.48 128.06 127.91 127.82
127.67 126.31 125.99 125.99 125.99 125.99 126.16 126.25 126.36 127 127.72 126.81 126.06 125.99 125.99 125.99 125.99 125.99 125.99 125.99 125.99 125.99 125.99 125.99 125.99 125.99 126 126 126 126 126 126 126 126 126 126 126 126.01 126.01 126.01 126.01 126.01 126.07 126.46 127.05 127.77 127.7 127.41 126.64 126.1 125.89 126.16 128.11 127.44 126.23 125.85 125.83 125.84 125.84 125.84 125.84 125.85 126.2 127.44 128.19 128.73 129.15 129.11 128.57 128.04 127.78 127.83
126.69 126.05 125.99 125.99 125.99 125.99 126.01 126.28 126.3 126.18 126.83 126.27 125.99 125.98 125.98 125.98 125.98 125.98 125.98 125.98 125.98 125.98 125.98 125.98 125.99 125.99 125.99 125.99 125.99 126 126 126 126 126 126 126 126 126 126 126 126 126.01 126.19 126.89 127.47 127.68 127.48 127.46 126.82 126.16 125.88 125.96 127 126.48 125.9 125.83 125.83 125.83 125.84 125.84 125.84 125.97 126.86 127.84 128.64 129.52 129.43 129.07 128.63 127.99 127.76 127.81
126.13 125.99 125.99 125.98 125.98 125.99 126.45 127.62 127.21 126.09 126.1 126.01 125.97 125.97 125.97 125.97 125.97 125.98 125.98 125.98 125.98 125.98 125.98 125.98 125.98 125.98 125.98 125.98 125.98 125.99 125.99 125.99 126 126 126 126 126 126 126 126 126 126.01 126.36 127.17 127.52 127.39 127.45 127.48 126.91 126.16 125.87 125.85 126.1 125.95 125.83 125.83 125.83 125.83 125.83 125.84 125.87 126.38 127.51 128.36 129.6 130.16 129.65 129.13 128.66 128.05 127.93 127.64
125.99 125.99 125.98 125.98 125.99 126.29 127.91 129.09 128 126.18 125.95 125.95 125.95 125.95 125.96 125.96 125.96 125.96 125.97 125.97 125.97 125.97 125.97 125.97 125.97 125.97 125.97 125.97 125.98 125.98 125.98 125.98 125.99 125.99 125.99 126 126 126 126 126 126 126.02 126.53 127.22 127.4 127.43 127.5 127.5 126.99 126.17 125.86 125.83 125.83 125.83 125.83 125.83 125.83 125.83 125.83 125.83 126.02 127.04 128.19 129.53 130.4 130.39 129.85 129.33 128.7 128.21 128.1 127.05
125.99 125.99 125.98 125.98 126.32 127.94 129.47 129.47 128.47 126.37 125.93 125.93 125.93 125.93 125.94 125.94 125.94 125.94 125.95 125.95 125.95 125.95 125.96 125.96 125.96 125.96 125.96 125.96 125.97 125.97 125.97 125.97 125.97 125.98 125.98 125.98 125.99 125.99 126 126 126 126.04 126.67 127.23 127.49 127.49 127.56 127.53 127.02 126.14 125.85 125.82 125.82 125.83 125.83 125.83 125.83 125.83 125.83 125.85 126.46 127.92 129.31 130.37 130.44 130.39 129.96 129.45 128.77 128.28 128.09 126.46
125.99 125.98 125.98 126.1 127.47 129.82 129.95 129.4 129.01 126.56 125.9 125.91 125.91 125.91 125.91 125.92 125.92 125.92 125.93 125.93 125.93 125.93 125.94 125.94 125.94 125.94 125.95 125.95 125.95 125.95 125.96 125.96 125.96 125.96 125.96 125.97 125.97 125.97 125.98 125.98 125.99 126.08 126.83 127.3 127.54 127.46 127.63 127.63 127.08 126.02 125.83 125.82 125.82 125.82 125.82 125.82 125.82 125.82 125.82 125.99 127.27 129.11 130.27 130.45 130.4 130.41 130.05 129.47 128.82 128.26 127.51 126.05
125.98 125.98 126.1 127.13 129.15 130.34 129.77 129.58 128.92 126.34 125.88 125.88 125.88 125.88 125.89 125.89 125.89 125.9 125.9 125.9 125.91 125.91 125.91 125.92 125.92 125.92 125.92 125.93 125.93 125.93 125.94 125.94 125.94 125.94 125.95 125.95 125.95 125.95 125.96 125.96 125.97 126.11 126.97 127.5 127.61 127.54 127.77 127.81 127.05 125.94 125.82 125.82 125.82 125.82 125.82 125.82 125.82 125.82 125.83 126.45 128.44 130.21 130.64 130.51 130.37 130.29 130.15 129.48 128.87 128.06 126.61 125.91
125.98 125.99 126.97 129.08 130.18 130.29 129.86 129.85 127.94 125.94 125.85 125.85 125.85 125.86 125.86 125.86 125.87 125.87 125.87 125.88 125.88 125.88 125.89 125.89 125.89 125.89 125.9 125.9 125.9 125.91 125.91 125.91 125.92 125.92 125.92 125.93 125.93 125.93 125.93 125.94 125.94 126.06 127.01 127.69 127.77 127.8 127.93 127.9 126.83 125.93 125.82 125.82 125.82 125.82 125.82 125.82 125.82 125.82 125.94 127.45 129.75 130.72 130.86 130.88 130.62 130.07 130.09 129.54 128.86 127.69 126.07 125.89
125.99 126.26 128.59 130.26 130.36 130.39 130.25 129.76 126.86 125.82 125.83 125.83 125.83 125.83 125.84 125.84 125.84 125.85 125.85 125.85 125.86 125.86 125.86 125.87 125.87 125.87 125.87 125.88 125.88 125.88 125.88 125.89 125.89 125.89 125.89 125.9 125.9 125.9 125.9 125.91 125.91 126 126.97 127.65 127.77 127.82 127.89 127.77 126.51 125.93 125.82 125.82 125.82 125.82 125.82 125.82 125.82 125.84 126.46 128.97 130.66 130.9 130.88 130.98 130.64 129.85 129.91 129.64 128.64 126.84 125.9 125.89
