LISFLOOD/dem10.asc
NCOLS 400 
NROWS 288 
XLLCORNER 341244.004906891 
YLLCORNER 4516825.80519417 
CELLSIZE 10 
NODATA_value -9999 
[rows 192 to 223 of 288, columns 72 to 143 of 400]
143.87 142.9 141.3 141.14 141.22 141.3 141.32 141.32 141.32 141.27 141.24 141.19 141.11 141 140.84 140.62 140.39 140.1 139.74 139.43 139.25 139.08 138.92 138.72 138.66 138.54 138.37 138.18 137.99 137.83 137.64 137.46 137.21 136.71 136.38 136.22 136.09 135.78 135.91 136.24 136.34 136.38 136.33 136.15 136.01 135.85 135.7 135.71 135.43 135.05 134.96 134.75 134.56 134.37 134.22 134.12 134.06 133.87 133.59 133.47 133.4 133.4 133.53 133.61 133.64 133.71 133.76 133.73 133.59 133.59 133.96 134.26
144 143.46 141.78 141.18 141.19 141.25 141.29 141.32 141.33 141.29 141.24 141.16 141.05 140.92 140.74 140.54 140.35 140.02 139.62 139.33 139.21 139.18 139.12 138.96 139.01 138.92 138.62 138.32 138.11 137.93 137.69 137.49 137.26 136.77 136.36 136.17 136.03 135.87 135.68 135.89 136.15 136.24 136.25 136.08 135.94 135.85 135.67 135.58 135.5 135.02 134.9 134.74 134.53 134.34 134.2 134.12 134.06 133.9 133.58 133.44 133.35 133.31 133.39 133.51 133.62 133.76 133.82 133.83 133.64 133.53 133.83 134.16
144.16 143.89 142.79 141.87 141.72 141.78 141.82 141.83 141.8 141.76 141.71 141.62 141.46 141.28 141.12 140.99 140.82 140.31 139.46 139.05 139.19 139.4 139.38 139.3 139.35 139.31 138.97 138.45 138.2 138.02 137.78 137.55 137.33 136.88 136.36 136.16 136 135.86 135.63 135.6 135.93 136.03 136.06 135.96 135.84 135.83 135.67 135.51 135.54 135.07 134.84 134.73 134.55 134.36 134.22 134.14 134.04 133.84 133.48 133.36 133.3 133.29 133.46 133.59 133.63 133.74 133.86 133.86 133.54 133.5 133.72 134.19
144.51 144.38 143.96 143.28 143.04 143 142.93 142.83 142.67 142.49 142.32 142.15 141.96 141.8 141.71 141.63 141.5 140.83 139.5 138.81 139.03 139.4 139.41 139.4 139.35 139.21 138.93 138.49 138.23 138.05 137.82 137.58 137.36 137.02 136.41 136.15 135.99 135.86 135.66 135.46 135.56 135.8 135.77 135.7 135.59 135.61 135.56 135.41 135.43 135.16 134.82 134.69 134.56 134.4 134.3 134.22 134.02 133.73 133.43 133.35 133.31 133.34 133.63 133.77 133.73 133.78 133.9 133.83 133.37 133.49 133.68 134.31
144.92 144.76 144.56 144.3 144.02 143.76 143.53 143.34 143.16 143 142.84 142.63 142.38 142.21 142.09 142 141.85 141.19 139.7 139.1 139.24 139.4 139.39 139.36 139.19 139 138.79 138.44 138.21 138.06 137.83 137.58 137.36 137.08 136.46 136.18 136 135.88 135.7 135.52 135.32 135.43 135.54 135.44 135.34 135.3 135.29 135.22 135.18 135.14 134.88 134.62 134.53 134.41 134.33 134.27 134.01 133.68 133.42 133.33 133.34 133.36 133.73 133.95 133.89 133.89 133.98 133.77 133.25 133.44 133.8 134.36
145.3 145.12 144.97 144.78 144.51 144.27 144.05 143.83 143.62 143.38 143.15 142.9 142.67 142.53 142.38 142.24 142.03 141.47 139.97 139.39 139.39 139.38 139.36 139.22 139.03 138.84 138.64 138.42 138.21 138.05 137.86 137.64 137.38 137.1 136.5 136.18 136.01 135.87 135.73 135.59 135.41 135.2 135.34 135.29 135.23 135.15 135.09 135.01 134.93 134.92 134.85 134.5 134.41 134.35 134.28 134.22 134.02 133.72 133.48 133.39 133.39 133.37 133.6 133.98 133.99 134.03 134.13 133.67 133.12 133.4 133.77 134.29
145.74 145.61 145.47 145.26 144.97 144.72 144.51 144.3 144.04 143.76 143.53 143.27 143.05 142.87 142.69 142.51 142.22 141.73 140.25 139.44 139.42 139.37 139.27 139.09 138.92 138.75 138.58 138.42 138.25 138.06 137.88 137.69 137.42 137.09 136.53 136.16 136 135.85 135.75 135.6 135.54 135.31 135.16 135.2 135.17 135.12 135.02 134.92 134.79 134.65 134.61 134.45 134.35 134.29 134.22 134.15 134.01 133.78 133.56 133.49 133.48 133.46 133.5 133.83 133.99 134.12 134.19 133.62 133.33 133.59 133.85 134.25
146.14 145.98 145.8 145.6 145.35 145.13 144.96 144.75 144.47 144.22 144.01 143.77 143.53 143.27 143.13 143.08 142.67 142.11 140.63 139.44 139.4 139.36 139.22 139.06 138.89 138.73 138.57 138.42 138.27 138.08 137.86 137.65 137.43 137.07 136.58 136.13 135.98 135.85 135.76 135.61 135.51 135.43 135.1 135.05 135.1 135.05 134.93 134.87 134.76 134.56 134.47 134.47 134.42 134.34 134.27 134.18 134.05 133.84 133.64 133.6 133.57 133.56 133.61 133.73 134.22 134.5 134.1 133.47 133.48 133.78 134.22 134.54
146.58 146.39 146.08 145.87 145.63 145.44 145.26 145.07 144.87 144.72 144.58 144.43 144.19 143.95 143.91 143.83 143.34 142.65 141.14 139.56 139.4 139.31 139.18 139.03 138.87 138.72 138.57 138.42 138.27 138.11 137.84 137.63 137.41 137.08 136.66 136.22 136.04 135.89 135.77 135.62 135.48 135.43 135.2 134.94 134.91 134.91 134.83 134.73 134.65 134.53 134.48 134.49 134.46 134.42 134.4 134.32 134.15 133.94 133.77 133.71 133.63 133.62 133.74 133.85 134.29 134.34 133.93 133.34 133.59 133.98 134.45 134.61
147.08 146.86 146.38 146.04 145.8 145.64 145.48 145.31 145.18 145.09 145.03 144.96 144.83 144.77 144.76 144.5 143.93 143.18 141.71 139.74 139.36 139.21 139.13 139 138.85 138.71 138.57 138.42 138.27 138.1 137.86 137.62 137.41 137.13 136.75 136.37 136.13 135.94 135.76 135.63 135.52 135.46 135.31 135.04 134.79 134.75 134.71 134.65 134.55 134.5 134.46 134.49 134.48 134.45 134.42 134.35 134.2 134.03 133.88 133.81 133.71 133.65 133.75 133.9 134.14 134.15 133.79 133.33 133.7 134.16 134.55 134.59
147.51 147.28 146.69 146.17 145.9 145.77 145.6 145.42 145.32 145.22 145.17 145.21 145.27 145.36 145.32 144.98 144.38 143.65 142.26 139.98 139.34 139.16 139.04 138.94 138.81 138.67 138.53 138.39 138.25 138.11 137.91 137.64 137.38 137.13 136.81 136.48 136.18 135.97 135.77 135.63 135.56 135.5 135.36 135.18 134.97 134.71 134.59 134.63 134.57 134.5 134.45 134.47 134.47 134.44 134.41 134.34 134.24 134.1 133.95 133.87 133.82 133.77 133.76 133.91 134.17 134.07 133.59 133.36 133.81 134.32 134.59 134.58
147.73 147.59 146.98 146.27 146.01 145.88 145.7 145.48 145.29 145.14 145.12 145.21 145.26 145.37 145.48 145.27 144.75 144.07 142.84 140.35 139.34 139.14 138.98 138.86 138.75 138.61 138.47 138.34 138.22 138.16 137.98 137.66 137.37 137.11 136.83 136.54 136.22 136.01 135.81 135.64 135.57 135.54 135.44 135.25 135.08 134.92 134.69 134.46 134.5 134.52 134.46 134.44 134.42 134.39 134.35 134.26 134.17 134.09 133.98 133.92 133.91 133.89 133.84 133.86 133.93 133.85 133.39 133.42 134.1 134.52 134.57 134.58
147.85 147.78 147.27 146.48 146.22 146.04 145.77 145.44 145.16 145 144.96 145.12 145.25 145.32 145.49 145.37 144.94 144.31 143.43 140.8 139.36 139.12 138.95 138.79 138.67 138.55 138.42 138.29 138.2 138.19 138.02 137.73 137.42 137.1 136.82 136.6 136.32 136.07 135.89 135.71 135.62 135.58 135.49 135.32 135.14 134.98 134.84 134.63 134.34 134.35 134.41 134.39 134.37 134.34 134.3 134.18 134.08 134.03 133.95 133.93 133.93 133.93 133.9 133.83 133.74 133.59 133.21 133.52 134.27 134.58 134.53 134.6
147.94 147.89 147.54 146.78 146.54 146.29 145.82 145.31 145.03 144.9 144.83 144.97 145.12 145.2 145.29 145.2 144.86 144.47 143.93 141.27 139.44 139.09 138.91 138.75 138.6 138.48 138.38 138.25 138.16 138.15 138.1 137.86 137.5 137.1 136.8 136.63 136.44 136.15 135.96 135.79 135.69 135.61 135.51 135.34 135.19 135.05 134.9 134.72 134.53 134.19 134.25 134.32 134.32 134.3 134.26 134.14 134.05 134 133.92 133.92 133.93 133.96 133.92 133.85 133.77 133.55 133.2 133.7 134.31 134.51 134.53 134.78
148.01 147.97 147.78 147.14 146.96 146.62 146.02 145.41 145.02 144.82 144.74 144.83 144.88 144.91 144.91 144.78 144.55 144.34 144 141.63 139.59 139.14 138.92 138.71 138.53 138.4 138.35 138.23 138.16 138.18 138.19 137.98 137.57 137.12 136.8 136.62 136.5 136.22 136 135.84 135.73 135.63 135.52 135.34 135.23 135.09 134.93 134.78 134.67 134.41 134.04 134.11 134.23 134.21 134.2 134.11 134.04 133.97 133.95 133.96 133.95 133.96 133.93 133.86 133.76 133.47 133.33 133.91 134.39 134.45 134.62 135.06
148.04 148.03 147.92 147.43 147.19 146.81 146.24 145.64 145.23 144.95 144.66 144.77 144.66 144.5 144.37 144.19 143.89 143.54 143.21 141.67 139.75 139.22 138.97 138.72 138.48 138.34 138.32 138.23 138.18 138.25 138.24 138.02 137.59 137.14 136.81 136.58 136.47 136.26 136.04 135.86 135.73 135.61 135.48 135.32 135.24 135.12 134.96 134.81 134.69 134.6 134.39 134.02 134.06 134.09 134.1 134.06 133.99 133.92 133.96 134.04 134.01 133.97 133.95 133.85 133.71 133.43 133.54 134.2 134.44 134.42 134.8 135.32
148.03 148.01 147.89 147.55 147.23 146.91 146.62 146.43 146.33 146.1 145.09 144.4 144.32 143.98 143.81 143.59 143.22 142.77 142.32 141.42 139.85 139.28 139.02 138.75 138.48 138.33 138.3 138.24 138.19 138.26 138.24 138.03 137.6 137.15 136.8 136.53 136.42 136.25 136.03 135.85 135.7 135.56 135.4 135.29 135.22 135.13 135.01 134.86 134.71 134.63 134.48 134.18 133.9 133.95 133.98 134.01 133.96 133.93 133.98 134.03 134.01 133.96 133.95 133.86 133.68 133.43 133.7 134.37 134.4 134.44 134.93 135.41
147.98 147.93 147.79 147.53 147.23 147.04 146.9 146.77 146.61 146.43 145.55 144.26 144.08 143.55 143.28 143.06 142.7 142.21 141.69 141.09 139.85 139.32 139.06 138.78 138.49 138.32 138.28 138.23 138.19 138.22 138.18 137.94 137.53 137.13 136.76 136.49 136.38 136.2 135.94 135.77 135.66 135.53 135.38 135.26 135.16 135.05 134.94 134.82 134.73 134.63 134.42 134.07 133.78 133.96 133.96 133.98 133.97 133.99 134.02 134.01 133.97 133.91 133.91 133.81 133.66 133.46 133.77 134.39 134.34 134.48 134.93 135.38
147.94 147.85 147.68 147.38 147.09 146.93 146.8 146.68 146.53 146.41 145.79 144.55 143.85 143.16 142.89 142.74 142.42 141.87 141.33 140.85 139.75 139.27 138.99 138.74 138.48 138.3 138.26 138.22 138.16 138.12 138.03 137.77 137.43 137.09 136.79 136.5 136.37 136.16 135.83 135.68 135.59 135.46 135.32 135.2 135.11 134.98 134.83 134.74 134.7 134.56 134.27 133.95 133.67 133.92 133.95 133.96 133.97 134.01 134.01 133.99 133.94 133.87 133.83 133.73 133.61 133.44 133.74 134.34 134.29 134.48 134.86 135.26
147.85 147.71 147.5 147.21 146.95 146.82 146.71 146.63 146.55 146.48 146.02 144.53 143.45 142.86 142.65 142.53 142.22 141.65 141.11 140.65 139.55 138.97 138.73 138.52 138.36 138.25 138.22 138.17 138.06 137.97 137.86 137.65 137.39 137.12 136.93 136.58 136.34 136.16 135.77 135.61 135.5 135.38 135.27 135.17 135.03 134.89 134.73 134.66 134.63 134.47 134.11 133.86 133.6 133.88 133.95 133.94 133.96 134 133.99 133.97 133.9 133.8 133.74 133.64 133.47 133.3 133.68 134.27 134.28 134.49 134.79 135.1
147.73 147.54 147.31 147.06 146.96 146.89 146.8 146.73 146.64 146.59 146.23 144.58 143.22 142.65 142.46 142.29 141.93 141.38 140.87 140.45 139.39 138.63 138.5 138.35 138.27 138.2 138.15 138.07 137.93 137.8 137.69 137.54 137.34 137.14 137.01 136.65 136.29 136.15 135.74 135.51 135.39 135.27 135.18 135.07 134.95 134.81 134.66 134.57 134.54 134.39 133.99 133.78 133.53 133.79 133.99 133.91 133.9 133.93 133.92 133.89 133.82 133.72 133.66 133.56 133.37 133.21 133.61 134.2 134.21 134.33 134.65 135.01
147.67 147.48 147.2 146.96 147.01 147.02 146.94 146.82 146.63 146.43 145.94 144.56 143.21 142.59 142.35 142.02 141.6 141.08 140.61 140.28 139.38 138.46 138.51 138.51 138.34 138.13 138.03 137.9 137.76 137.62 137.49 137.38 137.21 137.05 136.91 136.6 136.24 136.15 135.74 135.45 135.31 135.18 135.08 134.98 134.87 134.75 134.61 134.49 134.43 134.3 133.91 133.74 133.47 133.51 133.9 133.85 133.84 133.85 133.85 133.83 133.76 133.67 133.62 133.54 133.44 133.37 133.73 134.15 134.01 134.19 134.64 135.02
147.69 147.44 147.08 146.86 146.93 146.85 146.55 146.07 145.54 145.04 144.57 143.99 143.29 142.7 142.29 141.83 141.41 140.95 140.46 140.12 139.41 138.47 138.8 138.67 138.28 138.02 137.87 137.72 137.57 137.45 137.32 137.2 137.06 136.9 136.71 136.42 136.2 136.14 135.76 135.39 135.26 135.12 135.02 134.91 134.79 134.66 134.52 134.42 134.32 134.15 133.81 133.7 133.65 133.27 133.72 133.84 133.81 133.86 134.02 134.03 133.74 133.57 133.59 133.57 133.47 133.49 133.94 134.01 133.83 134.37 134.84 135.16
147.78 147.66 147.18 146.81 146.52 145.87 145.13 144.58 144.18 143.93 143.74 143.62 143.39 142.74 142.15 141.65 141.21 140.7 140.18 139.76 139.3 138.62 138.94 138.52 138.09 137.91 137.73 137.56 137.41 137.26 137.12 136.98 136.84 136.68 136.58 136.51 136.24 136.1 135.78 135.34 135.18 135.04 134.93 134.82 134.7 134.56 134.44 134.32 134.17 133.93 133.71 133.66 133.65 133.26 133.57 133.75 133.71 133.82 134.16 134.06 133.53 133.38 133.47 133.5 133.4 133.58 134.04 133.78 133.85 134.65 135.01 135.37
148.01 147.97 147.37 146.78 145.95 144.58 143.99 143.78 143.7 143.66 143.6 143.55 143.45 142.71 141.8 141.09 140.57 140.05 139.63 139.29 139.04 138.69 138.65 138.32 138.06 137.85 137.64 137.46 137.3 137.13 136.93 136.74 136.47 136.18 136.09 136.35 136.19 136.03 135.79 135.34 135.16 135.04 134.95 134.91 134.87 134.84 134.82 134.77 134.69 134.31 133.7 133.59 133.58 133.24 133.42 133.6 133.59 133.77 134.04 133.78 133.34 133.3 133.36 133.5 133.34 133.8 134 133.66 134.09 134.78 135.13 135.55
147.96 147.93 147.33 146.67 145.73 144.11 143.63 143.59 143.62 143.64 143.6 143.54 143.45 142.77 141.55 140.55 139.99 139.58 139.27 139.04 138.86 138.64 138.44 138.26 138.06 137.84 137.63 137.43 137.26 137.06 136.79 136.51 135.68 135.07 135.02 136.02 136.05 135.94 135.84 135.57 135.56 135.57 135.57 135.56 135.55 135.51 135.48 135.43 135.37 134.94 133.77 133.53 133.51 133.14 133.37 133.5 133.5 133.61 133.67 133.5 133.35 133.35 133.35 133.49 133.47 133.98 133.86 133.86 134.43 134.84 135.31 135.7
147.69 147.42 146.89 146.43 145.7 144.15 143.55 143.54 143.58 143.59 143.56 143.52 143.44 142.94 141.53 140.41 139.82 139.52 139.22 139.01 138.83 138.66 138.47 138.28 138.11 137.87 137.63 137.4 137.22 136.98 136.66 136.36 135.33 134.65 134.64 135.68 135.87 135.8 135.7 135.73 135.77 135.76 135.74 135.72 135.68 135.62 135.57 135.53 135.46 135.13 133.79 133.46 133.36 133.12 133.46 133.49 133.49 133.48 133.42 133.38 133.37 133.43 133.5 133.63 133.8 133.98 133.78 134.23 134.64 134.99 135.5 135.82
147.34 146.95 146.56 146.15 145.55 144.32 143.48 143.46 143.5 143.51 143.5 143.5 143.45 143.13 141.6 140.44 139.76 139.49 139.27 139.08 138.93 138.76 138.51 138.3 138.17 137.9 137.64 137.4 137.2 136.94 136.58 136.23 135.45 134.71 134.61 135.33 135.63 135.66 135.53 135.68 135.73 135.71 135.71 135.71 135.68 135.61 135.56 135.5 135.42 135.05 133.71 133.43 133.25 133.15 133.41 133.41 133.28 133.29 133.34 133.46 133.56 133.66 133.8 133.9 133.96 133.85 133.78 134.39 134.67 135.16 135.61 135.86
147.12 146.72 146.3 145.85 145.32 144.49 143.44 143.34 143.4 143.42 143.43 143.46 143.45 143.27 141.75 140.49 139.8 139.54 139.38 139.21 139.07 138.88 138.6 138.37 138.24 137.98 137.71 137.47 137.22 136.95 136.57 136.14 135.56 135.01 134.91 135.43 135.47 135.47 135.36 135.5 135.63 135.64 135.65 135.63 135.6 135.52 135.45 135.34 135.2 134.65 133.5 133.42 133.01 133.08 133.25 133.33 133.36 133.53 133.59 133.71 133.81 133.86 133.93 133.94 133.89 133.73 133.89 134.45 134.72 135.28 135.67 136.05
147.08 146.61 146.08 145.59 145.12 144.56 143.49 143.25 143.29 143.31 143.34 143.38 143.4 143.3 141.98 140.6 139.95 139.72 139.57 139.41 139.22 139.03 138.78 138.55 138.37 138.15 137.91 137.67 137.34 137.05 136.6 136.15 135.91 135.69 135.58 135.41 135.02 135.23 135.28 135.04 135.04 134.92 134.79 134.66 134.56 134.43 134.33 134.23 134.11 133.74 133.32 133.24 132.82 133.3 133.32 133.36 133.63 133.83 133.86 134 134.03 133.94 133.88 133.87 133.8 133.68 134.11 134.58 134.89 135.4 135.75 136.25
147.14 146.67 146.06 145.51 145.02 144.53 143.58 143.2 143.23 143.2 143.22 143.23 143.2 143.04 142.04 140.79 140.21 139.98 139.8 139.68 139.47 139.28 139.1 138.9 138.67 138.47 138.23 137.93 137.59 137.14 136.64 136.32 135.96 135.57 135.25 134.98 134.71 134.97 135.25 134.42 134.02 133.84 133.75 133.67 133.56 133.49 133.4 133.3 133.24 133.13 133.25 133.04 133.18 133.54 133.43 133.47 133.8 133.91 133.97 134.15 134.2 134.04 133.88 133.87 133.85 133.78 134.25 134.68 135.15 135.59 135.93 136.34
147.22 146.84 146.18 145.58 145.09 144.68 143.87 143.27 143.17 143.11 143 142.79 142.52 142.23 141.68 140.96 140.5 140.28 140.09 140.04 139.87 139.7 139.55 139.3 139.02 138.71 138.43 138.06 137.73 137.33 136.84 136.37 135.99 135.69 135.44 135.21 134.83 134.86 135.27 134.8 134.31 134.19 134.4 134.33 134.03 133.84 133.7 133.26 133.11 133.17 133.2 132.99 133.57 133.69 133.52 133.57 133.83 133.94 134.02 134.12 134.18 134.01 133.85 133.96 134.14 134.1 134.34 134.95 135.51 135.86 136.16 136.45
