LISFLOOD/dem10.asc
NCOLS 400 
NROWS 288 
XLLCORNER 341244.004906891 
YLLCORNER 4516825.80519417 
CELLSIZE 10 
NODATA_value -9999 
[rows 256 to 287 of 288, columns 0 to 71 of 400]
-9999 -9999 -9999 -9999 -9999 181.6 181.63 181.68 181.65 181.57 181.45 181.41 181.41 181.46 181.55 181.58 181.48 181.72 182.28 182.62 182.78 182.94 183.06 183.17 182.86 182.24 181.84 181.49 181.15 180.86 180.67 180.56 180.09 179.38 178.51 177.64 176.69 175.91 175.12 174.25 173.57 172.94 172.15 170.72 169.41 168.38 167.43 166.51 165.56 164.84 164.1 163.29 162.71 162.18 161.04 159.68 158.58 157.54 156.37 155.04 153.86 153.23 152.83 152.45 152.04 151.62 151.18 150.65 150.03 149.42 148.86 148.28
-9999 -9999 -9999 -9999 -9999 181.47 181.51 181.6 181.59 181.54 181.45 181.44 181.46 181.52 181.62 181.64 181.59 181.88 182.31 182.56 182.67 182.92 183.15 183.2 182.73 182.02 181.62 181.38 181.04 180.72 180.43 180.11 179.6 178.98 178.26 177.57 176.77 176.04 175.22 174.34 173.69 173.13 172.26 170.71 169.3 168.09 167.03 166.2 165.27 164.45 163.76 162.86 161.89 161 159.88 158.71 157.77 157.11 156.31 155.05 153.81 153.21 152.87 152.47 152.04 151.51 150.81 150.22 149.71 149.05 148.42 147.88
-9999 -9999 -9999 -9999 -9999 181.39 181.43 181.5 181.54 181.52 181.43 181.46 181.51 181.57 181.63 181.63 181.68 182.07 182.36 182.58 182.77 183.05 183.25 183.17 182.58 181.86 181.45 181.29 180.99 180.67 180.26 179.75 179.24 178.73 178.14 177.55 176.85 176.16 175.32 174.48 173.86 173.28 172.14 170.49 169.09 167.71 166.57 165.85 164.98 164.21 163.57 162.5 161 159.71 158.84 157.89 157.14 156.7 156.18 155.24 154.09 153.36 152.86 152.42 151.96 151.3 150.56 149.97 149.37 148.69 147.99 147.4
-9999 -9999 -9999 -9999 -9999 181.36 181.39 181.44 181.51 181.54 181.48 181.49 181.57 181.6 181.62 181.61 181.68 182.1 182.45 182.78 183.06 183.33 183.36 183.11 182.44 181.74 181.34 181.22 181.01 180.66 180.15 179.62 179.12 178.66 178.16 177.53 176.82 176.09 175.28 174.55 173.98 173.25 171.8 170.15 168.82 167.45 166.24 165.43 164.49 163.55 162.78 161.64 160.13 158.84 157.99 157.21 156.65 156.13 155.68 155.03 154.08 153.28 152.71 152.35 151.77 151.02 150.38 149.79 149.09 148.37 147.66 146.97
-9999 -9999 -9999 -9999 -9999 181.34 181.37 181.41 181.5 181.58 181.61 181.61 181.62 181.61 181.66 181.66 181.7 182.12 182.55 182.98 183.28 183.47 183.41 183.02 182.32 181.65 181.24 181.1 180.96 180.58 180.12 179.64 179.13 178.64 178.06 177.3 176.5 175.79 175.08 174.5 173.96 173.01 171.35 169.75 168.47 167.19 165.91 164.86 163.72 162.44 161.44 160.35 159.2 158.25 157.46 156.85 156.25 155.63 155.03 154.31 153.51 152.85 152.38 152.02 151.46 150.78 150.23 149.62 148.86 148.18 147.5 146.73
-9999 -9999 -9999 -9999 -9999 181.33 181.36 181.42 181.5 181.59 181.67 181.7 181.7 181.64 181.7 181.74 181.82 182.19 182.66 183.13 183.41 183.52 183.44 183 182.2 181.56 181.16 180.97 180.86 180.43 180.05 179.59 179.08 178.48 177.79 176.96 176.11 175.44 174.85 174.33 173.73 172.51 170.77 169.22 167.86 166.56 165.28 164.17 162.95 161.41 160.24 159.33 158.55 157.82 157.23 156.68 155.98 155.42 154.68 153.74 153.03 152.47 152.01 151.62 151.15 150.53 150.02 149.4 148.64 148.04 147.35 146.6
-9999 -9999 -9999 -9999 -9999 181.32 181.34 181.39 181.49 181.57 181.66 181.75 181.79 181.73 181.74 181.79 181.88 182.24 182.69 183.16 183.43 183.5 183.45 183.01 182.13 181.54 181.17 180.92 180.82 180.33 179.9 179.43 178.88 178.16 177.45 176.66 175.82 175.16 174.63 174.07 173.22 171.76 169.99 168.44 166.95 165.52 164.35 163.38 162.4 160.92 159.68 158.88 158.22 157.66 157.2 156.55 155.97 155.46 154.58 153.56 152.8 152.19 151.68 151.26 150.77 150.22 149.66 149.03 148.42 147.87 147.15 146.45
-9999 -9999 -9999 -9999 -9999 181.3 181.31 181.37 181.44 181.57 181.68 181.8 181.89 181.83 181.76 181.81 181.91 182.27 182.67 183.1 183.34 183.4 183.32 182.87 182.1 181.59 181.26 180.97 180.82 180.34 179.81 179.3 178.64 177.82 177.1 176.36 175.57 174.97 174.44 173.66 172.46 170.85 169.06 167.33 165.74 164.49 163.58 162.76 161.98 160.78 159.48 158.63 158.07 157.64 157.08 156.55 156.18 155.46 154.47 153.52 152.76 152.09 151.59 151.02 150.31 149.77 149.17 148.58 148.15 147.62 146.91 146.26
-9999 -9999 -9999 -9999 -9999 181.3 181.3 181.36 181.43 181.56 181.72 181.87 181.97 181.92 181.81 181.83 181.94 182.27 182.63 183.01 183.18 183.23 183.11 182.68 182.08 181.67 181.37 181.01 180.79 180.37 179.79 179.19 178.35 177.48 176.71 175.97 175.3 174.77 174.16 173 171.5 169.81 168 166.18 164.78 163.85 163.09 162.3 161.54 160.45 159.28 158.47 157.9 157.39 156.95 156.7 156.3 155.38 154.33 153.44 152.73 152.14 151.6 150.86 150 149.32 148.73 148.3 147.97 147.52 146.83 146.14
-9999 -9999 -9999 -9999 -9999 181.28 181.32 181.38 181.43 181.55 181.72 181.9 182.01 181.98 181.89 181.89 181.99 182.28 182.6 182.9 183.03 183.07 182.93 182.55 182.08 181.71 181.4 180.97 180.62 180.21 179.61 178.9 177.94 177.04 176.25 175.56 175.03 174.48 173.51 172.07 170.49 168.81 167 165.38 164.29 163.52 162.76 161.9 161.02 160.08 159.09 158.31 157.6 157.17 156.95 156.71 156.07 155.09 154.01 153.14 152.57 152.11 151.64 150.94 150.04 149.2 148.59 148.24 147.89 147.51 146.94 146.29
-9999 -9999 -9999 -9999 -9999 181.3 181.34 181.43 181.44 181.55 181.7 181.88 182.01 182.02 181.97 181.98 182.06 182.28 182.54 182.76 182.86 182.87 182.73 182.38 181.99 181.63 181.26 180.76 180.28 179.85 179.23 178.46 177.43 176.51 175.75 175.21 174.73 173.88 172.5 171.01 169.52 167.97 166.29 164.99 164.07 163.27 162.42 161.5 160.49 159.72 158.84 158.03 157.44 157.15 156.87 156.29 155.48 154.57 153.65 152.94 152.49 152.09 151.63 151.01 150.14 149.29 148.71 148.26 147.8 147.37 146.86 146.35
-9999 -9999 -9999 -9999 -9999 181.35 181.39 181.46 181.47 181.55 181.71 181.84 181.95 182.02 182.03 182.07 182.12 182.25 182.41 182.56 182.63 182.58 182.41 182.09 181.72 181.33 180.89 180.36 179.82 179.39 178.74 177.94 176.93 176.01 175.34 174.88 174.2 172.92 171.39 170.01 168.62 167.18 165.81 164.75 163.9 163.03 162.05 161.1 160.07 159.36 158.58 157.88 157.43 157.11 156.53 155.77 154.99 154.2 153.49 152.95 152.57 152.1 151.53 150.84 150.04 149.33 148.77 148.22 147.74 147.34 146.9 146.41
-9999 -9999 -9999 -9999 -9999 181.34 181.42 181.44 181.43 181.51 181.68 181.78 181.84 181.97 182.07 182.11 182.13 182.17 182.22 182.24 182.28 182.2 182.02 181.75 181.37 180.88 180.38 179.84 179.3 178.87 178.2 177.39 176.46 175.62 175.05 174.41 173.34 171.84 170.43 169.18 167.89 166.53 165.4 164.48 163.66 162.77 161.72 160.7 159.74 159.08 158.34 157.62 157.23 156.82 156.19 155.56 154.95 154.32 153.69 153.12 152.58 151.91 151.25 150.62 149.97 149.51 148.99 148.4 147.9 147.52 147.15 146.67
-9999 -9999 -9999 -9999 -9999 181.28 181.37 181.38 181.33 181.41 181.59 181.69 181.74 181.88 182.04 182.11 182.09 182.04 181.97 181.9 181.88 181.81 181.63 181.42 181.04 180.45 179.89 179.35 178.79 178.29 177.64 176.89 176.08 175.36 174.71 173.73 172.37 170.96 169.74 168.62 167.34 166.11 165.07 164.16 163.33 162.4 161.4 160.5 159.7 159.11 158.2 157.38 156.94 156.6 156.1 155.51 154.86 154.24 153.73 153.19 152.58 151.93 151.38 150.81 150.09 149.64 149.09 148.49 147.97 147.58 147.29 146.91
-9999 -9999 -9999 -9999 -9999 181.23 181.29 181.31 181.27 181.31 181.49 181.61 181.7 181.82 181.98 182.05 181.99 181.86 181.71 181.63 181.52 181.45 181.29 181.1 180.72 180.04 179.41 178.88 178.32 177.71 177.08 176.42 175.68 174.9 173.98 172.84 171.55 170.41 169.41 168.34 167.03 165.83 164.85 163.97 163.16 162.19 161.08 160.19 159.46 158.73 157.82 157.13 156.75 156.37 155.92 155.39 154.82 154.29 153.82 153.16 152.46 151.9 151.43 150.88 150.2 149.55 148.91 148.32 147.82 147.46 147.24 146.97
-9999 -9999 -9999 -9999 -9999 181.22 181.27 181.27 181.26 181.28 181.43 181.6 181.7 181.81 181.91 181.97 181.86 181.65 181.49 181.44 181.25 181.14 180.97 180.78 180.39 179.65 178.89 178.31 177.82 177.13 176.41 175.76 174.99 174.09 173.02 171.96 170.97 170.11 169.29 168.24 166.97 165.79 164.81 163.91 162.9 161.72 160.64 159.8 159.09 158.41 157.68 156.97 156.5 156.05 155.36 154.86 154.44 154 153.53 152.85 152.21 151.73 151.24 150.71 150.13 149.42 148.8 148.25 147.74 147.32 147.01 146.73
-9999 -9999 -9999 -9999 -9999 181.28 181.3 181.28 181.31 181.34 181.46 181.63 181.77 181.86 181.91 181.93 181.77 181.53 181.35 181.31 181.08 180.88 180.66 180.44 180.06 179.29 178.33 177.61 177.17 176.5 175.62 174.9 174.28 173.42 172.31 171.28 170.55 169.94 168.95 167.71 166.42 165.21 164.18 163.21 162.27 161.36 160.56 160.11 159.75 158.91 157.88 156.93 156.23 155.76 154.9 154.42 154.02 153.61 153.16 152.55 152.04 151.55 151.02 150.5 149.94 149.32 148.77 148.33 147.82 147.33 146.87 146.48
-9999 -9999 -9999 -9999 -9999 181.38 181.38 181.36 181.43 181.5 181.62 181.76 181.89 181.93 181.97 181.97 181.79 181.55 181.33 181.22 180.94 180.6 180.31 180.03 179.65 178.83 177.73 176.91 176.45 175.76 174.98 174.23 173.6 172.79 171.75 170.57 169.7 168.86 167.71 166.61 165.68 164.9 164.07 163.16 162.36 161.34 160.46 160.1 159.8 158.94 157.93 157.13 156.3 155.73 154.9 154.33 153.95 153.58 153.09 152.54 152.07 151.49 150.89 150.38 149.82 149.22 148.68 148.3 147.8 147.32 146.85 146.42
-9999 -9999 -9999 -9999 -9999 181.48 181.52 181.51 181.57 181.7 181.82 181.9 181.96 181.97 182.02 182.04 181.87 181.66 181.4 181.21 180.86 180.34 179.92 179.56 179.05 178.16 177.1 176.32 175.77 175.06 174.38 173.49 172.67 171.86 171.04 170.26 169.54 168.64 167.61 166.61 165.67 164.83 163.78 162.79 162.04 161.05 160.24 159.77 159.33 158.68 158.07 157.55 156.54 155.78 155.02 154.44 154.1 153.71 153.23 152.7 152.18 151.54 151.01 150.53 149.91 149.16 148.54 148.07 147.49 147.03 146.66 146.32
-9999 -9999 -9999 -9999 -9999 -9999 -9999 -9999 -9999 -9999 -9999 -9999 181.97 181.97 182.05 182.09 181.96 181.77 181.53 181.23 180.83 180.15 179.54 179.11 178.33 177.34 176.5 175.83 175.16 174.35 173.49 172.79 172.31 171.84 171.13 170.47 169.7 168.66 167.49 166.52 165.67 164.68 163.4 162.31 161.53 160.74 160.13 159.69 159.25 158.78 158.3 157.66 156.62 155.83 155.21 154.69 154.2 153.77 153.38 152.79 152.2 151.64 151.32 150.81 150.04 149.18 148.55 148 147.34 146.8 146.4 146.03
-9999 -9999 -9999 -9999 -9999 -9999 -9999 -9999 -9999 -9999 -9999 -9999 -9999 -9999 -9999 -9999 -9999 -9999 -9999 -9999 -9999 -9999 -9999 -9999 -9999 -9999 -9999 -9999 -9999 -9999 -9999 -9999 -9999 -9999 -9999 -9999 -9999 -9999 -9999 -9999 -9999 -9999 -9999 -9999 -9999 -9999 -9999 -9999 -9999 -9999 -9999 -9999 -9999 -9999 -9999 -9999 -9999 -9999 -9999 152.78 152.14 151.78 151.66 151.05 150.04 149.22 148.7 148.16 147.47 146.79 146.3 145.88
-9999 -9999 -9999 -9999 -9999 -9999 -9999 -9999 -9999 -9999 -9999 -9999 -9999 -9999 -9999 -9999 -9999 -9999 -9999 -9999 -9999 -9999 -9999 -9999 -9999 -9999 -9999 -9999 -9999 -9999 -9999 -9999 -9999 -9999 -9999 -9999 -9999 -9999 -9999 -9999 -9999 -9999 -9999 -9999 -9999 -9999 -9999 -9999 -9999 -9999 -9999 -9999 -9999 -9999 -9999 -9999 -9999 -9999 -9999 -9999 -9999 -9999 -9999 -9999 -9999 -9999 -9999 -9999 -9999 -9999 -9999 -9999
-9999 -9999 -9999 -9999 -9999 -9999 -9999 -9999 -9999 -9999 -9999 -9999 -9999 -9999 -9999 -9999 -9999 -9999 -9999 -9999 -9999 -9999 -9999 -9999 -9999 -9999 -9999 -9999 -9999 -9999 -9999 -9999 -9999 -9999 -9999 -9999 -9999 -9999 -9999 -9999 -9999 -9999 -9999 -9999 -9999 -9999 -9999 -9999 -9999 -9999 -9999 -9999 -9999 -9999 -9999 -9999 -9999 -9999 -9999 -9999 -9999 -9999 -9999 -9999 -9999 -9999 -9999 -9999 -9999 -9999 -9999 -9999
-9999 -9999 -9999 -9999 -9999 -9999 -9999 -9999 -9999 -9999 -9999 -9999 -9999 -9999 -9999 -9999 -9999 -9999 -9999 -9999 -9999 -9999 -9999 -9999 -9999 -9999 -9999 -9999 -9999 -9999 -9999 -9999 -9999 -9999 -9999 -9999 -9999 -9999 -9999 -9999 -9999 -9999 -9999 -9999 -9999 -9999 -9999 -9999 -9999 -9999 -9999 -9999 -9999 -9999 -9999 -9999 -9999 -9999 -9999 -9999 -9999 -9999 -9999 -9999 -9999 -9999 -9999 -9999 -9999 -9999 -9999 -9999
-9999 -9999 -9999 -9999 -9999 -9999 -9999 -9999 -9999 -9999 -9999 -9999 -9999 -9999 -9999 -9999 -9999 -9999 -9999 -9999 -9999 -9999 -9999 -9999 -9999 -9999 -9999 -9999 -9999 -9999 -9999 -9999 -9999 -9999 -9999 -9999 -9999 -9999 -9999 -9999 -9999 -9999 -9999 -9999 -9999 -9999 -9999 -9999 -9999 -9999 -9999 -9999 -9999 -9999 -9999 -9999 -9999 -9999 -9999 -9999 -9999 -9999 -9999 -9999 -9999 -9999 -9999 -9999 -9999 -9999 -9999 -9999
-9999 -9999 -9999 -9999 -9999 -9999 -9999 -9999 -9999 -9999 -9999 -9999 -9999 -9999 -9999 -9999 -9999 -9999 -9999 -9999 -9999 -9999 -9999 -9999 -9999 -9999 -9999 -9999 -9999 -9999 -9999 -9999 -9999 -9999 -9999 -9999 -9999 -9999 -9999 -9999 -9999 -9999 -9999 -9999 -9999 -9999 -9999 -9999 -9999 -9999 -9999 -9999 -9999 -9999 -9999 -9999 -9999 -9999 -9999 -9999 -9999 -9999 -9999 -9999 -9999 -9999 -9999 -9999 -9999 -9999 -9999 -9999
-9999 -9999 -9999 -9999 -9999 -9999 -9999 -9999 -9999 -9999 -9999 -9999 -9999 -9999 -9999 -9999 -9999 -9999 -9999 -9999 -9999 -9999 -9999 -9999 -9999 -9999 -9999 -9999 -9999 -9999 -9999 -9999 -9999 -9999 -9999 -9999 -9999 -9999 -9999 -9999 -9999 -9999 -9999 -9999 -9999 -9999 -9999 -9999 -9999 -9999 -9999 -9999 -9999 -9999 -9999 -9999 -9999 -9999 -9999 -9999 -9999 -9999 -9999 -9999 -9999 -9999 -9999 -9999 -9999 -9999 -9999 -9999
-9999 -9999 -9999 -9999 -9999 -9999 -9999 -9999 -9999 -9999 -9999 -9999 -9999 -9999 -9999 -9999 -9999 -9999 -9999 -9999 -9999 -9999 -9999 -9999 -9999 -9999 -9999 -9999 -9999 -9999 -9999 -9999 -9999 -9999 -9999 -9999 -9999 -9999 -9999 -9999 -9999 -9999 -9999 -9999 -9999 -9999 -9999 -9999 -9999 -9999 -9999 -9999 -9999 -9999 -9999 -9999 -9999 -9999 -9999 -9999 -9999 -9999 -9999 -9999 -9999 -9999 -9999 -9999 -9999 -9999 -9999 -9999
-9999 -9999 -9999 -9999 -9999 -9999 -9999 -9999 -9999 -9999 -9999 -9999 -9999 -9999 -9999 -9999 -9999 -9999 -9999 -9999 -9999 -9999 -9999 -9999 -9999 -9999 -9999 -9999 -9999 -9999 -9999 -9999 -9999 -9999 -9999 -9999 -9999 -9999 -9999 -9999 -9999 -9999 -9999 -9999 -9999 -9999 -9999 -9999 -9999 -9999 -9999 -9999 -9999 -9999 -9999 -9999 -9999 -9999 -9999 -9999 -9999 -9999 -9999 -9999 -9999 -9999 -9999 -9999 -9999 -9999 -9999 -9999
-9999 -9999 -9999 -9999 -9999 -9999 -9999 -9999 -9999 -9999 -9999 -9999 -9999 -9999 -9999 -9999 -9999 -9999 -9999 -9999 -9999 -9999 -9999 -9999 -9999 -9999 -9999 -9999 -9999 -9999 -9999 -9999 -9999 -9999 -9999 -9999 -9999 -9999 -9999 -9999 -9999 -9999 -9999 -9999 -9999 -9999 -9999 -9999 -9999 -9999 -9999 -9999 -9999 -9999 -9999 -9999 -9999 -9999 -9999 -9999 -9999 -9999 -9999 -9999 -9999 -9999 -9999 -9999 -9999 -9999 -9999 -9999
-9999 -9999 -9999 -9999 -9999 -9999 -9999 -9999 -9999 -9999 -9999 -9999 -9999 -9999 -9999 -9999 -9999 -9999 -9999 -9999 -9999 -9999 -9999 -9999 -9999 -9999 -9999 -9999 -9999 -9999 -9999 -9999 -9999 -9999 -9999 -9999 -9999 -9999 -9999 -9999 -9999 -9999 -9999 -9999 -9999 -9999 -9999 -9999 -9999 -9999 -9999 -9999 -9999 -9999 -9999 -9999 -9999 -9999 -9999 -9999 -9999 -9999 -9999 -9999 -9999 -9999 -9999 -9999 -9999 -9999 -9999 -9999
-9999 -9999 -9999 -9999 -9999 -9999 -9999 -9999 -9999 -9999 -9999 -9999 -9999 -9999 -9999 -9999 -9999 -9999 -9999 -9999 -9999 -9999 -9999 -9999 -9999 -9999 -9999 -9999 -9999 -9999 -9999 -9999 -9999 -9999 -9999 -9999 -9999 -9999 -9999 -9999 -9999 -9999 -9999 -9999 -9999 -9999 -9999 -9999 -9999 -9999 -9999 -9999 -9999 -9999 -9999 -9999 -9999 -9999 -9999 -9999 -9999 -9999 -9999 -9999 -9999 -9999 -9999 -9999 -9999 -9999 -9999 -9999
