LISFLOOD/dem30.asc
NCOLS 138 
NROWS 103 
XLLCORNER 341179.518085095 
YLLCORNER 4516709.65873464 
CELLSIZE 30 
NODATA_value -9999 
[rows 32 to 63 of 103, columns 0 to 71 of 138]
-9999 -9999 -9999 166.49 164.74 164.61 165.02 163.66 162.37 161.65 161.78 160.88 160.03 158.76 158.21 155.16 152.47 152.26 151.16 148.94 147.53 147.19 146.31 145.95 145.56 145.31 145.26 145.27 145.28 146.43 147.41 148.14 148.32 148.37 148.25 148 148.02 147.09 144.9 144.09 141.91 140.7 138.04 137.02 137.06 136.6 135.85 136.12 136.17 136.4 136.53 136.5 136.39 136.71 136.89 137.11 136.89 136.52 136.31 136.13 136.17 135.62 134.92 134 133.4 132.86 132.72 132.69 132.78 132.56 132.3 131.99
-9999 -9999 -9999 166.12 166.23 166.41 166.58 165.1 164.47 163.42 163.48 162.4 161.3 159.94 158.75 156.54 154.77 153.54 152.09 150.06 147.9 147.53 146.09 144.96 144.46 144.6 144.9 145.01 145.32 146.44 147.18 148.1 148.32 148.36 148.23 147.94 147.98 147.14 145.01 144.12 142.42 141.55 138.16 137.16 137.11 136.64 135.8 135.99 135.99 136.2 136.25 136.21 136.26 136.48 136.71 136.9 136.51 136.27 136.05 136.07 135.95 135.31 134.67 133.78 133.2 132.82 132.75 132.5 132.47 132.1 132.09 131.98
-9999 -9999 -9999 167.77 168.59 168.3 168.41 167.14 166.65 165.35 164.62 163.74 162.4 161.18 159.19 157.05 155.46 154.21 152.7 150.78 148.84 147.59 145.81 144.69 144.19 144.19 144.15 144.59 145.4 146.16 146.96 148.08 148.32 148.34 148.21 147.85 147.89 147.03 145.09 144.04 142.34 141.53 138.15 137.27 137.13 136.67 135.87 135.93 135.87 135.86 135.79 135.83 136.15 136.3 136.53 136.45 136.37 136.21 136.03 136.02 135.54 135.05 134.47 133.35 132.79 132.61 132.65 132.25 132.06 131.96 132.11 131.91
-9999 -9999 -9999 170.36 170.54 170.27 170.27 169.47 168.91 167.63 166.62 165.71 164.17 162.97 160.29 158.1 156.6 155.03 153.8 151.3 149.29 147.86 145.98 144.77 144.02 143.91 143.75 144.12 144.91 145.77 146.6 147.97 148.31 148.3 148.18 147.77 147.77 146.97 145.11 143.94 141.9 141.15 138.3 137.11 136.94 136.6 135.92 135.89 135.63 135.49 135.34 135.53 135.76 135.99 136.15 135.99 136.15 135.99 135.79 135.68 135.41 134.7 133.88 133.13 132.81 132.69 132.84 132.79 132.07 131.9 131.93 131.69
-9999 -9999 -9999 172.59 172.11 172.39 171.5 171.71 171.26 170.56 169.36 168.03 166.39 165.01 162.02 159.64 157.77 155.76 154.67 151.75 150.28 148.22 146.28 144.86 143.61 143.49 143.48 143.59 144.23 144.9 145.93 146.87 147.62 147.91 147.79 147.72 147.54 146.28 144.78 144.09 142.09 140.57 139.35 138.27 137.18 136.48 135.87 135.6 135.24 135.16 134.83 135.2 135.28 135.42 135.22 135.59 135.87 135.88 135.38 135.48 135.13 134.24 133.64 133.11 132.97 132.65 133.23 132.79 132.09 132.07 132 130.41
-9999 -9999 -9999 175.07 174.23 173.93 173.91 173.85 173.49 172.86 171.92 170.49 168.23 166.67 164.1 160.95 158.34 156.26 154.97 152.47 150.88 149.14 146.94 144.68 143.52 143.5 143.37 142.85 142.87 144.07 145.09 146.09 146.92 147.73 147.46 147.64 147.05 145.77 144.7 144.48 141.83 140.13 139.19 138.46 136.88 136.49 136.03 135.54 135.11 134.81 134.62 134.75 134.81 134.62 134.86 135.47 135.66 135.47 135.08 134.89 134.53 133.57 133.18 132.97 132.73 132.65 132.65 132.37 132.01 131.79 131.51 128.98
-9999 -9999 -9999 176.63 176.27 175.54 175.59 176.05 175.47 174.75 173.63 172.62 170.91 169.16 166.21 162.38 159.28 157.59 155.91 153.04 151.3 148.44 147.13 144.77 143.52 143.59 143.32 142.26 141.95 143.22 144.32 145.5 146.57 147.08 146.77 146.84 146.01 145.13 144.1 143.27 141.23 140.04 138.97 138.18 136.87 136.55 136.17 135.65 135.11 134.96 135.15 134.81 134.77 134.63 134.97 135.34 135.28 134.7 134.42 134.32 133.86 133.2 133.04 132.96 132.69 132.79 132.56 132.4 131.99 131.79 130.61 127.9
-9999 -9999 -9999 177.11 177.45 177.83 178.02 177.86 177.29 176.43 175.51 174.95 173.13 170.94 168.27 164.49 161.01 158.42 156.61 153.6 151.44 148.49 148.11 145.57 143.53 143.44 142.88 141.94 141.68 143.22 143.81 144.87 145.87 146.24 146.14 146.4 144.98 143.84 143.35 142.86 140.71 139.74 138.63 137.79 136.99 136.77 136.27 135.87 135.5 135.45 135.59 135.35 135.37 135.17 135.08 135.11 134.91 134.45 134.09 134.03 133.11 133.06 132.93 132.8 132.76 132.82 132.67 132.44 132.14 131.68 129.62 127.1
-9999 -9999 -9999 176.94 177.42 178.64 178.8 178.57 177.93 177.12 176.18 175.4 173.82 172.05 170.63 165.63 161.91 159.26 156.36 153.9 151.28 148.94 148.55 145.62 143.37 143.33 142.5 141.65 141.34 143.15 143.41 144.03 144.72 145.07 145.32 145.79 144.15 142.99 142.38 141.46 140.12 139.1 138.18 137.86 137.01 136.78 136.32 136.01 135.79 135.98 135.97 135.99 135.91 135.96 135.45 135.07 134.59 134.41 134.08 133.82 132.89 132.83 132.83 132.85 132.64 132.5 132.33 132.2 132.05 131.15 128.57 126.3
-9999 -9999 -9999 176.68 176.85 177.94 178.37 178.21 177.74 176.93 176.03 174.83 173.24 172.06 170.33 164.93 162.4 159.31 155.98 153.96 151.02 149.02 148.57 144.86 142.91 143.28 142.32 141.45 140.76 141.93 142.63 143.41 144.03 144.72 144.49 144.33 143.06 142.4 141.45 140.66 139.57 138.78 137.92 137.51 136.85 136.77 136.48 136.2 136.3 136.34 136.3 136.31 136.17 136.05 135.49 135.11 134.34 133.91 133.85 133.85 133.43 132.93 132.98 132.83 132.56 132.35 132.36 132.15 131.69 129.84 127.74 126.03
-9999 -9999 -9999 176.39 176.49 177.18 177.83 177.5 176.72 175.97 174.32 172.9 172.38 171.71 169.08 163.56 160.86 157.58 155.2 153.83 150.46 148.96 148.48 144.58 142.75 142.63 142.09 141.16 140.38 141.62 141.98 142.6 143.4 144.22 143.7 143.46 142.4 141.5 140.4 139.56 138.72 138.32 137.6 137.16 136.62 136.76 136.59 136.05 136.27 136.37 136.32 136.2 135.96 135.68 135.46 135.16 134.99 133.92 133.49 133.16 132.9 132.8 132.89 132.52 132.3 132.12 132.62 132.36 131.85 130.71 126.69 126.01
-9999 -9999 176.04 176.17 176.13 176.44 176.79 176.36 175.64 174.51 172.84 172.26 170.99 168.82 166.16 161.04 158.6 155.64 154.29 153.12 149.73 148.88 148.39 144.58 142.77 141.3 140.91 140.73 140.02 140.91 141.09 141.53 142.04 142.95 142.62 141.79 140.91 140.51 139.63 139.16 138.08 137.83 137.21 137 136.48 136.79 136.56 136.14 136.05 136.15 136.04 135.95 135.86 135.45 135.28 133.95 133.67 133.09 133.04 133.44 133.6 133.28 132.8 132.3 132.11 132.33 132.28 132.22 131.8 129.06 126.13 126.23
-9999 -9999 176.02 176.03 175.81 175.81 176.16 175.78 175.18 173.97 172.21 172.26 170.12 168.11 163.88 159.22 157.49 155.19 153.97 152.3 149.26 148.79 148.3 144.62 142.82 140.82 140.38 140.26 139.74 139.9 140.1 140.51 140.81 141.2 140.95 140.44 139.63 139.04 138.53 138.27 137.57 137.36 136.81 136.77 136.38 136.54 136.49 136.21 135.95 135.92 135.82 135.71 135.47 135.35 134.81 133.73 133.25 133.25 133.84 134.04 134.2 133.29 132.71 131.86 131.53 131.64 132.12 132.35 130.9 126.66 126.39 127.68
-9999 -9999 175.78 175.87 175.61 175.48 175.41 175.2 174.68 173.67 172.66 172.53 170.83 168.32 162.32 159.37 157.29 154.9 153.42 151.48 148.89 147.94 146.77 144.2 142.74 141.48 141.21 140.27 139.51 139.46 139.67 139.81 139.91 139.98 139.76 139.45 138.65 138.44 138.03 137.66 136.89 136.94 136.52 136.52 136.06 136.21 136.33 136.1 135.76 135.57 135.43 135.33 135.13 135.05 134.48 133.52 133.34 133.86 134.04 134.6 134.34 133.5 132.45 131.98 131.57 131.36 131.04 131.35 129.07 125.97 127.3 127.84
-9999 -9999 175.45 175.57 175.32 174.95 174.57 173.93 172.52 172.19 172.59 172.4 171.01 168.62 163.28 160.15 156.98 154.43 153.05 151.31 148.95 147.38 145.61 144.32 143.39 142.35 141.45 140.17 139.45 139.24 139.45 139.25 139.13 139.12 138.89 138.56 137.95 138.02 137.63 137.25 136.52 136.73 136.33 136.45 135.98 136.07 136.04 135.84 135.54 135.45 135.12 135.02 134.86 134.49 134.08 133.39 133.6 134.1 134.67 135.52 134.56 133.47 132.59 132.03 131.78 131.47 130.82 130.2 127.34 126.24 127.71 128.91
-9999 -9999 175.43 175.39 174.96 174.58 173.73 172.25 171.16 171.33 171.51 171.34 170.11 167.58 163.52 159.33 155.98 154.16 152.83 150.66 148.92 147.3 145.91 144.75 143.64 142.8 141.41 140.35 139.51 139.18 139.23 139.18 138.54 138.68 138.43 138.55 137.54 137.54 137.16 136.75 136.17 136.42 136.09 136.34 135.83 135.73 135.6 135.72 135.63 135.29 134.93 134.79 134.69 134.15 133.59 133.74 133.77 134.6 135.44 135.63 134.68 133.23 132.55 132.08 131.86 131.62 131.04 129.89 126.33 126.58 127.89 133.65
-9999 -9999 176.03 175.43 174.43 174.17 173.51 171.98 170.64 169.68 169.75 169.43 168.37 165.21 161.17 157.53 155.05 153.75 152.54 150.35 148.87 147.7 146.79 145.58 144.46 142.75 141.74 140.99 140.18 139.3 138.92 138.69 138.27 137.79 137.74 137.37 137.04 136.89 136.87 136.51 136.26 136.13 135.94 135.95 135.69 135.45 135.12 135.21 135.36 135.06 134.77 134.48 134.28 133.8 133.71 133.85 134.05 135.31 135.79 135.79 134.58 133.13 132.52 132.15 131.73 131.36 130.72 128.67 125.9 127.21 129.8 139.72
-9999 -9999 176.49 175.96 174.35 173.63 173.22 172.17 170.95 169.23 168.66 167.96 165.35 161.57 158.95 156.93 154.89 153.7 152.36 150.13 148.73 147.79 147.08 145.52 145.48 143.6 142.74 142.59 141.45 140.82 140.08 139.52 139.19 138.57 138.81 137.65 137.78 138.12 137.48 137.54 136.5 136.28 136.12 135.67 135.13 135.21 134.84 134.59 134.86 134.87 134.6 134.29 134.1 133.68 133.77 134.18 134.89 135.9 136.12 136.06 133.98 133.1 132.53 132.15 131.58 131.28 130.86 127.17 126.06 128.08 134.49 142.23
-9999 -9999 175.73 174.99 174.16 173.56 172.74 171.59 170.41 168.94 167.6 166.22 163.18 160.96 158.81 156.7 154.94 153.74 151.95 150 148.69 148.12 146.87 145.79 145.69 144.62 143.89 143.58 142.8 141.82 141.13 140.38 139.91 139.73 139.33 138.71 138.49 138.57 138.05 138.73 137.21 136.7 136.34 135.87 134.87 134.85 134.82 134.59 134.53 134.77 134.48 134.19 133.87 133.68 134.07 134.84 135.57 136.22 136.68 136.06 133.9 133.05 132.46 132.1 131.55 131.01 129.41 125.91 126.9 129.61 139.51 142.03
-9999 -9999 175.7 174.84 174.13 173.32 172 171.04 169.75 168.75 167.32 165.26 162.54 161.05 159.1 156.96 155.15 153.97 151.75 150.14 148.59 148.41 147.64 147 146.28 145.73 144.81 144.13 143.25 142.24 142.32 141.18 140.88 140.44 139.98 139.47 139 138.6 138.28 138.16 137.31 136.74 136.33 136.06 135.49 134.99 134.91 134.76 134.41 134.27 134.36 134.11 133.94 133.82 134.39 135.47 136.17 136.48 136.66 135.86 133.97 133.04 132.66 132.07 131.23 130.33 126.88 126.02 127.98 133.47 141.33 139.82
-9999 -9999 175.95 175.12 174.7 173.47 172.24 171.18 169.68 168.53 166.34 164.82 163.3 161.89 159.98 157.73 156.18 154.54 152.62 152.05 151.75 150.16 148.21 147.25 146.59 146.22 145.76 144.79 144.39 144.14 143.16 143.1 142.38 140.96 140.6 139.86 139.32 138.8 138.27 138.05 137.42 136.72 136.22 136 135.75 135.45 135.13 134.99 134.64 134.52 134.42 134.37 134.1 134.2 134.82 135.83 136.68 136.82 136.61 135.3 133.6 132.94 132.49 131.92 130.75 128.86 125.86 126.82 128.86 137.87 140.94 135.13
-9999 -9999 176.29 175.47 175.13 174.46 173.39 171.93 170.79 169.48 167.18 165.67 164.73 162.99 161.25 158.89 157.65 155.36 153.96 153.73 152.96 151.52 149.87 149.18 148.26 148.04 147.72 146.79 145.4 145.29 144.56 143.49 142.32 141.17 140.43 139.72 139.23 138.53 137.9 137.53 137.23 136.75 136.25 136 135.79 135.59 135.36 135.21 134.69 134.33 134.41 134.38 134.19 134.53 135.07 135.85 136.74 136.64 136.28 134.78 133.58 132.75 132.37 131.56 130 126.91 125.81 127.54 131.13 139.99 139.29 131.12
-9999 -9999 177.05 176.8 176.08 175.28 174.61 173.32 171.63 170.6 169.5 168.45 167 164.99 162.75 160.76 159.1 156.73 155.09 155 153.89 152.71 151.87 151.18 150.15 149.8 149.31 148.45 147.39 146.59 145.53 144.37 143.28 141.52 140.62 139.88 139.71 138.95 138.1 137.64 137.36 136.9 136.54 136.33 136.02 135.78 135.32 134.6 134.09 134.3 134.41 134.03 133.91 134.63 135.36 135.95 136.4 136.25 135.84 134.44 133.44 132.75 132.15 131.08 128.88 126 126.15 127.87 134.55 139.96 135.99 130.08
-9999 -9999 176.54 176.96 175.96 175.13 174.45 173.27 171.93 171 169.63 168.95 167.27 165 163.02 161.48 159.72 157.32 155.58 154.95 153.89 153.11 152.27 151.72 151.42 150.57 149.44 148.89 147.72 147.33 145.66 144.95 143.72 141.42 141.24 140.33 139.37 138.7 138.06 137.76 137.58 137.15 136.54 136.29 135.84 135.5 135.12 134.7 134.63 134.59 134.29 133.91 133.98 135.24 135.72 136.33 136.55 136.23 135.59 134.23 133.26 132.65 131.94 131.08 127.95 125.77 127 128.62 137.33 138.99 132.28 130.42
-9999 -9999 175.27 175.71 175.33 174.38 173.59 172.17 171.85 170.87 168.17 166.81 164.54 162.53 161.09 160.22 158.9 156.28 153.79 152.28 150.25 149.86 149.77 149.12 149.66 147.25 147.1 147.32 147.18 146.64 145.26 144.71 143.27 141.39 140.93 139.95 138.95 138.28 137.87 137.63 137.34 137.08 136.47 135.98 135.41 135.12 134.91 134.81 134.75 134.75 134.64 134.32 134.57 135.48 136 136.67 136.72 136.39 135.37 134.19 133.2 132.56 131.68 130.39 126.7 125.78 127.71 130.15 137.27 136.79 130.36 130.83
-9999 -9999 174.39 174.44 174.3 173.7 173.44 172.55 171.56 170.63 166.87 164.64 162.4 159.9 158.36 157.16 156.03 154.26 151.66 150.18 149.22 149.04 148.03 147.44 146.92 145.53 144.16 145.13 145.26 144.76 144.08 143.61 142.35 141.48 140.17 139.27 138.35 137.97 137.88 137.79 137.29 137.42 136.94 136.24 135.5 134.62 134.41 134.74 134.38 133.8 133.98 134.1 134.92 135.53 136.28 136.79 136.65 136.35 135.22 134.09 133.05 132.41 130.63 128.21 125.77 126.36 128.29 132.09 133.84 132.25 130.71 131.4
-9999 -9999 173.34 173.02 172.98 173.25 173.19 172.62 171.35 170.19 166.86 164.08 160.94 158.04 156.04 154.97 153.97 152.12 150.12 149.18 148.81 148.59 147.07 146.36 145.69 144.92 144.23 143.99 144.48 144.18 143.16 142.71 141.67 140.95 139.22 138.4 138.16 138.21 138.2 138.3 138.12 137.71 136.89 136.26 135.68 134.54 134.47 134.53 133.58 133.73 133.98 133.94 134.77 135.74 136.66 137.01 136.81 136.19 134.78 133.74 132.94 132.09 129.31 126.66 125.73 127.53 128.8 135.17 137.48 131.97 131.07 131.31
-9999 -9999 172.01 172 172.26 172.51 172.14 171.48 170.57 168.34 165.36 161.56 158.58 156.68 154.86 153.62 152.32 149.7 148.22 147.39 146.7 146.4 145.67 145.09 144.17 143.55 143.55 142.47 142.73 142.74 142.04 141.85 141.16 140.19 138.34 138 138.19 138.26 138.28 138.28 138.26 138.19 137.06 136.12 135.48 134.9 134.84 133.73 133.25 133.33 133.36 133.87 134.89 135.89 136.92 137.12 136.7 136.13 134.82 133.64 132.67 131.05 128.98 125.83 126.08 128.32 129.84 136.44 136.26 131.02 130.93 131.22
-9999 -9999 169.41 170.18 171.59 171.93 171.73 171.17 170 167.22 164.03 159.61 156.75 154.58 152.95 150.72 149.09 147.46 146.41 146.04 144.7 145.3 144.46 143.69 142.98 143.07 142.57 140.61 140.57 140.74 140.85 141.27 140.47 138.81 138.29 138.28 138.25 138.2 138.2 138.19 138.2 138.12 136.6 135.8 135.66 134.99 134.32 133.41 133.14 133.4 133.41 133.63 134.9 136.15 137.08 137.11 136.73 135.94 134.39 133.71 131.94 130.04 127.52 125.69 126.88 127.92 130.98 136.64 133.85 130.75 130.93 131.21
-9999 -9999 166.57 167.65 169.08 169.96 170.05 169.59 168.1 165.64 161.81 158.08 154.76 153.03 150.67 148.08 146.83 145.85 145.64 145.07 145.69 145 143.4 142.42 141.77 142.02 141.34 140.25 140.25 140.3 140.1 140.46 139.59 138.46 138.32 138.33 138.31 138.16 138.11 138.05 137.67 137.1 136.39 135.84 135.11 134.69 134.1 133.54 133.31 133.2 133.4 134.25 135.28 136.37 137.12 137.25 136.82 135.33 134.01 133.35 130.91 129.59 126.13 125.84 127.67 128.18 133.11 136.14 131.53 130.92 131.04 131.01
-9999 -9999 163.82 165.14 166.18 166.83 166.62 165.8 164.07 161.62 157.68 154.51 151.91 150.35 148.72 147.68 146.07 145.36 144.39 143.31 142.94 143.14 142.21 141.5 141.3 141.06 140.11 139.92 140.01 140 139.32 139.37 139.11 138.54 138.37 138.21 138.17 138.11 138.09 137.46 136.8 136.14 135.62 135.37 135.14 134.85 134.37 133.77 133.22 133.24 133.66 135.07 135.73 136.52 137.19 137.24 136.79 135 133.44 131.95 129.95 128.55 125.7 126.46 127.79 129.99 134.92 134.95 130.52 131.17 131.14 131.05
-9999 -9999 161.67 162.71 163.44 163.91 163.74 162.68 160.61 157.92 155.38 151.32 150.06 148.16 146.79 146.18 144.97 144.15 143.5 143.07 142.56 142.11 141.5 141.24 141.26 141.05 140.1 140.02 140.01 139.84 138.96 138.7 138.46 139.14 139.25 138.62 138.23 137.96 137.13 136.32 136.04 135.94 135.7 135.33 134.97 134.72 134.36 133.9 133.41 133.31 134.04 135.44 136.02 136.72 137.41 137.36 136.64 134.62 133.02 130.44 129.24 127.69 125.65 127.12 128.22 131.14 134.98 133.12 130.52 131.17 131.42 131.09
