LISFLOOD/dem30.asc
NCOLS 138 
NROWS 103 
XLLCORNER 341179.518085095 
YLLCORNER 4516709.65873464 
CELLSIZE 30 
NODATA_value -9999 
[rows 0 to 31 of 103, columns 0 to 71 of 138]
-9999.000000000000000 -9999 -9999 -9999 -9999 -9999 -9999 -9999 -9999 -9999 -9999 -9999 -9999 -9999 -9999 -9999 -9999 -9999 -9999 -9999 -9999 -9999 -9999 -9999 -9999 -9999 -9999 -9999 -9999 -9999 -9999 -9999 -9999 -9999 -9999 -9999 -9999 -9999 -9999 -9999 -9999 -9999 -9999 -9999 -9999 -9999 -9999 -9999 -9999 -9999 -9999 -9999 -9999 -9999 -9999 -9999 -9999 -9999 -9999 -9999 -9999 -9999 -9999 -9999 -9999 -9999 -9999 -9999 -9999 -9999 -9999 -9999
-9999 -9999 -9999 190.52 187.44 183.68 180.15 177.53 174.71 171.18 166.65 163.82 -9999 -9999 -9999 -9999 -9999 -9999 -9999 -9999 -9999 -9999 -9999 -9999 -9999 -9999 -9999 -9999 -9999 -9999 -9999 -9999 -9999 -9999 -9999 -9999 -9999 -9999 -9999 -9999 -9999 -9999 -9999 -9999 -9999 -9999 -9999 -9999 -9999 -9999 -9999 -9999 -9999 -9999 -9999 -9999 -9999 -9999 -9999 -9999 -9999 -9999 -9999 -9999 -9999 -9999 -9999 -9999 -9999 -9999 -9999 -9999
-9999 -9999 -9999 192.38 187.74 182.41 177.86 175.25 172.86 169.67 166.23 163.59 160.69 158.48 156.73 155.17 153.58 152.25 151.06 149.91 149.05 147.81 146.75 145.93 145.05 144.46 144.03 142.36 142.07 141.91 141.91 142.04 142.36 141.55 140.62 139.39 139.13 138.29 138.05 137.54 136.94 136.53 135.34 130.25 129.28 128.95 130.92 131.31 131.35 131.3 131.15 131.19 131.29 131.37 131.34 130.91 131.05 131.01 130.55 -9999 -9999 -9999 -9999 -9999 -9999 -9999 -9999 -9999 -9999 -9999 -9999 -9999
-9999 -9999 -9999 197.2 191.46 185.54 179.48 175.47 172.54 169.41 166.28 163.6 161.67 160.07 158.29 156.61 155.2 153.33 152.33 151.47 150.77 149.67 148.57 147.41 146.62 145.44 144.03 143.21 143.62 143.2 143.3 143.28 143.46 142.88 142.09 140.42 139.49 138.94 138.11 137.86 137.41 137.08 135.97 130.91 129.18 128.86 130.52 131.24 131.21 131.19 131.22 131.18 131.17 131.07 130.65 130.18 130.37 130.01 129.45 129.58 129.85 128.92 128.9 128.61 128.08 131.91 133.35 133.11 133.36 134.21 134.66 132.9
-9999 -9999 -9999 198.57 194.58 190.76 187.15 182.62 178.82 174.72 169.51 165.48 163.41 161.95 160.48 158.85 157.52 155.54 154.72 153.83 152.86 152.08 150.81 149.27 148.23 146.07 144.26 144.43 146.44 146.88 146.83 145.74 144.22 143.79 143.34 141.87 139.96 139.3 138.4 138.02 137.92 137.74 137.51 135.36 129.62 128.71 129.91 130.75 130.84 131.04 131.06 130.93 130.83 130.64 130.46 129.99 130.25 130.26 129.26 129.91 129.58 128.91 128.53 128.29 130.97 132.59 133 132.81 132.79 133.38 133.38 131.52
-9999 -9999 -9999 194.39 192.12 190.51 190.01 188.74 185.96 182.15 175.62 169.63 167.42 165.69 164.17 162.38 160.57 158.86 157.71 156.35 155.46 154.6 153.74 152.83 150.81 147.22 144.89 146.43 151.6 152.85 152.13 150.24 147.97 145.37 144.73 143.25 141.29 139.77 139.01 138.52 138.21 137.8 137.66 137.15 132.92 128.56 129.13 130.34 130.76 130.7 130.66 130.56 130.3 129.91 129.72 129.33 129.11 128.73 128.41 128.29 128.21 128.4 129.32 131.92 132.79 132.52 133.17 132.41 132.57 132.79 131.15 132.18
-9999 -9999 -9999 189.56 188.7 187.81 186.86 185.83 184.72 182.63 179.67 175.48 174.64 173.24 171.78 170.21 168.28 166.13 163.97 161.75 160.48 159.63 159.49 159.66 157.64 150.48 145.83 148.59 158.31 161.34 160.25 156.89 152.9 149.15 146.77 145.28 142.75 141.29 139.63 138.55 138.35 138.16 137.54 137.05 136.6 130.51 128.49 129.36 129.91 130.03 129.75 129.28 128.97 128.58 128.36 128.48 129.08 129.99 131.9 135.03 137.76 139.23 138.95 137.7 137.09 135 134.28 132.11 131.59 130.96 130.73 132.77
-9999 -9999 -9999 186.77 185.95 185.41 184.84 184.06 182.72 181.42 179.84 178.8 177.84 176.84 175.67 174.23 172.51 170.42 168.61 166.9 165.8 165.28 165.08 165.07 163.84 154.8 146.71 150.24 159.03 163.35 164.06 162.85 159.13 154.67 150.2 147.27 144.39 142.68 140.62 138.89 138.56 138.47 138.21 137.36 137.09 135.85 130.25 128.63 128.52 128.62 129.16 130.06 131.29 133.28 135.88 138.21 140.11 141.53 142.43 142.81 142.8 142.63 142.15 141.8 140.82 139.54 136.97 134.14 132.21 131.36 131.83 133.01
-9999 -9999 -9999 185.66 184.84 183.2 182.09 181.56 181.43 181.07 179.84 179.09 178.53 177.93 177.02 175.74 174.47 172.7 170.99 169.95 169.62 169.63 169.91 169.49 167.38 154.47 147.43 152.83 161.39 164.05 164.54 163.5 161.38 158.74 155.44 151.47 148.14 145.11 142.33 140.06 139.13 139.05 139.03 138.16 137.44 137.01 135.7 134.4 134.4 135.35 136.61 137.41 138.49 140.81 141.53 142.31 142.91 143.06 143.27 143.17 143.17 142.8 142.49 141.8 141.13 140.72 138.33 135.35 133.82 133.1 132.98 132.68
-9999 -9999 -9999 184.72 183.59 181.81 181.35 181.02 180.4 179.72 179.28 178.81 178.56 178.31 177.66 176.64 175.47 173.99 172.56 171.5 171.29 171.42 170.79 167 158.45 150.29 148.58 156.25 163.5 165.45 166.01 164.82 162.81 160.58 157.47 154.04 150.76 147.44 144.25 141.06 139.65 139.67 139.64 138.71 137.83 137.24 136.49 136.96 137.44 137.86 138.23 137.97 138.77 141.43 141.93 142.85 143.23 142.92 143.42 143.29 143.08 142.69 142.37 141.32 140.55 139.81 137.84 135.45 134.1 133.78 133.32 132.72
-9999 -9999 -9999 184.33 182.47 179.94 179.08 177.59 176.49 176.17 176.33 176.7 177.12 177.38 177 176.17 175.03 173.68 172.54 171.78 171.08 170.31 166.27 156.84 150.64 149.16 153.03 163.68 167.53 167.49 168.03 167.38 165.56 163.36 160.09 156.98 153.27 149.43 145.4 142.23 140.05 139.67 139.4 138.89 138.37 137.58 137.02 138.02 138.51 138.57 139.05 138.82 139.6 141.85 142.35 143.11 143.31 143.23 143.25 142.98 142.78 142.3 141.5 140.6 139.41 138.03 136.84 135.59 134.59 134.15 133.69 132.4
-9999 -9999 -9999 181.35 177.8 174.3 173.76 172.46 171.34 171.32 172.21 172.94 173.63 174.23 174.48 174.18 173.42 172.23 171.33 170.78 169.25 167.61 158.79 151.74 151.05 155.52 160.58 167.35 169.33 169.84 169.96 169.17 168.31 167.79 165.34 162.17 158.78 154.42 147.25 143.16 140.91 139.81 139.48 139.14 138.96 138.18 137.7 138.77 139.14 139.19 139.25 139.28 140.42 142.24 142.77 143.37 143.43 143.49 143.39 142.94 142.19 140.64 139.63 138.67 137.93 137.95 136.96 135.65 134.73 134.04 133.68 132.69
-9999 -9999 -9999 171.93 171 170.3 169.56 168.32 167.63 167.54 168.3 168.95 169.74 170.58 171.28 171.23 170.78 170.3 170.13 169.89 168.67 166.37 155.14 152.77 158.84 164.72 166.54 168.97 170.48 171.09 171.48 170.89 170.03 169.25 168.1 165.94 164.28 161.1 154.28 145.05 143.16 140.44 139.77 139.55 139.19 138.45 138.11 138.71 139.02 139.13 139.09 139.15 140.85 142.46 143.16 143.44 143.3 142.74 141.76 140.82 140.4 140.19 139.71 139.12 138.82 138.82 136.92 135.64 134.8 134.09 133.28 132.56
-9999 -9999 -9999 169.17 167.97 166.75 165.96 165.39 164.49 163.9 164.17 164.46 164.49 165.13 165.4 165.01 164.78 164.63 164.63 165.07 165.13 159.9 153.67 156.93 164.77 167.4 168.66 170.46 171.31 171.93 172.25 171.98 171.28 170.32 169.38 168.14 166.63 165.45 162.04 151.49 144.42 141.36 139.81 139.71 139.43 138.61 138.38 138.71 139 139.3 139.44 139.69 140.52 142.05 141.99 141.48 141.36 141.73 142.16 142.57 142 141.37 140.31 139.49 138.83 137.95 136.6 135.67 135.01 133.95 133.35 132.68
-9999 -9999 -9999 167.52 166.84 164.56 163.45 162.58 162.06 161.59 161.25 160.97 160.42 159.95 159.6 158.9 157.79 157.08 156.44 156.01 155.28 153.82 154.73 158.41 164.95 168.39 170.86 171.1 171.82 172.58 173 172.82 172.17 171.26 169.86 168.8 167.6 166.62 165.07 160.04 148.6 143 140.08 139.86 139.6 138.83 138.61 138.83 139.17 139.53 139.82 140.11 140.66 141.55 142.53 143.71 143.91 143.74 143.36 142.92 141.97 141.07 140 139.26 138.47 137.59 136.44 135.4 134.98 133.93 133.35 132.78
-9999 -9999 -9999 166.25 166.3 163.52 161.93 161.19 160.79 160.34 159.57 158.85 158.58 156.79 156.28 156.62 156.24 155.33 154.74 154.73 154.58 154.26 155.19 158.99 163.82 167.87 170.59 171.13 171.77 172.66 173.22 173.33 172.3 171.35 169.87 167.75 166.28 165.25 163.68 160.38 154.12 144.66 141.22 139.6 139.3 139.02 139.11 139.15 139.11 139.11 139.83 140.62 141.96 142.74 143.53 143.82 143.78 143.42 143.03 142.63 141.8 140.29 139.64 138.98 137.95 137.13 136.19 135.63 134.98 133.95 133.13 132.92
-9999 -9999 -9999 165.77 165.56 163.02 161.07 160.49 160.17 159.64 158.87 158.13 157.91 156.96 156.2 156 155.22 155.1 154.73 154.77 155.23 156.14 157.35 159.59 162.31 165.34 167.91 170.01 171.18 172.45 172.92 173.21 172.54 171.36 169.94 167.53 164.86 162.31 158 153.64 150.33 145.51 142.88 141.24 140.22 139.43 139.13 138.68 138.31 139.11 140 140.34 141.73 142.72 143.32 143.42 143.61 143.57 142.86 142.35 141.24 140.12 139.28 138.31 137.46 136.82 136.01 135.68 134.93 134.33 133.21 133.07
-9999 -9999 -9999 164.98 164.55 162.48 160.01 159.75 159.5 158.89 158.25 157.92 157.6 157.2 156.72 156.53 155.94 155.91 156.11 156.53 156.68 157.52 158.82 160.18 162.5 164.35 165.65 168.01 169.11 170.33 171.18 171.94 172.35 171.49 169.8 167.04 162.68 158.74 154.57 150.58 149.16 147.25 141.92 140.24 139.55 138.93 139.02 138.78 139.07 139.2 139.58 140.3 141.41 142.66 143 143.34 143.4 143.57 143.29 142.56 141.28 139.9 139.16 138.04 137.23 136.64 135.93 135.37 134.77 134.17 133.33 133.18
-9999 -9999 -9999 164.57 164.23 162.53 160.16 159.96 159.64 159.02 158.29 157.77 157.47 157.32 156.85 156.88 157.78 158.48 157.74 158.12 158.34 158.96 160.08 161.07 163.06 164.36 164.15 166.72 168.04 169.13 169.94 170.06 169.32 166.06 161.37 158.02 156.16 155.89 157.01 158.1 158.15 152.2 140.55 139.83 139.73 139.18 139.13 138.93 139.03 139.02 139.55 140.39 141.35 142.43 142.99 143.31 143.55 143.65 143.51 142.11 141.04 139.79 139.07 137.49 136.92 136.43 136.08 135.16 134.59 133.67 133.45 133.06
-9999 -9999 -9999 165.51 165.19 163.72 161.23 160.77 160.47 159.84 158.78 158.13 157.8 157.73 158.23 159.13 159.6 159.78 160.08 160.49 160.4 160.71 161.32 162.12 163.28 164.32 164.78 165.9 167.8 167.27 165.13 162.36 160.75 160.71 162.07 163.26 162.88 161.51 160.06 159.26 158.32 153.32 141.08 139.91 139.81 139.35 139.11 138.96 138.95 138.87 139.36 140.07 141.47 142.23 142.77 143.11 143.35 143.46 142.84 141.54 140.53 139.41 138.15 137.19 136.87 136.45 136.06 135.27 134.18 133.5 133.37 132.75
-9999 -9999 -9999 166.06 166.17 165.38 163.49 162.49 162.12 161.03 159.97 159.69 159.19 159.18 159.64 159.94 160.11 160.73 161.88 162.37 161.85 162.16 162.42 162.68 163.37 164.07 163.77 164.31 163.71 163.65 164.91 166.85 167.24 167.28 166.52 164.45 161.95 159.88 159.3 158.85 157.26 153.05 141.72 139.89 139.72 139.19 138.86 138.79 138.66 138.71 139.5 140.3 141.37 141.93 142.52 143.16 143.32 143.01 142.11 141.14 140.02 138.83 137.72 137.02 136.67 136.46 136.17 135.07 133.75 133.43 133.2 132.74
-9999 -9999 -9999 166.95 167.38 167.79 166.95 165.29 164.52 163.37 162.67 163.45 162.91 160.67 159.98 160.34 161.1 161.94 163.2 163.61 163.42 163.31 163.7 163.57 163.67 164.09 164.79 165.69 166.09 166.23 166.23 166.94 166.64 165.71 164.16 161.93 158.45 156.2 155.98 154.46 152.69 150.1 143.73 140.08 139.04 138.46 138.47 138.48 138.43 138.52 139.15 140.36 141.09 141.79 142.33 142.97 143.19 142.66 141.59 140.53 139.86 138.49 137.35 137 136.87 136.54 136.13 135 133.68 133.25 133.06 132.76
-9999 -9999 -9999 169.03 168.49 168.41 168.17 167.56 167 166.14 166.68 167.04 166.4 165.02 162.01 161.94 162.93 163.91 164.64 164.7 164.49 164.43 164.34 164.28 164.15 164.25 164.85 164.98 164.91 164.63 164.65 164.76 164.38 162.55 160.1 157.82 155.31 152.48 149.91 147.57 146.56 144.01 141.4 140.19 139.07 138.32 138.14 138.17 138.06 138.44 139.1 140.16 140.85 141.48 142.36 142.64 142.91 142.28 141.44 140.58 139.67 138.38 137.51 137.02 136.81 136.52 135.86 134.38 133.72 133.06 132.81 132.66
-9999 -9999 -9999 169.94 168.81 168.7 169.08 169.77 169.18 168.87 168.24 167.31 167.13 166.11 165.21 165.07 165.06 164.78 164.72 165.1 164.83 164.95 164.73 164.38 164.2 164.05 163.5 162.6 162.17 161.36 161.12 161.06 160.34 159.23 156.98 154.78 151.81 149.28 147.71 146.59 143.57 141.78 140.81 140.16 138.83 138.01 137.76 137.77 138.02 138.18 139.12 139.81 140.71 141.28 141.72 142.24 142.45 141.98 141.09 140.51 139.28 137.62 137.24 136.87 136.55 136.31 135.42 134.03 133.71 132.99 132.69 132.56
-9999 -9999 -9999 171.53 170.94 170.9 170.7 170.5 169.66 168.85 168.11 167.29 166.68 165.65 164.86 164.1 163.56 163.32 162.91 163.7 164.56 164.81 164.25 163.03 162.98 162.01 160.83 159.63 158.98 158.52 158.34 158.16 157.78 157.16 154.28 151.25 149.21 147.13 146.48 145.82 142.7 141.19 140.36 139.85 138.36 137.68 137.42 137.41 137.72 137.8 138.58 139.34 139.9 140.83 141.21 141.95 141.92 141.35 140.57 139.72 138.6 137.34 137.05 136.73 136.35 135.76 134.6 133.81 133.32 132.76 132.59 132.4
-9999 -9999 -9999 172.62 171.95 171.42 170.95 170.34 169.52 168.54 167.29 166.16 164.42 162.9 162.8 162.06 160.52 160.22 159.85 160.63 161.64 161.96 160.79 160 159.71 158.42 157.96 157.43 157.15 156.92 156.66 156 154.88 152.02 149.55 148.46 147.22 145.14 143.96 142.48 141.41 140.37 139.49 138.48 137.67 137.17 137.02 137.04 137.27 137.64 138.07 138.69 139.09 139.96 140.48 141.09 141.3 140.72 140.03 139.12 138.07 137.15 136.96 136.69 136.31 135.45 134.31 133.65 133.16 132.88 132.73 132.43
-9999 -9999 -9999 172.53 172.16 171.8 171.22 170.18 169.36 167.35 164.55 162.1 160.43 159.41 158.05 156.92 156.62 156.96 156.39 155.8 155.87 156.25 156.46 157 156.75 156.21 155.7 154.9 153.73 153.2 152.63 151.95 150.56 149.11 148.63 148.62 147.53 144.25 143.59 141.86 141.15 139.8 139.12 137.91 137.41 137.08 136.68 136.57 136.86 137.14 137.79 138.02 138.68 139.22 139.94 140.25 140.53 140.02 139.78 138.46 137.58 136.89 136.81 136.49 136.05 135 134.2 133.47 132.89 132.88 132.67 132.33
-9999 -9999 -9999 172.31 172.36 172.13 171.13 169.9 168.56 165.48 161.96 159.37 157.48 155.74 154.44 154.14 154.32 154.25 154.49 154.43 154.06 153.87 153.89 153.99 153.1 152.44 150.83 149 148.54 148.5 148.84 149.71 149.35 148.52 148.55 148.61 147.39 144.17 143.45 141.69 140.86 139.37 138.93 137.71 137.38 137.02 136.43 136.34 136.68 137.17 137.6 138.01 138.61 138.93 139.51 139.64 139.7 139.55 138.96 137.7 137.11 136.72 136.44 136.07 135.49 134.47 134.39 133.29 132.65 132.81 132.64 132.23
-9999 -9999 -9999 172.37 172.19 171.14 169.56 167.88 165.52 162.15 159.36 157.81 156.5 155.07 153.97 153.23 152.76 152.29 152.71 152.95 152.63 152.16 151.79 150.52 148.84 147.31 146.91 147.92 148.01 147.99 148.98 149.35 148.38 148.39 148.56 148.66 147.23 144.2 143.29 140.77 139.68 139.38 138.82 137.67 137.38 136.98 136.23 136.21 136.48 137.11 137.19 137.7 138.22 138.89 139.34 139.33 139.17 138.99 137.96 137.23 136.75 136.64 136.19 135.84 134.88 134.15 133.6 132.62 132.54 132.71 132.6 132.22
-9999 -9999 -9999 171.68 171.04 168.07 165.13 163.11 161.3 159.29 157.84 156.95 156.15 155.31 154.67 153.7 152.89 152.03 151.49 151.1 150.5 149.89 149.54 148.01 147 147.12 146.82 147.04 147.21 147.56 148.52 148.42 148.34 148.4 148.36 148.3 147.27 144.12 143.07 140.98 140 139.64 138.84 137.69 137.37 136.95 136.13 136.26 136.53 136.9 136.91 137.37 137.82 138.36 138.89 138.93 138.66 137.84 137.11 136.88 136.56 136.24 135.79 135.37 134.54 133.88 132.98 132.57 132.52 132.69 132.41 132.29
-9999 -9999 -9999 170.99 169.91 166.19 163.45 161.42 160.01 159.21 158.57 158.21 157.34 156.36 155.98 153.91 152.21 151.99 150.99 150.01 149.29 147.36 148.12 147.25 147 146.85 146.56 146.51 146.42 146.96 148.02 148.24 148.32 148.32 148.24 148.1 147.86 145.78 143.67 142.9 140.76 139.49 138.76 137.82 137.31 136.75 135.99 136.18 136.45 136.6 136.79 137.06 137.48 137.78 138.14 138.04 138.15 137.31 136.74 136.46 136.24 136 135.68 134.85 134.18 133.07 132.68 132.82 132.52 132.4 132.15 132.3
-9999 -9999 -9999 168.22 166.36 163.76 163.53 162.5 161.06 160.19 160.2 159.5 158.73 157.53 157.08 153.27 149.73 151.35 150.69 149.03 147.68 146.81 147.21 146.72 146.46 146.11 145.97 145.78 145.62 146.13 147.29 148.19 148.31 148.34 148.27 148.03 147.98 146.92 144.53 143.5 140.89 139.52 138.55 137.35 136.91 136.39 135.87 136.06 136.33 136.52 136.73 136.79 136.78 137.09 137.34 137.34 137.35 136.8 136.55 136.32 136.09 135.75 135.16 134.4 133.82 132.86 132.5 132.63 132.61 132.43 132.18 132.05
