LISFLOOD/dem30.asc
NCOLS 134 
NROWS 96 
XLLCORNER 341244.004906891 
YLLCORNER 4516825.80519417 
CELLSIZE 30 
NODATA_value -9999 
[rows 32 to 63 of 96, columns 0 to 71 of 134]
-9999 -9999 -9999 170.27 170.39 169.65 169.06 167.81 166.7 165.84 164.26 162.89 160.05 158.05 156.54 154.83 153.71 150.9 149.24 147.57 145.83 144.66 143.95 143.81 143.71 144.15 144.99 145.84 146.59 148.14 148.3 148.3 148.1 147.77 147.73 146.66 144.91 143.59 141.75 140.82 138.02 137.06 136.86 136.45 135.95 135.8 135.54 135.46 135.28 135.55 135.71 136.03 135.99 135.97 136.08 135.99 135.7 135.6 135.33 134.51 133.68 133.05 132.8 132.68 133.01 132.71 132.03 131.92 131.97 131.28 127.65 126.18
-9999 -9999 -9999 172.63 171.8 171.93 171.43 170.81 169.51 168.1 166.47 164.86 161.86 159.54 157.6 155.57 154.4 151.56 150.2 147.96 146.16 144.58 143.48 143.49 143.45 143.56 144.19 144.93 145.91 146.83 147.55 147.86 147.68 147.74 147.36 145.95 144.67 143.95 141.85 140.35 139.29 138.24 137.09 136.37 135.85 135.49 135.14 135.07 134.76 135.18 135.23 135.24 135.15 135.66 135.85 135.78 135.34 135.47 134.94 134.08 133.49 133.07 132.92 132.69 133.21 132.53 132.09 132.01 131.92 129.68 126.57 126.15
-9999 -9999 -9999 174.1 174.03 174.1 173.64 173.05 172.09 170.43 168.34 166.65 163.89 160.67 158.01 156.16 154.77 152.21 150.76 148.73 146.68 144.33 143.53 143.51 143.27 142.66 142.81 144.25 145.02 146.2 147.02 147.71 147.33 147.55 146.67 145.61 144.63 144.02 141.45 139.93 139.12 138.07 136.79 136.4 135.98 135.47 135.05 134.75 134.67 134.74 134.76 134.6 134.94 135.5 135.64 135.31 134.97 134.75 134.33 133.41 133.12 132.96 132.65 132.68 132.58 132.29 131.96 131.75 131.14 128.33 126.18 126.17
-9999 -9999 -9999 175.81 176 176.34 175.7 174.84 173.77 172.59 170.92 169.08 165.87 162.15 159.13 157.48 155.67 152.76 151.03 147.98 146.98 144.44 143.52 143.61 143.16 142.1 141.99 143.37 144.31 145.66 146.62 146.99 146.67 146.75 145.68 144.86 143.95 142.83 140.96 139.87 138.89 137.79 136.85 136.5 136.16 135.54 135.12 135.04 135.22 134.84 134.8 134.69 135.08 135.31 135.15 134.56 134.33 134.27 133.61 133.13 133.01 132.9 132.71 132.8 132.57 132.34 132 131.68 130.16 127.39 126.1 126.18
-9999 -9999 -9999 178.08 178.25 177.95 177.26 176.41 175.5 175.16 172.92 170.88 168.15 164.18 160.62 158.28 156.2 153.32 150.81 148.46 148.13 145.06 143.53 143.36 142.67 141.79 141.8 143.4 143.81 145 145.81 146.14 146.1 146.33 144.53 143.75 143.2 142.4 140.41 139.5 138.49 137.59 136.94 136.71 136.22 135.81 135.51 135.54 135.57 135.44 135.45 135.23 135.09 135.09 134.79 134.44 134.03 133.87 132.98 133.02 132.9 132.79 132.76 132.74 132.62 132.33 132.12 131.49 129.14 126.73 126.08 126.42
-9999 -9999 178.06 178.67 178.8 178.5 177.83 177.05 176.06 175.16 173.39 171.92 170.15 164.9 161.56 159.01 155.76 153.65 150.6 148.94 148.49 144.83 143.35 143.28 142.36 141.47 141.46 143.21 143.31 144.05 144.63 145 145.26 145.5 143.57 142.79 142.14 141.14 139.91 138.88 138.08 137.69 136.94 136.72 136.27 136.01 135.86 136.08 136.02 136.02 135.97 136.02 135.37 135.01 134.45 134.35 134.03 133.7 132.88 132.8 132.86 132.83 132.58 132.45 132.29 132.16 132 130.65 128.03 126.1 126.06 126.68
-9999 -9999 177.06 178 178.34 178.04 177.55 176.71 175.72 174.49 172.89 171.95 169.58 164.23 161.94 158.65 155.56 153.67 150.35 148.95 148.39 144.08 142.89 143.16 142.17 141.23 140.79 142.05 142.6 143.48 144.12 144.76 144.36 144.21 142.79 142.33 141.21 140.41 139.31 138.63 137.79 137.35 136.77 136.74 136.5 136.14 136.34 136.33 136.35 136.25 136.19 135.93 135.43 135.01 134.4 133.87 133.79 133.8 133.33 132.86 132.97 132.66 132.46 132.22 132.43 132.05 131.37 129.4 127.11 126.03 126.04 127.03
-9999 -9999 176.55 177.2 177.74 177.19 176.46 175.63 173.79 172.59 172.14 171.28 167.98 162.86 160.06 156.87 154.85 153.42 149.85 148.89 148.28 143.94 142.69 142.5 141.9 140.89 140.41 141.75 141.86 142.59 143.41 144.13 143.51 143.22 142.04 141.17 140.16 139.35 138.51 138.2 137.48 137.02 136.6 136.81 136.54 136.04 136.28 136.38 136.3 136.15 135.9 135.61 135.42 135.04 134.85 133.66 133.38 133.07 132.91 132.91 132.95 132.52 132.42 132.16 132.68 132.28 131.92 130.46 126.34 126.01 127.04 128.52
-9999 -9999 176.15 176.42 176.67 176.16 175.48 174.16 172.61 172.27 170.41 168.5 164.84 160.47 157.85 155.15 154.09 152.65 149.4 148.81 148.23 143.98 142.64 140.85 140.83 140.48 140.01 140.94 140.95 141.52 141.99 142.82 142.31 141.49 140.65 140.36 139.43 138.85 137.98 137.72 137.11 136.91 136.46 136.79 136.5 136.1 136.02 136.12 135.97 135.9 135.78 135.4 135.1 133.66 133.48 133.02 133.18 133.6 133.66 133.19 132.7 132.1 132.06 132.27 132.24 132.27 131.54 128.01 126.07 126.53 128.05 131.1
-9999 -9999 175.61 175.82 176.08 175.61 175 173.67 172.16 172.28 169.63 167.87 162.56 159.29 156.98 154.92 153.71 151.73 149.12 148.7 148.13 144.04 142.66 140.52 140.54 140.03 139.66 139.86 139.97 140.42 140.67 141.02 140.63 140.15 139.31 138.77 138.37 138.05 137.43 137.22 136.72 136.67 136.29 136.52 136.45 136.17 135.92 135.88 135.77 135.67 135.35 135.31 134.62 133.63 133.18 133.42 133.94 134.14 134.12 133.2 132.56 131.77 131.49 131.54 132.16 132.26 130.01 126.15 126.74 127.84 129.18 137.95
-9999 -9999 175.27 175.41 175.3 175.08 174.41 173.27 172.65 172.45 170.52 167.74 161.3 159.52 156.81 154.62 153.17 151.06 148.69 147.59 146.22 143.83 142.68 141.48 141.26 139.99 139.44 139.55 139.61 139.83 139.82 139.97 139.52 139.3 138.5 138.39 137.94 137.44 136.82 136.91 136.53 136.45 136.01 136.25 136.28 136.01 135.7 135.53 135.35 135.25 135.09 134.88 134.3 133.39 133.48 133.94 134.17 134.79 134.22 133.35 132.37 131.91 131.57 131.31 130.94 131.01 128.25 126.1 127.56 128 133.98 142.02
-9999 -9999 175.05 174.82 174.37 173.42 172.18 172.26 172.65 172.22 170.69 168.03 162.74 159.64 156.44 154.18 152.78 150.89 148.77 147.1 145.45 144.22 143.27 142.29 141.29 140.03 139.34 139.34 139.34 139.17 139 139.03 138.74 138.42 137.88 137.92 137.51 137.04 136.49 136.67 136.34 136.36 135.94 136.07 135.98 135.77 135.52 135.41 135.04 134.98 134.83 134.35 133.87 133.43 133.67 134.23 134.91 135.52 134.39 133.26 132.51 131.96 131.77 131.41 130.76 130.05 126.71 126.51 127.75 130.23 140.17 142.75
-9999 -9999 174.64 174.49 173.48 172.01 170.99 171.07 171.29 171.02 169.63 166.74 162.78 158.47 155.42 153.99 152.53 150.33 148.66 147.19 145.75 144.72 143.55 142.67 141.21 140.18 139.48 139.26 139.1 139.17 138.46 138.6 138.29 138.35 137.39 137.43 137.07 136.6 136.22 136.37 136.1 136.27 135.75 135.68 135.52 135.7 135.62 135.19 134.87 134.74 134.62 134.02 133.57 133.74 133.89 134.85 135.58 135.55 134.5 133.08 132.45 132.05 131.82 131.55 130.84 129.3 126.01 126.85 128.34 136.19 142.67 140.97
-9999 -9999 174.17 174.02 173.3 171.7 170.46 169.53 169.49 169.14 167.73 164.23 160.18 156.98 154.75 153.58 152.11 150.13 148.57 147.68 146.55 145.59 144.17 142.77 141.62 141 140.23 139.27 138.92 138.65 138.24 137.82 137.81 137.38 137.02 136.95 136.84 136.46 136.22 136.06 135.94 135.91 135.61 135.36 135.05 135.16 135.26 134.98 134.69 134.43 134.19 133.7 133.8 133.83 134.28 135.51 135.88 135.71 134.19 133.03 132.43 132.11 131.66 131.28 130.58 127.75 125.9 127.58 131.45 141.32 142.45 135.43
-9999 -9999 173.99 173.56 173.07 172.05 170.71 169.07 168.4 167.58 164.35 160.84 158.48 156.68 154.63 153.57 151.94 149.9 148.59 147.8 146.77 145.55 145.45 143.54 142.87 142.67 141.58 140.9 140.09 139.57 139.22 138.65 138.85 137.59 137.88 138.26 137.63 137.7 136.51 136.37 136.13 135.48 135.06 135.17 134.74 134.55 134.84 134.87 134.52 134.24 134.03 133.63 133.86 134.36 135.26 135.98 136.23 135.86 133.7 133.05 132.46 132.08 131.49 131.24 130.53 126.46 126.45 128.61 136.86 142.46 139.42 131.17
-9999 -9999 173.76 173.49 172.43 171.29 170.14 168.67 167.33 165.58 162.65 160.67 158.44 156.43 154.68 153.6 151.41 149.82 148.52 148.05 146.7 145.86 145.64 144.62 143.99 143.57 142.71 141.74 141.19 140.3 139.95 139.77 139.31 138.74 138.55 138.56 138.14 138.65 137.03 136.69 136.29 135.71 134.84 134.79 134.81 134.59 134.53 134.72 134.38 134.12 133.8 133.68 134.27 135.05 135.74 136.3 136.69 135.78 133.69 132.94 132.41 132.02 131.44 130.87 128.38 125.86 127.4 131.22 140.82 141.52 133.63 130.6
-9999 -9999 173.77 173.13 171.8 170.81 169.49 168.52 166.9 164.96 162.27 160.9 158.83 156.83 155 153.87 151.33 150.03 148.67 148.43 147.57 147.05 146.14 145.7 144.79 144.11 143.22 142.5 142.35 141.24 141.13 140.45 140.01 139.48 138.98 138.58 138.29 137.98 137.21 136.67 136.29 136.06 135.48 135.03 134.93 134.74 134.38 134.3 134.34 134.18 133.92 133.89 134.6 135.68 136.3 136.59 136.64 135.54 133.76 132.96 132.61 131.93 131 129.84 126.17 126.31 128.3 135.88 141.53 138.17 130.38 131.02
-9999 -9999 174.44 173.33 172.17 171.06 169.67 168.39 165.93 164.62 163.25 161.8 159.81 157.53 156.13 154.37 152.6 152.35 152.07 150.02 148.04 147.37 146.44 146.31 145.78 144.81 144.45 144.19 143.23 143.15 142.15 140.91 140.52 139.77 139.28 138.76 138.19 137.95 137.28 136.59 136.12 135.89 135.65 135.42 135.15 134.98 134.65 134.5 134.4 134.35 134.12 134.35 134.97 136.05 136.71 136.85 136.53 134.94 133.46 132.81 132.39 131.75 130.47 128.01 125.81 127.27 129.77 139.42 140.59 133.16 130.46 131.43
-9999 -9999 175.25 174.41 173.32 171.93 170.71 169.36 167.14 165.85 164.81 162.93 161.16 158.88 157.58 155.17 154.02 153.85 152.88 151.39 150.09 149.38 148.4 148.22 148.12 146.77 145.61 145.41 144.54 143.4 142.18 141.05 140.32 139.63 139.15 138.41 137.81 137.49 137.2 136.73 136.28 136.04 135.8 135.57 135.37 135.02 134.53 134.29 134.42 134.31 134.21 134.62 135.18 136 136.67 136.57 136.14 134.45 133.44 132.67 132.25 131.3 129.5 126.41 126 127.86 133.09 140.29 137.88 130.38 131.19 131.5
-9999 -9999 175.84 175.26 174.64 173.1 171.52 170.57 169.51 168.5 166.84 164.73 162.65 160.66 158.91 156.53 155.12 155.03 153.81 152.75 151.99 151.25 150.32 149.95 149.35 148.4 147.42 146.59 145.41 144.35 143.15 141.32 140.55 139.85 139.75 138.74 138.04 137.65 137.33 136.84 136.51 136.25 135.94 135.7 135.26 134.45 134.13 134.37 134.33 133.93 133.9 134.84 135.49 136.08 136.4 136.17 135.64 134.21 133.29 132.66 131.99 130.75 128.24 125.81 126.58 128.22 136.58 139.79 133.94 130.23 131.23 131.35
-9999 -9999 175.3 174.93 174.23 172.84 171.86 170.69 169.49 168.64 166.83 164.55 162.7 161.18 159.44 156.96 155.44 154.72 153.56 152.8 152 151.55 151.36 150.21 149.15 148.56 147.57 147.09 145.47 144.91 143.33 141.36 141.28 140.12 139.24 138.52 137.98 137.75 137.53 137.07 136.49 136.23 135.77 135.4 135.03 134.63 134.68 134.6 134.22 133.89 134.16 135.35 135.85 136.45 136.55 136.19 135.35 134.07 133.16 132.53 131.81 130.97 127.11 125.76 127.36 129.73 138.5 138.38 131.01 130.68 131.37 131.34
-9999 -9999 174.95 174.17 173.36 171.99 171.81 170.36 167.63 166.05 163.78 161.7 160.61 159.81 158.29 155.51 153.23 151.41 149.69 149.54 149.34 148.95 148.74 146.74 146.58 147.16 147.01 146.19 145.06 144.5 142.79 141.37 140.69 139.7 138.78 138.14 137.8 137.55 137.26 137.05 136.44 135.86 135.28 134.99 134.86 134.84 134.77 134.65 134.58 134.3 134.83 135.56 136.15 136.77 136.69 136.29 135.06 134.13 133.05 132.45 131.4 129.82 126.09 125.85 127.96 131.21 137.14 135.44 130.23 131.09 131.54 131.61
-9999 -9999 173.86 173.65 173.38 172.46 171.44 170.32 166.4 164.34 161.87 159.35 157.81 156.57 155.47 153.48 151.39 149.78 149.17 148.98 147.74 147.25 146.54 145.31 144.13 145.06 145.03 144.51 143.84 143.36 142.03 141.37 139.83 139.08 138.2 137.98 137.92 137.91 137.33 137.38 136.84 136.18 135.44 134.47 134.4 134.75 134.08 133.81 133.93 134.11 135.08 135.67 136.43 136.8 136.62 136.24 134.94 133.95 132.91 132.2 129.99 127.58 125.74 126.9 128.43 133.5 134 131.69 130.89 131.46 131.47 131.45
-9999 -9999 172.71 173.26 173 172.31 171.12 169.62 166.24 163.42 160.23 157.47 155.71 154.67 153.68 151.43 149.76 148.88 148.61 148.23 146.69 146.19 145.42 144.69 144.04 143.91 144.39 143.94 142.91 142.53 141.45 140.62 138.94 138.21 138.19 138.23 138.21 138.27 138.11 137.71 136.78 136.15 135.52 134.42 134.64 134.28 133.48 133.74 133.93 134 134.93 135.94 136.79 137.03 136.75 136.02 134.55 133.57 132.83 131.68 128.93 126.12 125.83 128.01 129.17 136.26 136.9 131.17 131.06 131.35 131.57 131.51
-9999 -9999 172.33 172.4 171.99 171.27 170.25 167.65 164.71 160.43 158.04 156.2 154.5 153.09 151.69 148.99 147.82 146.99 146.23 146.16 145.36 144.82 143.8 143.46 143.29 142.06 142.43 142.46 141.82 141.7 141.01 139.68 138.22 138.04 138.2 138.25 138.27 138.28 138.27 138.18 136.83 136 135.34 135.02 134.65 133.54 133.24 133.33 133.38 133.94 135.02 136.14 137.05 137.04 136.63 135.92 134.63 133.48 132.46 130.56 128.24 125.71 126.44 128.51 130.69 136.87 135.03 130.8 130.91 131.27 131.5 131.55
-9999 -9999 171.58 171.76 171.65 170.99 169.6 166.72 163.26 158.88 156.29 153.99 152.46 150.03 148.7 146.92 146.19 145.91 144.82 145.35 144.16 143.39 142.86 143.02 142.16 140.45 140.47 140.58 140.78 141.19 140.1 138.59 138.29 138.29 138.26 138.21 138.2 138.18 138.19 137.95 136.28 135.81 135.61 134.75 134.17 133.27 133.19 133.4 133.41 133.8 135.14 136.4 137.16 137.09 136.68 135.72 134.2 133.62 131.39 129.86 126.82 125.71 127.27 127.93 132.39 136.68 132.57 130.84 130.98 131.24 131.39 131.31
-9999 -9999 169.03 169.59 169.59 169 167.28 164.81 160.68 157.2 154.04 152.5 149.79 147.59 146.48 145.65 145.37 144.84 145.5 144.51 143.09 142.09 141.66 141.8 140.88 140.19 140.23 140.28 139.93 140.36 139.31 138.38 138.34 138.33 138.29 138.13 138.01 137.95 137.48 136.93 136.3 135.63 135 134.64 134.02 133.52 133.3 133.22 133.48 134.53 135.5 136.52 137.16 137.21 136.72 134.94 133.86 133.01 130.39 129.16 125.8 126.19 127.84 128.78 134.44 135.87 130.88 131.06 131.02 131.03 131.31 131.1
-9999 -9999 166.14 166.44 166.25 165.16 163.33 160.58 156.69 153.56 151.33 149.87 148.44 147.43 145.88 145.01 144.1 143.02 142.88 142.77 141.97 141.34 141.29 140.9 139.99 139.95 140.01 139.95 139.14 139.25 138.89 138.5 138.35 138.23 138.2 138.27 138 137.18 136.53 135.88 135.53 135.31 135.12 134.77 134.35 133.68 133.22 133.26 133.92 135.28 135.87 136.65 137.27 137.22 136.6 134.69 133.11 131.4 129.68 127.83 125.66 126.87 127.97 130.84 135.32 134.11 130.52 131.23 131.13 131.09 131.22 130.88
-9999 -9999 163.13 163.59 163.22 161.99 159.74 157.02 154.73 150.55 149.96 147.48 146.49 145.79 144.78 144.05 143.44 143.08 142.61 142.05 141.44 141.24 141.23 140.93 139.99 140.02 139.93 139.65 138.84 138.76 138.58 139.45 139.21 138.42 138 137.7 136.82 136.25 136.03 135.94 135.64 135.28 134.93 134.67 134.27 133.79 133.47 133.36 134.34 135.53 136.17 136.89 137.46 137.33 136.29 134.37 132.64 129.97 129.16 127 125.66 127.51 128.53 132.02 135.06 132.02 130.7 131.23 131.38 131.08 130.85 130.79
-9999 -9999 159.13 159.83 159.44 155.4 151.99 151.39 150.93 149.07 148.59 147.21 146.17 145.5 145.08 144.32 143.56 143.66 143.6 142.86 142.21 141.53 141.13 140.74 139.82 139.75 139.92 140.1 140.27 139.97 139.22 138.68 138.1 137.47 137.3 137.09 136.92 136.4 136.11 135.83 135.56 135.22 134.76 134.37 133.9 133.75 133.74 133.9 134.7 135.56 136.35 137.13 137.62 137.44 135.95 133.81 131.72 129.12 128.87 126.28 125.79 128.54 129.46 133.05 134.36 130.55 130.81 131.45 131.36 130.88 130.7 130.84
-9999 -9999 156.1 156.53 154.26 151.42 151.2 150.96 150.38 147.27 146.36 146.34 145.84 145.38 145.08 144.61 143.79 143.81 143.91 143.35 142.45 141.74 141.57 141.73 141.71 141.53 141.18 140.92 140.84 140.67 139.58 138.84 138.36 137.85 137.19 136.81 137.03 136.6 136.32 135.9 135.44 134.97 134.41 133.82 133.58 133.66 133.52 134.03 134.96 135.59 136.49 137.24 137.72 137.45 135.41 133.03 130.47 128.8 128.53 125.89 126.19 128.94 129.81 133.5 133.25 130.3 131.12 131.41 131.1 130.77 130.67 130.69
-9999 -9999 153.74 153.81 151.74 151.15 151.34 151.34 150.88 146.85 144.91 145.4 145.14 144.9 144.6 144.17 144.38 143.74 143.3 143.38 143.8 144.07 143.88 143.6 142.02 141.17 141.35 141.33 141.27 141 139.72 138.9 138.42 137.99 137.56 136.8 136.44 136.56 136.23 135.97 135.27 134.8 134.17 133.62 133.54 133.82 133.52 133.99 135.01 135.64 136.75 137.64 137.78 137.29 134.49 131.55 129.63 128.84 128.13 125.67 126.6 129.13 130.72 133.44 132.52 131.06 131.3 131.29 130.88 130.77 130.69 130.62
