LISFLOOD/dem30.asc
NCOLS 134 
NROWS 96 
XLLCORNER 341244.004906891 
YLLCORNER 4516825.80519417 
CELLSIZE 30 
NODATA_value -9999 
[rows 0 to 31 of 96, columns 0 to 71 of 134]
-9999.000000000000000 -9999 -9999 -9999 -9999 -9999 -9999 -9999 -9999 -9999 -9999 -9999 -9999 -9999 -9999 -9999 -9999 -9999 -9999 -9999 -9999 -9999 -9999 -9999 -9999 -9999 -9999 -9999 -9999 -9999 -9999 -9999 -9999 -9999 -9999 -9999 -9999 -9999 -9999 -9999 -9999 -9999 -9999 -9999 -9999 -9999 -9999 -9999 -9999 -9999 -9999 -9999 -9999 -9999 -9999 -9999 -9999 -9999 -9999 -9999 -9999 -9999 -9999 -9999 -9999 -9999 -9999 -9999 -9999 -9999 -9999 -9999
-9999 -9999 -9999 191.36 190.15 186.76 183.09 177.82 171.32 166.59 164.25 162.94 -9999 -9999 -9999 -9999 -9999 -9999 -9999 -9999 -9999 -9999 -9999 -9999 -9999 -9999 -9999 -9999 -9999 -9999 -9999 -9999 -9999 -9999 -9999 -9999 -9999 -9999 -9999 -9999 -9999 -9999 -9999 -9999 -9999 -9999 -9999 -9999 -9999 -9999 -9999 -9999 -9999 -9999 -9999 -9999 -9999 -9999 -9999 -9999 -9999 -9999 -9999 -9999 -9999 -9999 -9999 -9999 -9999 -9999 -9999 -9999
-9999 -9999 -9999 189.95 189.71 188.43 185.7 181.91 175.15 169.84 168.01 166.34 164.75 163.05 161.05 159.43 158.04 156.68 155.8 154.93 154.24 153.39 150.91 146.99 144.73 147.77 152.92 155.3 154.12 151.56 148.82 146.02 145.19 143.45 141.39 140.09 139.05 138.49 138.24 137.79 137.53 137.04 134.07 128.56 129.07 130.05 130.85 130.75 130.64 130.34 129.98 129.49 128.72 128.21 128.16 128.12 127.66 125.75 125.79 -9999 -9999 -9999 -9999 -9999 -9999 -9999 -9999 -9999 -9999 -9999 -9999 -9999
-9999 -9999 -9999 186.95 186.3 185.42 184.41 182.24 179.18 175.94 175.16 173.75 172.37 170.77 168.81 166.66 164.49 162.26 161.11 160.26 160.28 160.42 157.72 149.87 145.7 150.2 159.49 162.05 160.8 157.3 153.05 149.27 146.84 145.18 142.65 141.25 139.42 138.52 138.34 138.15 137.48 137.05 136.41 130.23 128.52 129.29 129.72 129.74 129.37 128.98 128.7 128.38 128.36 128.92 130.18 131.63 134.03 137.23 139.43 140.23 139.66 138.6 137.53 135.35 134.19 131.87 131.4 130.6 131.1 132.88 132.97 131.39
-9999 -9999 -9999 185.02 184.45 183.42 182.18 181.22 179.56 178.76 177.82 176.88 175.71 174.26 172.56 170.48 168.75 167.2 166.35 165.91 165.8 165.72 163.83 153.2 146.62 152.15 160.21 163.63 164.03 162.81 159.11 154.77 150.28 147.24 144.33 142.67 140.43 138.94 138.57 138.52 138.19 137.37 137.11 135.67 130.41 128.81 128.59 128.79 129.84 131.22 132.77 135.16 137.82 139.89 141.2 142.08 142.7 142.92 142.86 142.62 142.19 141.79 140.83 139.75 136.87 134.06 132.34 131.47 132.31 133 131.76 129.67
-9999 -9999 -9999 182.1 181.82 181.46 181.32 180.9 179.66 179.06 178.46 177.9 176.99 175.71 174.47 172.66 171.06 170.14 169.95 170.08 170.28 169.44 165.92 151.9 147.54 154.76 162.42 164.24 164.62 163.3 161.15 158.5 155.26 151.45 148.15 145.09 142.09 139.99 139.17 139.15 139.11 138.11 137.42 136.95 135.75 135.1 135.53 136.52 137.4 137.68 138.97 141.08 141.69 142.55 143.01 143.1 143.32 143.2 143.15 142.72 142.43 141.64 140.96 140.58 137.83 135.08 133.77 133.18 133.07 132.4 130.84 131.56
-9999 -9999 -9999 181.48 181.22 180.69 179.91 179.32 178.92 178.65 178.47 178.24 177.55 176.51 175.32 173.83 172.48 171.54 171.37 171.41 170.08 164.76 155.39 149.52 149.42 158.58 164.48 165.76 166.18 164.85 162.74 160.34 157.26 153.77 150.5 147.29 143.89 140.85 139.63 139.73 139.51 138.57 137.79 137.19 136.51 137.23 137.64 138.01 138.33 137.98 139.32 141.56 142.06 142.97 143.22 142.91 143.4 143.24 143.04 142.6 142.18 141.12 140.38 139.46 137.35 135.2 134.07 133.82 133.27 132.65 132.49 132.66
-9999 -9999 -9999 179.07 178.17 176.65 175.73 175.5 175.86 176.33 176.84 177.07 176.69 175.85 174.7 173.34 172.3 171.57 170.83 169.6 164.02 154.38 150.18 149.61 155.37 165.56 167.92 167.81 168.26 167.48 165.66 163.6 160.22 156.92 153.27 149.18 144.99 142.02 139.95 139.64 139.33 138.86 138.35 137.56 137.07 138.31 138.64 138.71 139.17 138.86 140.09 141.97 142.5 143.22 143.35 143.27 143.21 142.93 142.63 142.16 141.13 140.39 138.87 137.7 136.53 135.44 134.47 134.11 133.55 132.31 132.16 132.55
-9999 -9999 -9999 173.61 173.12 171.65 170.82 170.89 171.88 172.57 173.24 173.89 174.12 173.78 173.01 171.83 171.1 170.44 168.98 166.5 156.72 151.37 152.34 157.74 162.38 168.09 169.67 170.14 170.17 169.23 168.5 167.89 165.38 162.49 159.1 154.36 146.89 142.94 140.74 139.86 139.42 139.15 138.98 138.07 137.96 138.89 139.18 139.22 139.23 139.33 140.82 142.36 142.92 143.39 143.45 143.49 143.35 142.78 141.84 140.12 139.17 138.42 137.94 138.15 136.74 135.56 134.62 133.97 133.54 132.51 131.93 132.12
-9999 -9999 -9999 169.65 168.79 167.76 167.08 167.12 167.81 168.49 169.31 170.17 170.82 170.7 170.26 169.87 169.83 169.63 168.64 164.49 153.78 153.44 161.16 165.72 167.14 169.6 170.65 171.3 171.6 170.93 170.12 169.26 168.02 165.95 164.41 161.09 153.94 144.83 143.06 140.37 139.75 139.56 139.13 138.29 138.25 138.76 139.04 139.1 139.12 139.32 141.16 142.64 143.26 143.35 143 142.2 141.19 140.5 140.5 140.35 139.85 139.19 138.87 138.56 136.57 135.53 134.73 133.96 133.16 132.5 132.16 131.79
-9999 -9999 -9999 166.14 165.56 164.92 164.05 163.55 163.73 163.88 163.81 164.35 164.33 163.84 163.58 163.43 163.36 163.78 163.32 157.47 154.19 157.87 166 167.74 169.31 170.7 171.53 172.07 172.38 171.99 171.25 170.31 169.34 168.06 166.68 165.49 161.81 150.81 144.17 140.98 139.81 139.7 139.38 138.48 138.49 138.75 139.06 139.35 139.53 139.82 140.68 141.83 141.63 141.37 141.61 142.18 142.63 142.8 141.89 141.21 140.14 139.34 138.69 137.69 136.41 135.48 134.95 133.82 133.27 132.59 132.33 131.95
-9999 -9999 -9999 163.8 163.05 162.15 161.65 161.29 160.89 160.57 160.05 159.4 159.11 158.44 157.32 156.62 155.96 155.57 154.71 153.65 155.14 159.05 165.52 169 171.13 171.2 171.99 172.73 173.07 172.8 172.11 171.14 169.71 168.46 167.47 166.33 164.67 159.57 148.02 142.73 139.97 139.85 139.48 138.73 138.7 138.9 139.27 139.61 139.87 140.26 141 141.98 143.07 144.05 143.99 143.72 143.32 142.81 141.86 140.82 139.83 139.18 138.29 137.38 136.26 135.32 134.81 133.8 133.19 132.79 132.45 132.03
-9999 -9999 -9999 162.38 161.7 161.02 160.63 160.15 159.35 158.63 158.34 156.36 156.16 156.41 155.95 155.16 154.66 154.63 154.56 154.43 155.92 159.85 164.28 168.15 170.47 171.15 171.86 172.73 173.36 173.21 172.17 171.13 169.56 167.35 165.83 164.77 162.76 159.07 152.5 144.12 140.99 139.61 139.27 139.16 139.18 139.08 138.93 139.05 139.98 140.81 142.12 142.83 143.65 143.72 143.67 143.33 142.89 142.5 141.46 140.08 139.5 138.7 137.76 136.94 136.04 135.65 134.87 133.86 133.07 132.91 132.73 132.27
-9999 -9999 -9999 161.51 160.81 160.39 160.02 159.45 158.66 158.02 157.78 156.84 156.28 155.97 155.17 155.07 154.83 155.01 155.54 156.59 157.78 160.01 162.61 165.53 167.99 170.01 171.14 172.46 172.82 173.1 172.43 171.19 169.72 167.05 164.39 161.35 156.85 152.55 149.32 145.01 142.7 141.12 140 139.24 139.07 138.59 138.53 139.3 140.02 140.5 141.84 142.89 143.25 143.5 143.59 143.52 142.85 142.23 141.02 139.98 139.15 138.1 137.34 136.69 135.92 135.56 134.81 134.15 133.21 133.04 132.64 132.32
-9999 -9999 -9999 161.05 159.87 159.68 159.36 158.73 158.15 157.86 157.54 157.12 156.7 156.49 156.11 156.17 156.38 156.75 156.85 157.88 159.14 160.57 162.91 164.46 165.8 168.03 169.06 170.28 171.02 171.86 172.15 171.2 169.23 165.99 161.39 157.19 153.12 150.3 150.01 146.97 141.05 140.04 139.47 138.93 139.08 138.72 139.18 139.19 139.63 140.48 141.52 142.75 143.06 143.29 143.5 143.51 143.31 142.33 141.1 139.71 138.98 137.8 137.12 136.47 135.85 135.23 134.71 133.9 133.34 133.09 132.61 132.4
-9999 -9999 -9999 161.25 160.17 160.03 159.65 159 158.23 157.71 157.44 157.33 156.9 157.19 158.23 158.72 157.91 158.5 158.64 159.35 160.38 161.52 163.26 164.52 164.24 166.9 168.11 169.2 169.74 169.49 167.74 163.8 159.19 156.79 156.28 157.09 158.52 159.1 158.37 150.44 139.9 139.86 139.65 139.15 139.19 138.86 139.04 139.07 139.6 140.51 141.57 142.49 143.04 143.32 143.6 143.66 143.29 141.84 140.76 139.71 138.79 137.33 136.84 136.43 135.99 135.04 134.48 133.5 133.44 132.92 132.62 132.42
-9999 -9999 -9999 162.61 161.36 160.88 160.56 159.82 158.74 158.26 157.9 157.91 158.6 159.46 159.73 159.95 160.49 160.78 160.61 160.96 161.56 162.36 163.45 164.42 164.89 166.27 167.39 166.1 163.73 161.51 160.97 161.96 163.7 164.23 162.97 161.13 159.64 159.07 157.88 151.35 140.34 139.89 139.78 139.25 139.15 138.87 138.89 138.92 139.4 140.26 141.64 142.29 142.8 143.15 143.33 143.41 142.52 141.41 140.25 139.1 137.87 137.07 136.76 136.44 135.99 135.08 133.97 133.48 133.27 132.68 132.56 132.51
-9999 -9999 -9999 164.94 163.69 162.74 162.28 161.08 160.15 159.9 159.37 159.38 159.77 159.96 160.24 161 162.19 162.48 162.06 162.34 162.56 162.81 163.5 163.96 163.69 164.05 163.86 164.41 165.95 167.82 167.57 167.28 166.1 163.8 161.31 159.45 159.18 158.62 156.47 151.47 141.36 139.86 139.61 139.01 138.83 138.69 138.54 138.77 139.58 140.55 141.4 142 142.57 143.22 143.3 142.84 141.86 140.89 139.92 138.55 137.56 136.99 136.65 136.41 136.12 134.8 133.62 133.39 133.1 132.73 132.69 132.49
-9999 -9999 -9999 167.98 167.01 165.51 164.68 163.56 163.33 164.27 163.18 160.91 160.05 160.58 161.36 162.3 163.54 163.76 163.53 163.53 163.79 163.71 163.71 164.38 165.19 165.92 166.1 166.02 166.13 166.62 166.31 165.17 163.48 160.87 157.47 155.51 154.93 153.09 151.45 148.39 142.48 139.89 138.9 138.36 138.5 138.39 138.47 138.59 139.27 140.48 141.16 141.82 142.49 142.95 143.16 142.45 141.45 140.38 139.71 138.28 137.21 136.96 136.92 136.45 136.02 134.71 133.56 133.18 133.01 132.72 132.62 132.65
-9999 -9999 -9999 168.41 168.12 167.8 167.19 166.48 167.18 167.05 166.57 165.01 162.12 162.47 163.47 164.35 164.78 164.75 164.56 164.48 164.41 164.33 164.09 164.3 164.71 164.74 164.65 164.29 164.38 164.43 163.8 161.72 159.22 157.11 154.41 151.76 149.05 147.16 145.95 143.15 141.17 140.02 138.94 138.19 138.13 138.05 138.05 138.45 139.31 140.24 140.97 141.53 142.4 142.67 142.79 142.12 141.29 140.48 139.42 138.18 137.44 136.94 136.74 136.46 135.62 134.11 133.68 132.98 132.75 132.62 132.63 131.87
-9999 -9999 -9999 169.06 169.43 170 169.14 168.95 168.02 167.29 166.98 166.01 165.43 165.23 164.93 164.61 164.64 165.07 164.83 164.96 164.61 164.33 164.06 163.94 163.07 162.12 161.65 160.7 160.64 160.47 159.75 158.78 156.13 154.05 151.02 148.65 147.46 146.21 142.82 141.51 140.6 139.98 138.61 137.87 137.75 137.69 138.05 138.18 139.25 139.85 140.72 141.37 141.7 142.29 142.34 141.82 140.91 140.37 138.97 137.41 137.13 136.81 136.44 136.16 135.15 133.93 133.58 132.9 132.68 132.47 132.4 131.38
-9999 -9999 -9999 171.05 170.71 170.43 169.5 168.72 167.95 167.22 166.39 165.17 164.49 163.6 163.25 162.86 162.62 163.52 164.41 164.64 163.68 162.82 162.52 161.33 160.19 159.19 158.59 158.26 158.08 157.88 157.34 156.5 152.92 150.55 148.55 146.55 146.15 145.12 142.18 140.98 140.2 139.52 138.14 137.54 137.39 137.41 137.71 137.89 138.58 139.36 139.88 140.81 141.2 141.92 141.8 141.1 140.41 139.39 138.32 137.25 137.03 136.64 136.33 135.6 134.34 133.74 133.23 132.68 132.57 132.35 132.07 130.74
-9999 -9999 -9999 171.36 170.86 170.2 169.36 168.22 166.83 165.51 163.54 162.76 162.52 161.4 160.02 159.73 159.32 160.1 161.09 161.26 160.07 159.59 159.07 157.98 157.58 157.17 156.92 156.66 156.2 155.56 153.9 151.12 149.11 148.33 146.91 144.77 143.67 142.04 141.17 140.13 139.24 138.22 137.52 137.09 136.95 136.98 137.23 137.65 138.1 138.61 139.19 139.91 140.56 141.01 141.23 140.51 139.89 138.89 137.82 137.05 136.94 136.6 136.2 135.2 134.14 133.52 133.08 132.89 132.71 132.34 131.95 130.34
-9999 -9999 -9999 171.85 171.1 170.04 169.12 166.78 163.78 161.4 159.65 158.6 157.07 156.14 156.34 156.69 155.97 155.59 155.45 155.64 156.06 156.67 156.43 155.83 155.12 154.08 152.89 152.39 151.84 151.24 150.06 148.87 148.59 148.63 146.92 144.1 143.39 141.71 140.94 139.66 138.91 137.77 137.36 137 136.6 136.58 136.86 137.24 137.82 138.04 138.76 139.24 139.95 140.2 140.38 139.92 139.58 138.17 137.44 136.8 136.73 136.44 135.88 134.77 134.19 133.31 132.83 132.85 132.62 132.28 131.91 130.03
-9999 -9999 -9999 172.02 170.85 169.65 167.94 164.63 161.08 158.77 157.06 155.47 154.23 154.07 154.06 153.96 154.3 154.18 153.83 153.65 153.67 153.4 152.35 151.62 149.7 148.35 148.3 148.33 148.87 149.96 148.94 148.51 148.57 148.62 146.83 144.07 143.16 141.54 140.53 139.31 138.74 137.65 137.34 136.9 136.35 136.35 136.72 137.25 137.56 138.16 138.61 139.03 139.49 139.61 139.59 139.48 138.62 137.46 136.99 136.7 136.38 135.96 135.22 134.42 134.24 133.02 132.65 132.79 132.59 132.17 131.77 129.99
-9999 -9999 -9999 170.62 168.94 167 164.48 161.2 158.93 157.4 156.13 154.77 153.88 153.1 152.59 152.14 152.58 152.68 152.35 151.9 151.37 149.82 148.15 146.81 147.04 147.88 147.85 148.13 148.95 149.17 148.34 148.39 148.58 148.6 146.7 144.11 142.98 140.27 139.57 139.39 138.64 137.62 137.33 136.83 136.19 136.23 136.58 137.15 137.17 137.74 138.28 138.93 139.37 139.26 139.1 138.74 137.67 137.15 136.68 136.55 136.06 135.71 134.68 134.05 133.34 132.54 132.57 132.71 132.51 132.15 131.64 130.58
-9999 -9999 -9999 166.97 164.45 162.49 160.71 158.81 157.61 156.95 156.31 155.28 154.78 153.65 152.81 151.95 151.35 150.9 150.12 149.51 149.07 147.66 146.96 147.09 146.87 147.01 147.16 147.61 148.52 148.35 148.35 148.4 148.31 148.26 146.85 143.93 142.89 140.83 140.02 139.55 138.63 137.64 137.33 136.77 136.12 136.28 136.6 136.87 136.93 137.39 137.86 138.34 138.86 138.78 138.57 137.6 137 136.75 136.52 136.13 135.7 135.21 134.43 133.65 132.86 132.55 132.55 132.67 132.34 132.29 132.2 130.64
-9999 -9999 -9999 165.37 162.93 161.16 159.99 159.14 158.82 158.19 157.42 156.34 155.94 153.24 151.82 151.89 150.69 149.77 148.62 147.36 147.86 147.13 146.94 146.75 146.52 146.39 146.35 146.99 148.06 148.25 148.31 148.31 148.2 148.09 147.78 145.7 143.69 142.79 140.43 139.42 138.6 137.75 137.2 136.52 135.97 136.17 136.49 136.59 136.83 137.06 137.45 137.77 138.04 137.94 137.99 137.12 136.7 136.38 136.15 135.95 135.53 134.66 134.03 132.9 132.66 132.82 132.49 132.31 132.15 132.29 132.06 129.6
-9999 -9999 -9999 163.48 163.72 162.31 161.15 160.19 160.39 159.5 158.71 157.61 157.02 152.27 149.7 151.51 150.46 148.77 147.38 147.06 147.01 146.6 146.3 145.95 145.82 145.66 145.54 146.2 147.44 148.26 148.33 148.34 148.22 148.03 147.94 146.57 144.46 143.21 140.52 139.44 138.22 137.17 136.83 136.32 135.91 136.09 136.35 136.54 136.72 136.77 136.71 137.08 137.24 137.31 137.23 136.68 136.49 136.27 136.07 135.65 134.98 134.22 133.55 132.82 132.48 132.63 132.62 132.44 132.18 131.96 131.19 128.83
-9999 -9999 -9999 164.99 165.24 163.38 162.58 161.78 161.97 160.9 159.95 158.91 157.98 155.07 152.81 152.41 150.99 148.61 147.48 147.21 146.05 145.77 145.39 145.23 145.24 145.26 145.35 146.73 147.49 148.25 148.33 148.35 148.19 148.02 147.97 146.78 144.77 143.91 141.85 140.68 137.68 137.08 137.02 136.47 135.89 136.1 136.17 136.42 136.48 136.43 136.38 136.72 136.9 137.08 136.76 136.47 136.2 136.13 136.11 135.49 134.76 133.92 133.26 132.84 132.75 132.7 132.79 132.49 132.2 132 130.97 127.99
-9999 -9999 -9999 166.57 166.8 165.11 164.66 163.64 163.53 162.48 161.2 160.05 158.45 156.23 154.66 153.46 151.87 149.85 147.85 147.39 145.88 144.78 144.31 144.59 144.84 144.97 145.48 146.49 147.24 148.25 148.34 148.34 148.17 147.96 147.93 146.8 144.85 143.83 142.33 141.24 137.76 137.2 137.06 136.5 135.89 135.94 136.02 136.16 136.24 136.15 136.31 136.48 136.74 136.81 136.47 136.24 136.03 136.11 135.79 135.23 134.47 133.59 133.09 132.78 132.72 132.41 132.36 132.02 132.09 131.9 130.63 127.15
-9999 -9999 -9999 168.45 168.64 167.25 166.74 165.57 164.61 163.87 162.3 161.14 158.92 156.89 155.39 154.03 152.58 150.53 148.69 147.38 145.61 144.57 144.13 144.18 144.12 144.63 145.47 146.24 146.99 148.24 148.32 148.32 148.14 147.87 147.84 146.74 144.94 143.74 142.29 141.19 137.76 137.29 137.07 136.52 135.92 135.85 135.89 135.8 135.7 135.84 136.14 136.29 136.51 136.37 136.34 136.11 136.02 135.95 135.42 134.9 134.37 133.14 132.73 132.62 132.6 132.24 132.03 131.96 132.08 131.86 129.27 126.39
