LISFLOOD/dem30.asc
NCOLS 134 
NROWS 96 
XLLCORNER 341244.004906891 
YLLCORNER 4516825.80519417 
CELLSIZE 30 
NODATA_value -9999 
[rows 64 to 95 of 96, columns 0 to 71 of 134]
-9999 -9999 150.91 151.01 150.44 150.77 151.1 151.41 151.15 147.44 145.01 144.9 144.69 144.6 144.73 144.93 145.53 145.67 145.51 145.54 145.12 144.98 144.64 144.24 143.13 141.41 141.48 141.39 141.06 140.46 139.36 139.12 138.86 138.11 137.49 136.45 135.87 136.09 136.07 135.71 135.15 134.55 134.13 133.61 133.38 133.65 133.74 133.86 135.01 135.66 137.05 137.88 137.89 136.81 133.36 129.84 129.09 128.63 127.78 125.6 126.38 128.55 131.46 133.07 131.11 131.07 131.26 131.23 130.8 130.69 130.66 130.59
-9999 -9999 148.13 147.94 148.07 149.42 149.48 148.88 147.9 146.37 146.18 146.22 146.37 146.48 146.6 146.59 146.39 146.07 145.98 145.99 145.87 145.87 145.56 145.24 144.72 143.88 143.33 142.76 142.19 141.64 139.35 139.37 139 138.24 137.6 136.56 135.86 135.48 135.47 135.29 135.03 134.5 134.19 133.5 133.45 133.89 133.67 133.84 134.93 135.8 137.24 138.04 137.94 135.68 131.7 128.82 128.48 127.89 127.48 125.58 126.39 128.69 132.1 132.46 130.55 131.2 130.96 130.84 130.57 130.58 130.61 130.67
-9999 -9999 148.1 148.01 147.86 147.89 147.54 147.33 147.46 147.61 147.58 147.33 147.14 146.78 146.52 146.91 146.85 147.06 147.14 147.37 147.58 147.26 146.7 146.55 145.98 145.33 144.69 144.03 143.4 142.68 139.85 139.21 138.73 138.26 137.65 136.61 135.88 135.5 135.09 134.93 134.61 134.41 134.19 133.7 133.57 134.1 133.67 134.14 135.1 136.07 137.39 138.38 137.94 134 130.19 128.6 128.16 127.85 127.1 125.56 126.67 129.65 132.49 131.89 130.69 130.95 130.52 130.56 130.55 130.62 130.48 130.36
-9999 -9999 150.14 150.1 149.81 149.24 148.94 148.73 148.48 148.29 148.23 148.25 148.3 148.56 148.64 148.68 148.92 148.71 147.81 147.28 147.52 148.46 147.73 147.62 147.12 145.94 145.42 145.13 145.16 144.3 140.55 139.05 138.66 138.25 137.65 136.79 135.98 135.56 135.16 134.68 134.5 134.45 134.3 133.96 133.79 134 133.61 134.5 135.42 136.29 137.67 138.66 138.16 133.74 129.59 128.22 128.02 128.13 126.64 125.55 127.1 130.66 132.48 131.09 130.76 130.78 130.38 130.59 130.59 130.76 130.32 130.13
-9999 -9999 152 151.53 150.95 150.34 150.18 150.12 150.24 150.22 150.3 150.36 150.05 150.12 150.65 150.68 151.3 150.86 150.08 150.64 149.4 149.06 148.53 147.98 147.78 146.56 145.44 144.91 145.15 144.76 141.49 138.93 138.49 138.2 137.82 136.84 136.17 135.69 135.34 134.88 134.35 134.29 134.15 133.96 133.93 133.71 133.76 134.63 135.42 136.46 137.84 138.26 137.24 133.57 129.14 126.79 126.39 127.97 126.1 125.54 127.94 131.66 132.33 130.65 130.66 130.46 130.39 130.62 130.65 130.73 130.14 130.2
-9999 -9999 154.02 153.32 152.66 152.46 152.31 152.55 153.14 153.09 152.87 152.37 151.94 151.69 152.58 153.19 153.25 152.64 151.62 151.99 151.74 149.69 148.92 148.01 147.96 147.21 146.31 145.13 144.06 143.24 141.21 139.01 138.37 138.22 137.93 136.82 136.22 135.7 135.31 134.97 134.59 134 134 133.99 133.96 133.65 134.13 134.9 135.74 136.67 137.7 137.32 134.27 130.2 128.49 128.15 127.66 127.18 125.66 125.68 129.12 132.28 131.91 130.54 130.66 130.35 130.5 130.64 130.66 130.38 129.99 130.45
-9999 -9999 155.39 154.46 154.24 154.53 154.89 154.89 155.67 156.29 156.36 155.66 154.6 154.47 153.4 153.2 153.28 153.06 152.27 152.17 151.97 150.71 149.29 148.03 147.68 147.03 146.67 145.69 143.02 142.11 140.44 138.74 138.28 138.06 137.63 136.87 136.09 135.49 135.14 134.76 134.41 133.78 133.95 133.97 133.81 133.48 134.07 134.77 135.96 136.88 137.15 135.84 131.1 128.88 128.19 128.84 128.67 127.54 125.55 126.52 130.2 132.53 131.39 130.7 130.75 130.51 130.62 130.55 130.34 129.96 130.16 130.87
-9999 -9999 156.89 155.82 156.2 157.58 158.43 158.01 158.17 158.74 158.85 158.72 158.01 157.53 154.8 153.15 153.29 153.13 152.45 152.7 153.07 152.64 149.46 148.04 147.46 146.76 145.83 144.65 142.75 141.38 139.94 138.61 138.04 137.58 137.18 136.71 136.04 135.25 134.9 134.53 134.08 133.55 133.78 133.94 133.59 133.48 133.93 134.81 135.94 136.62 136.6 133.21 129.57 128.35 128.26 129.6 128.28 126.95 125.51 127.83 131.35 132.49 130.79 130.66 130.74 130.67 130.58 130.31 130.02 129.98 130.5 130.9
-9999 -9999 158.43 157.83 159.32 161.16 161.73 160.89 160.35 160.74 160.93 161.28 161.2 160.85 157.02 153.21 153.3 153.17 152.98 154.53 154.14 153.52 150.31 148.31 147.62 145.57 143.66 143.58 142.63 140.18 139.13 138.49 137.85 137.25 136.39 135.52 135.91 135.5 135.39 135.29 134.57 133.39 133.49 133.63 133.37 133.67 134.06 135.29 136.13 136.55 135.44 130.84 128.77 128.11 128.25 128.18 127.78 125.82 125.98 129.34 132.1 132.04 130.48 130.66 130.77 130.66 130.25 129.94 129.85 130.2 130.85 130.59
-9999 -9999 160.63 160.41 162.35 164.07 164.26 163.44 162.81 162.72 162.73 163.63 164.1 163.72 159.5 154.29 154.01 153.89 154.3 154.84 154.26 153.76 151.46 148.26 146.75 145.22 143.41 143.43 142.81 139.98 139.24 138.64 138.01 137.25 136.13 135.19 135.41 135.43 135.33 135.11 134.3 133.19 133.37 133.62 133.83 133.85 134.39 135.67 136.44 136.17 133.15 129.38 128.48 128.01 128.05 127.91 126.73 125.51 127.55 130.46 132.46 131.27 130.49 130.67 130.64 130.21 129.86 129.95 130.16 130.55 130.73 130.53
-9999 -9999 163.09 162.93 164.02 165.31 165.93 165.32 164.98 164.9 165.08 165.55 166.04 165.65 163.21 160.1 159.41 158.52 157.49 155.47 154.33 153.89 152.22 148.08 146.75 145.18 143.48 142.93 142.15 140.57 140 139.43 138.67 137.68 136.41 135.46 135.02 134.49 134.27 133.75 133.19 133.39 133.63 134.01 133.98 134.07 134.95 136.14 136.39 135.58 131.56 128.74 128.03 127.92 127.87 127.57 125.57 126.72 129.21 131.57 132.46 130.43 130.04 130.02 129.85 129.68 129.79 130.34 130.84 130.88 130.83 130.5
-9999 -9999 165.22 165.21 165.99 166.65 167.13 167.16 166.69 166.71 167.03 167.48 167.24 166.82 165.65 163.97 162.23 160.71 158.74 156.53 154.64 153.85 152.24 149.51 147.92 146.16 144.33 142.71 141.85 141.11 140.83 139.79 139.03 138.03 136.92 136.07 135.35 135.11 134.93 134.56 133.04 133.63 133.83 133.98 133.73 134.4 135.79 136.46 135.61 134.27 131.24 128.19 127.74 127.79 127.83 125.9 125.89 128.75 129.9 132.35 131.79 129.48 129.4 129.46 129.45 129.56 129.85 130.38 130.74 130.95 130.66 130.65
-9999 -9999 167.4 167.2 167.55 167.83 168.35 168.67 168.76 168.71 169.16 169.37 168.76 167.66 166.4 164.94 163.4 161.6 159.69 157.91 156.47 154.53 152.39 150.47 149.43 146.94 145.03 143.81 142.65 141.66 140.53 139.5 138.88 138.2 137.27 136.11 135.5 134.88 134.75 134.29 133 133.64 133.97 133.91 133.91 134.92 136.09 136.32 134.63 130.58 128.56 127.75 127.67 127.63 126.11 125.63 128.3 129.37 130.96 132.52 130.59 129.25 129.54 129.6 129.62 129.77 130.03 130.28 130.55 130.45 130.07 130.84
-9999 -9999 169.42 169.49 169.22 169.1 169.52 170.19 170.63 170.77 170.97 170.89 170.33 169.01 167.19 165.04 163.31 161.32 159.6 158.09 156.8 154.99 152.85 151.02 150.12 147.55 145.25 144.07 142.52 140.41 139.84 139.94 139.93 139.35 137.99 135.55 134.75 134.29 133.87 133.6 133.05 133.81 134.02 133.84 134.13 135.4 136.26 135.44 132.45 129.07 128.43 128.44 127.33 125.94 125.57 127.89 129.37 129.61 132.01 132.19 129.83 129.19 129.23 129.51 129.79 130.02 130.15 130.15 129.96 129.85 130.08 130.96
-9999 -9999 171.6 171.75 171.29 170.76 171.01 172.1 172.57 172.93 172.93 172.24 171.43 169.74 167.83 165.58 163.68 161.14 159.29 157.8 156.62 155.04 153.45 151.86 150.58 148.47 145.71 143.48 140.51 139.72 139.9 139.95 139.96 139.27 138.02 135.57 134.53 134.04 133.61 133.1 133.05 133.95 134.05 134.09 134.77 135.71 135.85 134.66 130.53 128.14 128.29 127.15 125.62 125.84 127.88 129.03 129.22 130.35 132.48 131.4 129.8 129.23 129.04 129.37 129.49 129.42 129.17 129.22 129.63 129.78 130.15 130.94
-9999 -9999 173.9 174.27 174.1 173.05 173.24 174.06 174.49 175.02 174.63 173.57 172.45 170.33 168.54 166.44 164.22 161.65 159.98 158.79 157.3 155.97 154.26 152.68 150.86 149.05 145.79 141.87 139.84 139.49 139.61 139.77 139.53 138.75 137.22 135.45 134.27 133.31 133 132.58 133.32 134.11 134.25 134.54 135.1 135.88 135.12 132.63 128.55 127.25 126.5 125.46 126.2 128.69 128.99 128.95 129.43 131.4 132.48 130.17 129.2 128.99 128.84 128.81 128.86 129.13 129.25 129.8 130.38 130.62 130.81 131.01
-9999 -9999 176.34 177.1 176.89 175.51 175.67 176.18 177.28 177.57 176.42 174.65 173.25 170.97 169.75 167.4 165.07 163.01 161.48 159.89 158.3 156.73 154.74 152.62 150.32 149.01 145.54 141.55 139.93 139.91 139.48 138.92 138.13 137.45 136.39 134.57 133.18 132.55 133.15 132.7 133.26 133.67 134.45 134.92 135.38 135.62 133.95 129.35 127.87 126.3 125.42 126.37 129.42 129.11 128.7 129.51 129.98 132.18 131.89 128.04 128.13 129.05 129.51 129.73 130.03 130.48 130.7 131.08 131.44 131.51 131.47 131.09
-9999 -9999 178.5 179.55 179.55 178.41 178.59 178.62 179.86 179.76 178.13 175.86 174.75 172.71 171.09 168.38 166.36 164.72 162.78 160.74 158.94 156.64 154.21 151.77 149.67 148.35 145.54 143.36 141.82 140.71 139.99 139.8 138.31 137.47 135.88 133.91 132.87 132.44 133.12 132.67 132.83 133.32 134.12 134.83 135.07 134.67 133.89 130.29 126.8 125.43 125.96 128.94 129.51 128.71 128.92 129.72 130.65 132.47 130.35 126.77 126.55 126.78 127.35 128.35 129.88 131.15 131.46 131.4 131.52 131.44 131.51 130.89
-9999 -9999 180.37 181.42 181.52 180.93 181.06 180.97 181.45 180.77 179.03 177.04 175.64 173.58 171.54 169.06 166.97 165.42 163.36 161.18 158.38 155.7 152.52 150.24 148.82 147.5 144.96 143.69 142.07 140.46 140.15 140.11 138.64 137.08 135.68 133.63 132.54 132.3 132.2 132.71 132.56 133.25 134.76 134.88 134.82 134.01 133.4 129.84 125.6 125.6 128.02 129.73 129.28 128.4 129.15 129.81 131.73 132.34 128.2 125.91 125.58 125.96 125.59 125.53 125.86 127 128.69 130.17 131.21 131.32 131.29 130.11
-9999 -9999 181.53 182.06 181.89 181.71 181.76 182.18 182.35 181.22 180.15 177.8 175.42 173.44 171.83 169.04 166.93 165.08 163.21 160.36 156.55 154.06 151.44 149.46 148.93 146.98 143.16 141.65 140.76 140.13 140.08 140.09 138.7 136.27 134.93 132.94 132.04 131.82 131.75 132.37 132.64 134.2 134.97 134.79 134.28 133.51 132.34 126.84 125.37 126.91 128.95 129.77 128.68 128.3 129.36 130.24 132.41 131.46 126.69 125.57 125.47 125.56 125.47 125.47 125.48 125.76 126.62 127.83 130.92 131.16 131.23 129.11
-9999 181.81 181.93 181.69 181.51 181.7 182.35 182.72 182.58 181.47 180.63 178.24 175.4 173.56 171.17 168.32 166.24 164.13 162.23 158.24 154.43 152.53 151.56 149.55 148.11 145.75 141.46 141.3 140.55 139.89 139.76 138.48 136.83 135.71 134.33 132.54 131.98 131.81 131.61 132.61 133.87 134.81 134.77 134.31 133.2 131.07 129.74 125.66 125.59 128.14 129.29 129.37 127.88 128.41 129.78 131.08 132.53 129.67 126.01 125.48 125.47 125.64 125.47 125.47 125.47 125.51 127.02 128.79 131.18 131.24 130.96 128.07
-9999 181.6 181.66 181.48 181.47 181.62 182.52 183.02 182.31 181.16 180.4 178.45 175.89 173.61 170.76 167.42 164.92 162.67 159.78 156.4 153.37 152.06 150.66 148.87 147.02 144.9 142.5 141.7 140.94 140.02 139.39 138.28 137.12 135.85 134.02 132.45 131.94 131.75 131.7 132.74 133.6 133.87 133.58 133.12 131.52 128.97 128.09 125.37 126.54 128.35 129.37 128.86 127.62 129.2 129.88 132 132.08 127.59 125.69 125.47 125.47 125.72 125.48 125.47 125.47 125.75 127.42 129.69 131.06 131.25 130.61 127.19
-9999 181.36 181.45 181.52 181.6 181.81 182.76 183.24 181.85 180.94 179.67 178.09 175.99 173.87 170.23 166.36 163.46 160.18 157.36 155.55 153.24 151.68 149.76 147.72 145.81 144.36 143.14 141.72 141.26 140.2 138.82 137.62 136.45 134.88 133.44 132.58 132.07 131.84 131.65 132.42 132.53 132.79 132.91 132.09 130.5 128.93 127.63 125.35 126.86 128.49 129.23 128.32 128.14 129.65 130.38 132.44 129.89 126.2 125.51 125.47 125.47 125.96 125.5 125.47 125.47 126.45 127.76 130.01 130.9 130.9 130.28 126.29
-9999 181.32 181.4 181.67 181.75 181.96 183.07 183.28 181.63 180.72 179.41 177.42 175.22 172.95 168.37 164.45 161.09 158.31 156.6 154.54 152.29 150.74 149.01 147.14 145.35 144.2 142.56 140.9 140.49 139.33 137.63 136.54 135.46 134.4 133.39 132.77 132.09 131.63 130.84 130.85 130.28 130.3 132.1 129.95 128.49 127.74 127.04 125.46 126.5 128.47 128.9 127.9 128.99 129.53 131.65 132.42 127.6 125.91 125.47 125.47 125.5 126.26 125.49 125.47 125.55 127.28 127.96 130.37 131.1 130.97 129.58 125.69
-9999 181.29 181.38 181.72 181.95 182.06 182.83 182.84 181.69 180.54 178.77 176.28 174.26 170.46 165.66 162.73 160.06 157.72 156.48 154.06 152.11 150.09 148.28 146.87 145.5 144.23 142.7 141.35 140.15 138.75 137.55 136.61 135.55 134.23 133.42 132.87 132.27 132.46 132.39 131.49 131.37 131.3 131.3 128.43 128.65 128.38 127.73 125.66 125.95 128.43 128.24 128.12 129.34 130.11 132.66 131.38 126.42 125.71 125.47 125.47 125.57 126.85 125.67 125.47 126.05 127.86 128.55 130.73 130.97 130.76 128.48 125.24
-9999 181.32 181.41 181.64 181.95 182.12 182.23 181.99 180.88 179.33 177.36 175.01 171.91 167.94 164.51 161.74 159.13 157.22 155.61 153.66 151.98 150.09 148.4 147.09 146.13 144.77 143.21 141.8 140.27 138.63 137.44 136.36 135.2 134.13 133.42 132.93 132.48 132.91 133.26 133.35 132.97 132.58 129.91 128.72 129 128.31 127.68 125.38 126.19 128.24 128.01 128.9 129.78 131.89 133.15 129.24 126.06 125.5 125.47 125.47 125.53 126.22 126.06 125.92 126.81 127.72 129.46 130.83 130.92 130.56 127.53 125.19
-9999 181.24 181.28 181.46 181.83 181.85 181.42 180.97 179.64 177.72 175.68 173.09 170.13 166.84 163.7 160.85 158.64 156.52 154.9 153.44 151.73 150.07 148.31 147.05 145.95 144.62 143.14 141.91 140.49 138.81 137.54 136.49 135.44 134.34 133.63 133.06 132.73 132.91 133.12 133.33 133 132.33 129 128.81 128.91 128.3 127.77 125.37 126.11 128.04 128.37 129.4 130.91 133.68 133.25 127.11 125.54 125.47 125.47 125.47 125.47 125.47 125.5 126.18 127.18 128.06 129.73 131.43 130.97 130.16 126.4 125.19
-9999 181.43 181.46 181.72 181.97 181.86 181.17 179.95 178.08 175.73 173.55 171.3 168.66 165.69 162.83 160.39 158.79 156.57 154.54 153.2 151.59 149.89 148.09 146.65 145.66 144.17 142.6 141.27 140.13 138.71 137.49 136.3 135.78 135.28 134.87 134.11 132.98 132.71 133.02 133.16 132.75 132.09 128.61 128.84 128.85 128.18 127.6 125.35 126.1 128.09 128.77 129.85 133.08 134.68 132.29 125.93 125.47 125.47 125.47 125.47 125.47 125.47 125.47 125.66 126.31 127.82 129.93 131.58 130.75 129.36 125.68 125.18
-9999 -9999 -9999 -9999 -9999 -9999 -9999 -9999 -9999 -9999 -9999 -9999 -9999 -9999 -9999 -9999 -9999 -9999 -9999 152.78 151.86 150.1 148.11 146.32 144.99 143.65 142.04 140.85 139.72 138.7 137.55 136.81 135.89 134.98 134.53 134.68 134.64 132.77 133.37 133.16 132.53 131.17 128.25 128.8 128.83 128.1 127.52 125.26 126.12 128.34 129.2 131.37 135.22 135.52 130.06 125.57 125.47 125.47 125.47 125.47 125.47 125.47 125.47 125.47 125.75 127.14 129.21 131.49 131.19 128.66 125.3 125.18
-9999 -9999 -9999 -9999 -9999 -9999 -9999 -9999 -9999 -9999 -9999 -9999 -9999 -9999 -9999 -9999 -9999 -9999 -9999 -9999 -9999 -9999 -9999 -9999 -9999 -9999 -9999 -9999 -9999 -9999 -9999 -9999 -9999 -9999 -9999 -9999 -9999 -9999 -9999 -9999 -9999 -9999 -9999 -9999 -9999 -9999 -9999 -9999 -9999 -9999 -9999 -9999 -9999 -9999 -9999 -9999 -9999 -9999 -9999 -9999 -9999 -9999 -9999 -9999 -9999 -9999 130.84 131.67 131.2 128.2 125.18 125.18
-9999 -9999 -9999 -9999 -9999 -9999 -9999 -9999 -9999 -9999 -9999 -9999 -9999 -9999 -9999 -9999 -9999 -9999 -9999 -9999 -9999 -9999 -9999 -9999 -9999 -9999 -9999 -9999 -9999 -9999 -9999 -9999 -9999 -9999 -9999 -9999 -9999 -9999 -9999 -9999 -9999 -9999 -9999 -9999 -9999 -9999 -9999 -9999 -9999 -9999 -9999 -9999 -9999 -9999 -9999 -9999 -9999 -9999 -9999 -9999 -9999 -9999 -9999 -9999 -9999 -9999 -9999 -9999 -9999 -9999 -9999 -9999
-9999 -9999 -9999 -9999 -9999 -9999 -9999 -9999 -9999 -9999 -9999 -9999 -9999 -9999 -9999 -9999 -9999 -9999 -9999 -9999 -9999 -9999 -9999 -9999 -9999 -9999 -9999 -9999 -9999 -9999 -9999 -9999 -9999 -9999 -9999 -9999 -9999 -9999 -9999 -9999 -9999 -9999 -9999 -9999 -9999 -9999 -9999 -9999 -9999 -9999 -9999 -9999 -9999 -9999 -9999 -9999 -9999 -9999 -9999 -9999 -9999 -9999 -9999 -9999 -9999 -9999 -9999 -9999 -9999 -9999 -9999 -9999
