LISFLOOD/dem30.asc
NCOLS 138 
NROWS 103 
XLLCORNER 341179.518085095 
YLLCORNER 4516709.65873464 
CELLSIZE 30 
NODATA_value -9999 
[rows 64 to 95 of 103, columns 0 to 71 of 138]
-9999 -9999 158.69 159.01 159.45 160.24 160.18 157.23 153.15 152.03 151.61 149.56 148.98 147.69 146.3 145.57 145.11 144.4 143.6 143.57 143.59 142.89 142.19 141.56 141.17 140.91 139.94 139.64 139.64 139.85 140.02 139.9 139.44 138.76 138.35 137.58 137.35 137.1 136.9 136.46 136.1 135.87 135.62 135.31 134.81 134.52 133.99 133.79 133.74 133.77 134.46 135.5 136.21 137.01 137.57 137.5 136.35 134.15 132.25 129.46 128.93 126.92 125.67 128.21 129.25 132.31 134.65 131.37 130.68 131.32 131.47 130.94
-9999 -9999 155.54 156.01 156.35 156.81 155.55 151.69 151.19 150.94 150.57 147.78 146.66 146.44 146.02 145.44 145.14 144.74 143.78 143.77 143.89 143.43 142.67 141.8 141.3 141.41 141.52 141.49 141.31 140.94 140.74 140.61 139.69 138.91 138.4 137.88 137.22 136.89 137.06 136.66 136.35 135.93 135.54 135.07 134.53 133.98 133.55 133.65 133.49 133.97 134.78 135.45 136.35 137.12 137.68 137.56 135.97 133.44 131.13 128.93 128.69 126.39 125.87 128.73 129.38 133.1 133.86 130.35 130.94 131.4 131.24 130.81
-9999 -9999 152.95 153.4 153.88 154.18 152.43 151.16 151.34 151.3 151.07 147.48 145.07 145.44 145.33 145.03 144.76 144.34 144.26 143.95 143.27 143.18 143.39 143.71 143.78 143.5 142.31 141.1 141.31 141.33 141.3 141.14 139.99 138.97 138.48 138.05 137.63 136.95 136.55 136.61 136.3 136.03 135.45 134.92 134.27 133.75 133.46 133.86 133.57 133.8 134.9 135.53 136.53 137.5 137.77 137.48 135.14 132.11 129.84 128.94 128.44 125.96 126.25 129.03 130.16 133.29 133.02 131.07 131.24 131.37 130.96 130.72
-9999 -9999 149.95 150.47 151.11 151.46 150.79 150.77 151.08 151.41 151.3 148.18 144.99 144.93 144.71 144.51 144.48 144.62 145.16 145.49 145.31 145.39 145.11 144.92 144.64 144.21 143.33 141.23 141.32 141.32 141.07 140.54 139.54 139.11 138.83 138.18 137.58 136.61 135.95 136.1 136.16 135.76 135.24 134.64 134.17 133.73 133.38 133.61 133.76 133.75 134.89 135.5 136.74 137.82 137.9 137.2 134.1 130.49 129.19 128.81 128.17 125.76 126.15 128.41 130.78 133.08 131.59 130.9 131.28 131.25 130.88 130.72
-9999 -9999 148.46 148.42 148.39 148.22 148.17 149.83 150.09 149.63 148.64 146.61 145.93 145.91 146.1 146.28 146.48 146.5 146.37 146.12 146 146.01 145.74 145.74 145.45 145.12 144.64 143.71 143.19 142.67 142.11 141.69 139.54 139.38 139.13 138.35 137.7 136.72 135.92 135.52 135.58 135.41 135.16 134.59 134.24 133.6 133.38 133.82 133.8 133.64 134.81 135.65 137 137.97 137.99 136.35 132.48 129.15 128.63 127.94 127.95 125.64 126.1 128.34 131.53 132.69 130.66 131.15 131.05 130.93 130.6 130.57
-9999 -9999 149.27 148.46 147.99 147.83 147.6 147.65 147.38 147.1 147.23 147.49 147.54 147.31 147.09 146.84 146.42 146.85 146.69 146.79 146.78 147.07 147.34 147.13 146.62 146.45 145.9 145.31 144.64 143.95 143.28 142.68 140.21 139.28 138.82 138.33 137.75 136.77 135.93 135.56 135.14 135.01 134.68 134.43 134.22 133.74 133.54 133.97 133.78 133.94 134.9 135.95 137.14 138.23 138.13 134.91 130.9 128.69 128.29 127.84 127.62 125.57 126.29 129.12 132.23 132.24 130.67 130.99 130.61 130.57 130.56 130.57
-9999 -9999 151.49 150.54 149.93 149.88 149.7 149.2 148.8 148.64 148.42 148.21 148.1 148.04 148.07 148.21 148.36 148.43 148.72 148.59 148 147.31 147.48 148.4 147.67 147.54 147.16 146 145.45 145.08 144.99 144.37 141.03 139.13 138.74 138.32 137.75 136.92 136.06 135.59 135.22 134.72 134.54 134.46 134.35 133.99 133.77 133.99 133.57 134.38 135.21 136.11 137.39 138.64 138.26 134.27 130.05 128.49 128.12 128.06 127.16 125.55 126.67 130.02 132.48 131.52 130.73 130.86 130.38 130.56 130.58 130.72
-9999 -9999 154.25 153.15 151.83 151.38 150.8 150.21 149.94 149.82 149.87 149.9 150.07 149.97 149.97 149.88 150.35 150.15 150.74 150.67 149.63 150.21 149.18 148.78 148.68 147.96 147.85 146.61 145.61 144.95 145.17 144.95 141.99 139.02 138.56 138.23 137.91 136.96 136.24 135.72 135.41 134.93 134.41 134.32 134.2 133.98 133.93 133.79 133.54 134.53 135.28 136.26 137.61 138.39 137.73 135.29 129.5 127.16 126.44 127.88 126.6 125.54 127.33 131.11 132.49 130.85 130.66 130.56 130.35 130.61 130.62 130.78
-9999 -9999 156.05 155.14 153.91 153.25 152.58 152.28 152.07 152.23 152.73 152.72 152.55 152.07 151.82 151.34 152.27 153.07 153.26 152.83 151.52 151.95 151.76 149.87 149.06 148.03 148 147.33 146.29 145.27 144.31 143.63 141.82 139.11 138.44 138.24 138.07 136.97 136.32 135.78 135.37 135.03 134.63 134.06 134.03 133.97 133.98 133.75 133.91 134.71 135.65 136.44 137.65 137.65 135.11 131.12 128.68 128.09 127.45 127.18 125.9 125.57 128.33 131.94 132.19 130.51 130.64 130.38 130.44 130.63 130.69 130.53
-9999 -9999 157.98 157.06 155.5 154.33 154.02 154.12 154.49 154.51 155.19 155.85 155.98 155.3 154.38 153.95 153.57 153.18 153.29 153.1 152.3 152.16 152.02 151.01 149.38 148.12 147.79 147.17 146.73 145.97 143.34 142.39 140.9 138.94 138.35 138.14 137.79 136.97 136.22 135.57 135.22 134.85 134.53 133.82 133.95 133.98 133.87 133.59 133.89 134.67 135.77 136.82 137.17 136.55 131.97 129.23 128.2 128.56 128.72 127.81 125.61 125.96 129.46 132.34 131.69 130.67 130.77 130.49 130.6 130.58 130.42 130.04
-9999 -9999 159.81 158.88 157.04 155.69 155.75 156.9 157.94 157.64 157.77 158.43 158.56 158.44 157.69 157.13 155.18 153.11 153.3 153.15 152.57 152.37 152.77 152.58 149.71 148.16 147.58 146.92 146.28 145.18 142.99 141.67 140.3 138.73 138.18 137.71 137.31 136.85 136.17 135.36 134.98 134.62 134.22 133.63 133.77 133.92 133.68 133.49 133.84 134.55 135.74 136.57 136.76 134.31 130.07 128.52 128.24 129.37 128.74 127.31 125.51 127.03 130.67 132.52 131.13 130.65 130.77 130.65 130.63 130.41 130.09 129.96
-9999 -9999 161.17 160.92 158.58 157.53 158.54 160.48 161.41 160.64 160.07 160.38 160.68 160.95 160.86 160.52 157.63 153.26 153.28 153.2 152.62 154.37 154.19 153.67 150.74 148.42 147.8 146.14 143.83 143.61 142.95 140.56 139.32 138.61 137.95 137.35 136.66 135.65 136.01 135.48 135.3 135.17 134.66 133.48 133.48 133.72 133.39 133.53 133.98 135.05 136 136.59 136.08 131.77 128.99 128.19 128.2 128.31 127.98 126.28 125.63 128.71 131.75 132.38 130.6 130.62 130.76 130.7 130.38 130.01 129.86 130.07
-9999 -9999 162.96 162.32 160.46 160.06 161.6 163.56 164.04 163.31 162.56 162.48 162.43 163.18 163.75 163.53 160.12 154.28 153.63 153.57 153.62 154.87 154.31 153.83 151.9 148.74 147.02 145.61 143.55 143.46 143.06 140.2 139.25 138.69 138.05 137.33 136.34 135.07 135.49 135.53 135.5 135.34 134.68 133.25 133.35 133.51 133.73 133.89 134.16 135.43 136.35 136.32 134.16 129.87 128.61 128.04 128.1 127.93 127.26 125.53 126.84 129.91 132.35 131.79 130.47 130.67 130.74 130.37 129.92 129.92 130.05 130.44
-9999 -9999 164.56 163.86 162.89 162.62 163.49 165.04 165.75 165.18 164.75 164.63 164.75 165.23 165.84 165.6 163.33 159.52 158.8 158.13 157.35 155.69 154.39 153.95 152.59 148.58 146.91 145.33 143.61 143.09 142.53 140.67 139.93 139.42 138.7 137.81 136.55 135.56 134.98 134.59 134.25 133.81 133.25 133.28 133.57 133.96 134.06 133.97 134.63 135.95 136.48 135.82 132.33 128.95 128.2 127.92 127.88 127.86 125.82 126.05 128.84 130.99 132.54 130.83 130.16 130.14 129.99 129.77 129.75 130.18 130.71 130.84
-9999 -9999 166.3 165.82 165 164.92 165.61 166.33 166.95 166.98 166.53 166.43 166.7 167.2 167.09 166.81 165.74 164 162.25 160.73 158.91 156.75 154.67 154 152.66 149.71 147.9 146.24 144.53 142.75 141.88 141.09 140.89 139.92 139.11 138.16 137 136.1 135.38 135.1 135 134.75 133.21 133.45 133.76 133.99 133.73 134.25 135.45 136.41 135.87 134.86 132.41 128.44 127.77 127.8 127.91 126.41 125.58 128.22 129.56 131.98 132.17 129.68 129.42 129.48 129.46 129.51 129.76 130.36 130.76 130.94
-9999 -9999 168.26 167.67 167.16 166.9 167.35 167.55 168.15 168.45 168.48 168.47 168.79 169.22 168.66 167.71 166.53 165.05 163.54 161.84 159.89 158.08 156.46 154.69 152.52 150.65 149.58 147.21 145.26 143.83 142.78 141.69 140.86 139.69 138.99 138.25 137.36 136.3 135.63 134.95 134.9 134.58 133.05 133.54 133.92 133.99 133.8 134.66 135.94 136.48 135.09 131.53 128.96 127.81 127.67 127.74 126.66 125.48 127.41 129.3 130.39 132.5 131.2 129.26 129.49 129.61 129.6 129.73 129.96 130.21 130.52 130.62
-9999 -9999 170.71 169.71 169.2 169.18 169.06 168.86 169.3 169.9 170.33 170.44 170.69 170.7 170.26 169.08 167.4 165.33 163.62 161.69 159.86 158.32 157.05 155.39 153.16 151.16 150.2 147.95 145.44 144.23 142.95 140.91 139.89 139.85 139.82 139.37 138.27 135.84 134.98 134.42 133.96 133.67 133.02 133.71 134.02 133.87 134.02 135.12 136.16 135.76 133.35 129.56 128.49 128.38 127.63 126.38 125.47 127 129.34 129.45 131.58 132.47 130.2 129.21 129.26 129.44 129.72 129.94 130.16 130.26 130.13 129.91
-9999 -9999 172.67 171.84 171.35 171.42 171.13 170.48 170.68 171.68 172.31 172.64 172.76 172.17 171.42 169.97 168.06 165.79 163.93 161.47 159.55 157.96 156.76 155.18 153.58 151.98 150.69 148.76 146.02 144 141.11 139.74 139.88 139.95 139.98 139.5 138.29 135.9 134.71 134.05 133.74 133.33 132.96 133.85 134.06 133.98 134.56 135.56 136.01 135.01 131.54 128.35 128.37 127.78 125.92 125.52 127.15 128.98 129.16 129.89 132.32 131.84 129.93 129.31 129.06 129.39 129.62 129.59 129.35 129.23 129.52 129.7
-9999 -9999 174.7 174.12 173.61 173.83 173.9 172.79 172.87 173.7 174.11 174.66 174.55 173.55 172.53 170.62 168.6 166.69 164.5 161.9 160.02 158.8 157.39 156.07 154.42 152.85 151.13 149.37 146.23 142.78 139.96 139.57 139.57 139.84 139.71 139.14 137.7 135.75 134.55 133.59 133.03 132.69 133.11 134.03 134.19 134.44 135 135.79 135.45 133.58 129.25 127.5 126.96 125.6 125.65 128.04 129.06 128.92 129.29 130.78 132.49 130.72 129.33 129.04 128.86 128.82 128.83 129.02 129.1 129.56 130.18 130.45
-9999 -9999 176.76 176.19 175.99 176.62 176.75 175.25 175.27 175.84 176.76 177.28 176.4 174.75 173.34 171.25 169.63 167.71 165.23 163.08 161.48 160.02 158.4 156.95 155.01 153.08 150.64 149.4 146.09 142.18 139.89 139.82 139.55 139.04 138.34 137.53 136.66 135 133.41 132.6 133.04 132.81 133.19 133.63 134.36 134.89 135.24 135.74 134.45 130.08 128.18 126.64 125.51 125.79 128.88 129.29 128.72 129.29 129.77 131.79 132.25 128.68 128.25 129.08 129.36 129.48 129.73 130.2 130.44 130.88 131.3 131.46
-9999 -9999 178.44 177.95 178.16 179.16 179.43 178.14 178.15 178.26 179.45 179.62 178.31 175.99 174.76 172.78 171.16 168.74 166.46 164.79 162.96 160.92 159.21 157.08 154.72 152.26 149.99 148.74 146.07 143.47 141.8 140.78 140.01 139.78 138.52 137.53 136.39 134.09 133.03 132.45 133.04 132.68 133.02 133.26 133.97 134.8 135.1 134.96 134.06 130.74 127.35 125.56 125.57 128.27 129.66 128.83 128.74 129.68 130.25 132.4 131.28 127.09 126.64 126.89 127.69 128.73 130.14 131.26 131.5 131.43 131.54 131.47
-9999 -9999 179.63 179.57 180.02 181.13 181.42 180.72 180.8 180.66 181.26 180.84 179.23 177.12 175.81 173.91 171.78 169.47 167.17 165.67 163.65 161.52 158.95 156.25 153.25 150.7 149.07 147.84 145.3 143.81 142.45 140.57 140.17 140.16 138.9 137.3 136.2 133.88 132.7 132.37 132.38 132.46 132.63 133.08 134.53 134.85 134.91 134.15 133.62 131.21 125.97 125.4 127.34 129.51 129.54 128.41 129.05 129.71 131.24 132.49 129.34 126.15 125.65 126.06 125.78 125.56 125.94 127.24 128.97 130.4 131.21 131.34
-9999 -9999 180.36 180.66 181.27 182.03 181.94 181.71 181.7 182.02 182.31 181.45 180.16 178.13 175.77 173.73 172.07 169.57 167.24 165.5 163.54 161.09 157.33 154.62 151.97 149.63 149.07 147.53 144.09 142.18 141.12 140.23 140.09 140.18 139.22 136.76 135.39 133.24 132.17 131.88 131.69 132.32 132.53 133.66 135 134.81 134.49 133.69 132.82 127.9 125.38 126.28 128.72 129.8 129.03 128.19 129.16 129.93 132.1 132.01 127.45 125.69 125.47 125.55 125.47 125.47 125.47 125.74 126.39 127.58 130.58 131.16
-9999 -9999 180.83 181.59 181.92 181.82 181.54 181.69 182.18 182.64 182.64 181.72 180.67 178.72 175.66 173.84 171.72 168.77 166.64 164.58 162.77 159.23 155.16 152.84 151.82 149.7 148.48 146.51 141.82 141.24 140.67 139.96 139.88 138.84 137.08 135.85 134.61 132.75 132 131.82 131.5 132.54 133.4 134.79 134.88 134.55 133.63 131.89 130.58 126.1 125.41 127.78 129.09 129.53 128.19 128.09 129.64 130.56 132.51 130.67 126.31 125.49 125.47 125.62 125.48 125.47 125.47 125.49 126.71 128.12 131.02 131.2
-9999 -9999 181.23 181.68 181.7 181.53 181.43 181.57 182.37 182.94 182.54 181.37 180.62 178.92 176.18 173.89 171.28 167.95 165.42 163.21 160.67 157.11 153.77 152.27 151.08 149.28 147.49 145.41 142.62 141.71 141.06 140.12 139.54 138.54 137.28 136.17 134.24 132.6 131.98 131.8 131.63 132.66 133.53 134.03 133.73 133.29 132.05 129.12 128.49 125.43 125.96 128.22 129.27 129.09 127.73 128.74 129.85 131.57 132.41 128.55 125.8 125.47 125.47 125.61 125.54 125.47 125.47 125.54 127.33 129.13 131.04 131.28
-9999 -9999 181.3 181.36 181.45 181.51 181.57 181.71 182.57 183.22 182.14 181.07 179.93 178.38 176.39 174.2 171.01 167 164.16 161.1 157.95 156.01 153.6 152 150.13 148.14 146.22 144.64 143.36 141.99 141.3 140.37 139.1 137.86 136.76 135.33 133.63 132.69 132.08 131.84 131.63 132.51 132.71 133.04 133.04 132.51 130.91 129.28 128.06 125.37 126.38 128.3 129.24 128.58 127.89 129.55 130.03 132.3 131.08 126.54 125.6 125.47 125.47 125.78 125.58 125.47 125.47 126.09 127.68 129.51 130.91 130.94
-9999 180.86 181.01 181.26 181.38 181.62 181.73 181.86 182.89 183.4 181.89 180.86 179.68 177.88 175.6 173.65 169.43 165.27 161.86 158.77 156.9 154.98 152.64 151.11 149.4 147.52 145.59 144.44 142.87 141.12 140.62 139.82 137.97 136.78 135.67 134.6 133.52 132.83 132.2 131.73 130.84 131.22 130.63 130.56 131.99 130.69 128.86 127.81 127.37 125.49 126.15 128.32 129.05 128.05 128.66 129.47 130.97 132.5 128.61 126.06 125.48 125.47 125.47 126.09 125.55 125.47 125.48 126.85 127.86 129.84 131.05 131.05
-9999 180.9 181 181.19 181.35 181.65 181.94 181.97 182.76 183.01 181.89 180.83 179.23 176.79 174.77 171.53 166.58 163.25 160.63 158.04 156.73 154.59 152.36 150.44 148.51 147.13 145.61 144.4 142.83 141.44 140.28 138.97 137.7 136.75 135.76 134.46 133.47 132.95 132.3 132.33 132.3 131.08 130.95 130.72 131.7 128.43 128.53 128.43 127.83 125.96 125.73 128.28 128.44 127.94 129.17 129.71 132.33 132.1 126.79 125.85 125.47 125.47 125.48 126.71 125.79 125.47 125.69 127.67 128.21 130.49 130.96 130.87
-9999 180.74 181.01 181.21 181.41 181.61 181.94 182.11 182.32 182.22 181.25 179.75 177.93 175.49 172.84 168.81 165.06 162.29 159.59 157.51 155.99 153.94 152.24 150.36 148.61 147.2 146.19 145.03 143.4 141.96 140.51 138.84 137.59 136.55 135.37 134.27 133.5 133.01 132.45 132.85 133.24 133.38 133 132.64 130.71 128.64 129.01 128.48 127.77 125.81 125.87 128.19 128.07 128.58 129.62 131.21 133.11 130.6 126.21 125.55 125.47 125.47 125.49 126.29 126.18 125.84 126.38 127.73 129.01 130.72 130.89 130.72
-9999 180.31 180.75 181.1 181.29 181.41 181.78 181.92 181.54 181.17 180.1 178.22 176.27 173.82 170.73 167.51 164.24 161.34 158.99 156.86 155.28 153.76 152.04 150.41 148.56 147.24 146.19 144.88 143.39 142.14 140.71 139.03 137.7 136.66 135.58 134.44 133.66 133.1 132.72 132.91 133.1 133.37 133.11 132.56 129.61 128.72 128.95 128.43 127.8 125.77 125.83 128 128.2 129.24 130.35 133.23 133.61 128.41 125.65 125.47 125.47 125.47 125.47 125.48 125.53 126.1 126.97 127.98 129.35 131.33 131.03 130.44
-9999 179.91 180.53 181.2 181.46 181.68 181.93 181.88 181.28 180.25 178.73 176.29 174.14 171.83 169.21 166.22 163.34 160.74 159.09 156.84 154.75 153.37 151.8 150.15 148.37 146.9 145.9 144.44 142.89 141.53 140.41 138.94 137.66 136.46 135.75 135.21 134.82 134.01 132.96 132.74 132.91 133.2 132.86 132.38 129.14 128.76 128.9 128.32 127.65 125.7 125.79 127.97 128.56 129.63 132.15 134.57 133.38 126.47 125.47 125.47 125.47 125.47 125.47 125.47 125.47 125.63 126.29 127.69 129.42 131.63 130.96 129.73
-9999 179.67 180.15 181.07 181.25 181.74 182.09 182.16 181.34 179.47 176.99 174.98 173.18 170.96 168.73 165.83 162.56 160.62 159.22 157.12 155.11 153.56 152.21 150.58 148.54 146.73 145.31 143.74 142.22 140.94 139.77 138.9 137.78 136.84 135.71 134.77 134.2 134.39 134.61 133.03 133.24 133.23 132.57 131.76 128.38 128.73 128.88 128.23 127.55 125.53 125.77 128.24 129.06 130.56 134.62 135.45 131.55 125.74 125.47 125.47 125.47 125.47 125.47 125.47 125.47 125.47 125.67 127.13 128.78 131.43 131.27 129.25
