LISFLOOD/dem50.asc
NCOLS 83 
NROWS 62 
XLLCORNER 341179.518085095 
YLLCORNER 4516699.65873464 
CELLSIZE 50 
NODATA_value -9999 
[rows 0 to 31 of 62, columns 0 to 71 of 83]
-9999.000000000000000 -9999 -9999 -9999 -9999 -9999 -9999 -9999 -9999 -9999 -9999 -9999 -9999 -9999 -9999 -9999 -9999 -9999 -9999 -9999 -9999 -9999 -9999 -9999 -9999 -9999 -9999 -9999 -9999 -9999 -9999 -9999 -9999 -9999 -9999 -9999 -9999 -9999 -9999 -9999 -9999 -9999 -9999 -9999 -9999 -9999 -9999 -9999 -9999 -9999 -9999 -9999 -9999 -9999 -9999 -9999 -9999 -9999 -9999 -9999 -9999 -9999 -9999 -9999 -9999 -9999 -9999 -9999 -9999 -9999 -9999 -9999
-9999 -9999 189.21 181.28 175.56 170.92 165.36 160.88 157.51 154.83 152.4 150.48 148.92 147.05 145.58 144.55 142.69 142.03 142.04 142.52 141.2 139.43 138.53 137.79 136.9 134.85 129.56 129.61 131.3 131.33 131.2 131.29 131.2 130.75 130.59 129.29 129 128.58 128.23 131.77 133.16 133.99 134.8 130.25 129.62 -9999 -9999 -9999 -9999 -9999 -9999 -9999 -9999 -9999 -9999 -9999 -9999 -9999 -9999 -9999 -9999 -9999 -9999 -9999 -9999 -9999 -9999 -9999 -9999 -9999 -9999 -9999
-9999 -9999 194.85 187.55 180.03 173.98 167.03 162.83 160.29 157.67 154.91 153.34 151.86 150.02 147.98 145.27 144.18 145.68 145.41 144.03 143.16 140.81 139.13 138.04 137.66 136.76 130.87 129.2 130.87 131.04 131.08 130.93 130.59 130.12 130.08 129.52 129.5 128.7 129.27 132.78 132.94 133.49 133.19 130.92 130.02 129.59 128.97 128.46 128.86 130.99 130.63 130.73 132.16 131.81 130.65 130.13 132.29 129.24 130.76 130.42 131.15 129.21 126.03 126.03 126.03 126.03 126.03 126.04 126.04 127.15 131.14 130.23
-9999 -9999 191.37 189.44 187.61 183.51 175 169.86 167.27 164.48 161.4 158.62 156.81 155.68 153.85 147.16 147.73 155.45 154.01 149.44 145.73 143.22 140.32 138.71 138.15 137.56 135.39 128.84 130 130.6 130.39 129.89 129.25 128.84 128.66 129.37 131.59 132.72 134.01 133.45 132.37 132.22 131.46 133.02 131.22 130.96 132.7 130.16 127.79 130.63 130.6 130.38 130.81 130.8 129.87 129.88 132.22 129.34 130.98 130.7 130.86 126.9 126.03 126.03 126.03 126.03 126.03 126.03 126.03 128.4 130.72 129.59
-9999 -9999 186.37 185.18 183.82 181.99 179.44 177.75 175.93 173.54 170.33 167.33 165.49 165.08 164.3 151.4 150.86 162.28 163.49 158.64 151.86 146.57 142.72 139.49 138.56 138.13 137.2 133.74 129.48 129.45 130.5 132.16 134.87 137.69 140.11 142.25 142.62 142.06 140.95 138.43 134.08 131.7 132.29 132.06 130.09 133.31 133.74 131.93 127.74 130.28 130.61 130.73 130.14 130.08 129.7 130.2 132.11 129.95 130.82 130.67 128.12 127.3 126.03 126.02 126.02 126.02 126.02 126.02 126.03 129.7 129.87 126.97
-9999 -9999 184.27 181.87 181.21 180.41 179.3 178.59 177.73 175.98 173.62 171.35 170.86 170.47 164.25 150.29 154.88 164.46 165.1 162.35 157.91 152.22 146.78 141.6 139.46 139.38 137.97 136.87 136.35 137.18 137.92 139 141.63 142.86 143.09 143.31 143.01 142.32 140.99 139.51 135.53 133.72 133.07 131.89 132.8 133.59 133.37 131.15 127.54 130.52 130.57 130.55 129.88 129.76 129.79 130.19 131.58 130.85 130.18 129.12 127.12 127.24 126 126.01 126.01 126.01 126.02 126.04 126.13 129.29 127.35 125.89
-9999 -9999 181.75 177.72 175.83 174.54 175.09 175.97 176.25 175.21 173.23 171.68 170.24 163.33 151.65 152.13 164.36 168.25 168.46 166.61 163 157.47 150.83 143.59 140.06 139.41 138.71 137.58 138.17 138.79 139.12 140.06 142.32 143.27 143.35 143.09 142.35 140.87 139.22 137.53 135.62 134.25 133.3 132.11 132.45 132.94 132.29 129.29 127.68 130.59 130.47 130.32 129.9 129.78 129.3 130.88 130.98 131.27 129.87 126.48 126.92 126.4 125.99 125.99 126 126 126.01 126.46 126.84 126.95 125.86 126.93
-9999 -9999 171.64 170.07 168.46 167.53 168.47 169.6 170.88 170.87 170.09 169.76 168.23 156.29 156.35 164.78 168.78 170.92 171.25 170.01 168.44 165.25 160.66 148.4 142.05 139.77 139.31 138.27 138.71 139.14 139.16 140.77 142.93 143.11 142.43 141.6 140.8 139.66 138.79 138.12 135.66 134.3 133.09 132.17 131.97 132.13 131.02 127.38 128.83 130.35 130.14 129.94 129.65 129.48 129.1 131.85 131.03 130.65 127.74 126.67 128.14 125.92 125.93 125.94 125.95 125.96 125.98 126.93 126.98 125.82 126.02 129.61
-9999 -9999 167.54 164.94 163.56 162.5 162.16 161.71 161.47 160.5 159.47 158.97 157.6 154.95 162.43 168.83 170.93 172.14 172.7 171.83 170.16 168.15 166.27 159.8 145.4 140.19 139.65 138.62 138.81 139.34 139.79 140.64 141.94 142.73 143.15 143 141.73 140.13 138.85 137.27 135.57 134.34 133.12 132.44 131.99 131.33 129.21 127.18 129.67 129.81 129.64 129.5 129.77 128.78 129.78 131.79 130.91 129.21 126.25 129.64 127.85 125.82 125.83 125.84 125.84 125.86 125.87 126.83 126.68 125.82 128.11 130.61
-9999 -9999 166.08 162.74 161.01 160.26 159.06 158.23 156.3 156.2 155.22 154.64 154.75 156.13 161.91 167.95 170.81 172.28 173.27 172.38 170.4 167 164.13 159.13 149.93 141.9 139.87 139.25 138.93 138.93 140.06 141.8 143.25 143.7 143.45 142.62 141.1 139.56 138.07 136.72 135.62 134.39 133.09 132.72 132.13 130.93 127.35 128.85 129.32 129.34 129.25 129.35 128.63 128.77 131.27 130.86 130.68 127.08 128.65 130.76 126.61 125.8 125.8 125.81 125.81 125.82 125.82 125.98 125.92 126.55 130.59 130.22
-9999 -9999 164.76 161.59 159.84 159.19 158.17 157.6 156.83 156.28 156.04 156.32 156.93 158.8 161.71 164.73 167.97 170.09 171.46 172.14 169.89 164.55 158.19 152.77 149.86 142.43 139.92 138.96 138.84 139.19 139.86 141.45 142.96 143.36 143.54 142.81 140.78 139.04 137.45 136.38 135.37 134.35 133.31 132.71 132.23 130.28 127.01 129.12 129.16 129.12 128.98 128.56 128.89 129.74 131.83 130.66 129.1 126.76 130.43 130.27 125.82 125.78 125.79 125.79 125.8 125.8 125.8 125.81 125.81 129.1 130.4 128.7
-9999 -9999 164.96 162.34 160.5 159.78 158.38 157.68 157.66 158.55 159.36 159.52 159.86 160.89 162.71 164.39 166.11 167.96 166.42 163.7 161.19 160.39 159.83 159.57 157.36 142.14 139.82 139.19 139 138.97 139.64 141.4 142.66 143.28 143.53 142.18 140.3 138.49 136.99 136.35 135.2 133.82 133.22 132.59 132.24 128.09 127.74 129 128.93 128.94 128.66 129.04 129.18 131.77 130.03 130.43 127.05 127.46 130.76 128.96 125.76 125.76 125.77 125.77 125.78 125.78 125.79 125.79 126.87 130.57 130.13 126.87
-9999 -9999 166.4 165.72 163.52 162.18 160.72 160.25 159.63 160.15 161.17 162.68 162.44 162.81 163.28 163.93 164.67 164.72 166.07 167.15 166.16 162.73 158.92 157.95 155.11 143.75 139.61 138.81 138.68 138.59 139.67 141.26 142.25 143.16 142.86 141.22 139.56 137.6 136.84 136.38 135.06 133.45 133 132.67 132.23 127.35 128.13 129 128.78 128.86 128.77 129.11 130.4 131.67 130 129.83 126.89 127.93 130.62 127.99 125.75 125.75 125.75 125.76 125.76 125.77 125.77 125.91 129.97 130.01 129.24 125.88
-9999 -9999 168.63 168.35 167.62 166.48 166.66 166.15 163 162.49 163.85 164.61 164.39 164.34 164.17 164.47 164.96 164.59 164.48 164.09 161 157.06 152.56 148.83 146.07 141.56 139.41 138.19 138.18 138.35 139.49 140.87 141.99 142.77 142.25 140.88 139.17 137.48 136.85 136.32 134.51 133.33 132.79 132.57 130.68 126.69 128.07 128.92 128.87 129.03 128.94 129.45 132.04 129.74 130.89 129.28 126.39 129.02 130.23 126.85 125.74 125.74 125.74 125.74 125.75 125.75 125.76 127.96 130.53 129.74 127.06 125.83
-9999 -9999 170.46 170.12 170.25 169.08 167.85 166.78 165.36 164.44 163.82 164.02 164.76 164.29 163.55 162.51 160.65 159.62 159.14 158.49 156.23 151.68 147.9 146.41 142.3 140.54 139.06 137.67 137.59 137.91 139.01 140.21 141.29 142.08 141.54 140.26 138.31 137.09 136.52 135.61 133.95 133.05 132.59 132.24 130.09 126.86 127.84 128.9 128.93 128.87 128.89 131.08 131.21 129.38 130.94 129.25 126.45 128.89 129.36 125.83 125.72 125.73 125.73 125.73 125.73 125.74 125.83 130.1 130.05 128.18 125.83 125.81
-9999 -9999 172.25 171.37 170.27 168.62 165.82 162.99 161.64 159.87 159.05 158.62 159.76 159.38 158.77 157.61 156.72 155.91 155.15 153.24 149.75 148.26 144.97 142.81 140.91 139.31 137.79 137.06 136.89 137.33 138.14 138.99 140.08 140.9 140.53 139.31 137.61 136.88 136.36 134.92 133.6 132.94 132.62 131.94 129.67 126.94 127.42 128.69 128.68 128.76 129.59 132.09 129.18 130.73 130.3 129.61 128.15 127.54 128.27 125.7 125.7 125.71 125.71 125.72 125.72 125.72 127.46 130.51 128.16 125.86 125.77 125.82
-9999 172.56 172.34 171.72 169.8 166.47 161.03 157.68 155.13 154.33 154.36 154.49 153.93 153.87 153.41 151.75 149.66 149.09 149.43 149.28 148.55 148.45 144.41 142.28 140.22 138.79 137.49 136.81 136.37 136.98 137.67 138.54 139.35 139.7 139.54 138.12 136.96 136.47 135.69 134.47 133.26 132.75 132.51 131.83 129.45 126.83 127.35 128.42 128.2 128.43 131.4 130.55 129.16 131.22 130.36 129.96 129.1 126.51 127.18 125.68 125.69 125.69 125.69 125.7 125.7 125.94 129.9 127.95 126.46 126.83 125.74 126.07
-9999 172 171.65 168.3 164.81 160.99 158 156.23 154.55 153.2 152.08 151.78 151.04 150.17 147.91 146.85 147.33 147.61 148.75 148.38 148.42 148.26 144.35 141.68 139.72 138.76 137.47 136.63 136.25 136.83 137.16 137.98 138.88 138.99 138.22 137.11 136.57 135.94 135 133.7 132.6 132.64 132.39 131.97 129.43 126.42 128.15 129.62 129.5 130.08 131.91 129.29 130.49 130.79 130.28 129.85 129.56 126.75 126.13 125.68 125.67 125.67 125.68 125.68 125.69 128.3 127.18 127 129.8 126.01 125.71 127.06
-9999 170.05 169.24 164.63 161.78 159.76 159 157.74 156.4 152.68 151.54 150.02 147.95 147.65 146.91 146.53 146.27 146.46 147.92 148.31 148.28 148.06 146.12 143.39 140.32 138.7 137.34 136.31 136.12 136.54 136.83 137.23 137.77 137.84 137.17 136.51 136.06 135.51 134.26 132.84 132.68 132.44 132.18 131.82 128.26 126.39 129.75 130.06 130.19 132.12 129.94 129.8 131.47 130.74 129.88 129.75 129.59 126.3 125.66 125.66 125.66 125.66 125.66 125.66 126.46 127.16 127.84 130.48 128.36 125.68 125.87 127.95
-9999 166.92 165.58 164.76 163.76 161.99 161.51 159.85 158.39 154.06 152.09 149.87 147.37 146.47 145.69 145.31 145.3 145.95 147.63 148.34 148.29 148.03 146.89 144.28 141.43 138.28 137.04 136.25 136.09 136.31 136.53 136.45 136.85 137.05 136.54 136.18 135.98 134.86 133.64 132.8 132.68 132.61 132.15 131.06 127.13 127.44 130.12 129.84 131.12 131.58 129.5 130.89 131.19 130.86 129.76 129.95 129.1 125.66 125.62 125.63 125.64 125.65 125.65 125.65 126.55 127.08 130.16 130.8 126.42 125.67 126.35 128.24
-9999 167.37 167.46 167.67 166.65 165.16 163.93 162.08 159.71 156.27 153.97 151.22 148.26 146.01 144.36 144.32 144.75 145.94 147.41 148.33 148.26 147.92 146.88 144.39 142.17 138.51 137.19 136.29 135.95 135.98 135.95 136.19 136.5 136.54 136.22 136.04 135.49 134.48 133.07 132.69 132.36 132.04 132.05 130.23 126.35 128.99 130.05 130.17 133.54 130.78 130.05 131.51 130.96 130.8 129.7 129.77 127.57 125.59 125.6 125.61 125.61 125.62 125.63 125.64 125.82 129.33 130.41 129.92 125.67 125.65 126.67 128.92
-9999 171.26 171.03 170.75 170.32 169.01 167.16 165.02 161.84 158.07 155.32 152.48 149.15 146.08 144.19 143.71 143.98 145.24 146.81 148.1 148.11 147.74 146.63 144.28 141.65 138.85 137.19 136.27 135.8 135.42 135.25 135.61 135.87 135.95 135.92 135.6 135.06 133.8 132.95 132.78 132.78 132 131.86 128.09 126.57 129.97 129.43 134.09 132.83 130.03 130.98 130.54 130.98 130.58 129.52 129.46 125.92 125.58 125.59 125.59 125.6 125.61 125.62 125.62 126.54 129.95 130.69 128.68 125.64 125.65 127.17 130.16
-9999 175.04 174.54 173.94 173.67 172.98 171.51 168.45 165.1 160.07 156.46 153.4 150.29 146.8 143.82 143.5 142.89 143.64 145.41 146.96 147.52 147.41 145.76 144.37 141.22 139.31 137.42 136.31 135.57 134.92 134.71 134.82 134.79 135.53 135.41 134.95 134.22 133.24 132.85 132.68 132.41 131.88 130.68 126.68 127.37 129.31 131.31 135.98 130.29 130.37 130.93 129.93 130.66 130 129.59 127.94 125.57 125.58 125.58 125.58 125.59 125.6 125.6 125.61 127.6 130.15 130.87 127.47 125.63 125.67 127.98 130.39
-9999 177.09 177.01 177.1 177.27 176.21 174.62 172.37 168.57 162.66 158.19 154.46 150.28 147.59 143.95 143.39 142.09 142.63 144.3 146.09 146.43 146.2 144.25 143.17 140.51 138.91 137.19 136.51 135.83 135.29 135.34 135.13 135.01 135.16 134.54 134.12 133.27 132.96 132.77 132.75 132.41 131.87 129.14 126.12 127.38 129.29 137.01 132.9 130.25 132.19 132.01 131.81 130.57 129.12 129.58 126.02 125.57 125.57 125.57 125.58 125.58 125.58 125.59 125.71 129.4 130.52 130.89 126.15 125.62 125.66 128.74 130.28
-9999 176.71 177.11 178.51 178.43 177.36 175.84 173.66 171.1 164.32 159.31 154.6 150.33 148.43 143.62 143.04 141.57 142.11 143.35 144.45 145.01 144.77 142.72 141.49 139.63 138.19 137.23 136.63 136.14 136.06 136.13 136.03 135.68 134.84 134.21 133.9 132.99 132.86 132.7 132.4 132.19 131.24 127.49 126.05 127.67 134.9 137.48 130.7 132.04 132.51 132.37 132.42 131.38 128.94 128.02 125.54 125.55 125.56 125.56 125.57 125.57 125.57 125.58 127.09 130.32 130.54 130.53 125.75 125.63 125.62 129.08 130.27
-9999 176.2 176.48 177.4 177.39 176.18 173.89 172.28 169.87 162.62 157.62 154.24 149.88 148.19 143.07 142.41 141.12 141.1 142.15 143.37 143.94 143.07 141.41 139.95 138.59 137.71 136.78 136.7 136.2 136.33 136.26 135.98 135.52 134.94 133.89 133.33 133.07 132.92 132.41 132.3 132.3 130.8 126.45 126.7 130.72 139.9 133.22 131.97 132.42 132.72 132.62 132.44 130.88 128.66 125.81 125.53 125.53 125.54 125.54 125.55 125.56 125.56 125.58 129.06 130.22 130.65 129.5 125.61 126.19 125.86 128.49 129.8
-9999 176.03 175.98 176.16 175.94 174.57 172.36 170.33 166.01 159.18 155.37 153.13 149.2 148.06 143.11 140.64 140.42 140.03 140.56 141.26 141.67 140.6 139.53 138.67 137.67 137.04 136.56 136.59 136.2 135.97 135.84 135.61 135.13 133.6 133.18 133.77 133.76 132.67 131.76 131.95 132.28 128.8 126.55 128.54 136.88 135.15 132.32 132.32 132.63 133.07 133.02 132.53 130.1 126.67 125.5 125.51 125.51 125.52 125.53 125.53 125.54 125.55 126.23 129.96 130.08 130.73 127.22 125.58 127.26 126.38 127.5 128.17
-9999 175.76 175.62 175.25 174.8 173.28 172.59 170.89 164.76 158.87 154.85 152.07 148.51 146.21 143.31 141.61 140.31 139.38 139.57 139.65 139.57 138.83 138.27 137.66 136.81 136.6 136.18 136.21 135.99 135.57 135.29 135.07 134.51 133.42 133.89 134.7 134.13 132.57 131.76 131.21 130.74 126.69 127.61 134.1 141.9 133.02 131.44 131.92 132.3 132.54 132.82 132.5 129.36 125.5 125.48 125.49 125.49 125.5 125.51 125.52 125.52 125.53 127.65 129.86 130.34 128.71 125.68 126.47 128.6 126.87 126.63 126.18
-9999 175.42 175.13 174.39 172.36 171.28 171.45 169.97 164.76 158.14 154.17 151.46 148.44 146.05 144.11 142.35 140.35 139.32 139.13 138.65 138.44 138.02 137.44 136.89 136.32 136.19 136 135.68 135.65 135.41 134.88 134.61 133.81 133.71 134.61 135.59 134.17 132.56 131.9 131.4 129.43 126.35 129.58 141.23 137.03 131.32 131.37 131.91 132.27 132.24 132.05 130.91 126.21 125.45 125.46 125.47 125.48 125.48 125.49 125.5 125.5 125.51 128.9 129.92 128.09 125.83 126.21 129.77 129.53 126.96 125.59 125.56
-9999 176.22 174.84 173.65 172.1 169.83 168.83 166.28 160.68 156.35 153.66 150.95 148.34 146.85 145.31 142.85 141.96 140.51 139.47 138.8 138.29 137.52 137.5 137.14 136.32 136.07 135.48 135.17 134.82 134.98 134.55 134.11 133.71 134.17 135.59 136.02 133.76 132.58 131.81 131.16 127.87 127.09 136.12 140.92 131.62 131.32 131.34 131.85 131.94 131.84 131.72 128.47 125.43 125.46 125.44 125.45 125.46 125.46 125.47 125.48 125.49 125.69 129.72 126.29 125.53 127.77 130.79 131.26 129.66 126.11 125.54 125.55
-9999 175.5 174.34 173.17 171.35 169.37 167.02 163.07 159.6 156.14 153.79 150.52 148.46 147.17 146.04 144.71 143.74 142.19 141.26 140.11 139.68 138.85 138.53 138.34 137.05 136.37 135.35 134.85 134.66 134.53 134.3 133.9 133.98 135.29 136.31 136.28 133.63 132.54 131.68 130.2 126.21 129.58 140.87 134.68 131.03 131.37 131.33 131.55 131.66 131.49 131.08 126.51 125.42 125.72 125.42 125.43 125.44 125.45 125.46 125.46 125.47 126.64 127.1 125.49 126.54 130.3 130.85 130.88 128.81 125.53 125.53 125.66
-9999 175.8 174.76 173.13 171.14 169.04 165.98 163.32 160.67 157.24 154.56 152.06 150.99 148.3 146.98 146.21 144.95 144.12 143.13 142.17 140.62 139.63 138.75 138.01 137.1 136.26 135.82 135.3 135 134.52 134.42 134.15 134.58 136.13 136.73 135.8 133.4 132.48 131.14 127.68 126.87 134.38 139.26 130.8 131.44 131.36 131.26 131.13 131.06 130.97 130.03 125.5 125.69 125.66 125.41 125.42 125.42 125.43 125.43 125.44 125.45 126.27 126.48 125.76 130.05 130.62 130.5 130.31 126.3 125.5 125.51 127.85
