LISFLOOD/dem50.asc
NCOLS 80 
NROWS 58 
XLLCORNER 341244.004906891 
YLLCORNER 4516805.80519417 
CELLSIZE 50 
NODATA_value -9999 
[rows 0 to 31 of 58, columns 0 to 71 of 80]
-9999.000000000000000 -9999 -9999 -9999 -9999 -9999 -9999 -9999 -9999 -9999 -9999 -9999 -9999 -9999 -9999 -9999 -9999 -9999 -9999 -9999 -9999 -9999 -9999 -9999 -9999 -9999 -9999 -9999 -9999 -9999 -9999 -9999 -9999 -9999 -9999 -9999 -9999 -9999 -9999 -9999 -9999 -9999 -9999 -9999 -9999 -9999 -9999 -9999 -9999 -9999 -9999 -9999 -9999 -9999 -9999 -9999 -9999 -9999 -9999 -9999 -9999 -9999 -9999 -9999 -9999 -9999 -9999 -9999 -9999 -9999 -9999 -9999
-9999 -9999 189.49 186.67 181.11 171.45 167.93 166.07 163.14 160.19 157.59 156.11 155.1 151.81 145.62 150.52 156.29 153.58 148.48 145.44 142.36 139.92 138.51 138.01 137.3 134.39 128.72 130.17 130.7 130.24 129.48 128.52 128.17 128.16 128.91 136.95 136.28 135.11 134.05 131.97 131 132.12 133.09 129.74 130.62 -9999 -9999 -9999 -9999 -9999 -9999 -9999 -9999 -9999 -9999 -9999 -9999 -9999 -9999 -9999 -9999 -9999 -9999 -9999 -9999 -9999 -9999 -9999 -9999 -9999 -9999 -9999
-9999 -9999 185.1 183.83 181.47 178.53 176.8 174.79 172.12 168.76 165.71 164.22 164.01 161.11 147.84 154.53 163.19 161.93 155.7 149.17 144.71 141.5 138.83 138.42 137.67 136.76 130.89 128.9 129.02 129.91 131.45 134.04 136.69 139.14 141.68 142.24 141.55 139.91 136.68 132.7 131.17 132.69 131.51 130.34 133.81 133.5 130.67 127.93 130.61 130.67 130.56 130.23 129.99 129.68 130.98 131.15 131.14 130.32 130.6 127.34 126.93 126.01 126.02 126.02 126.02 126.02 126.02 126.48 130.52 129.24 126.03 126.08
-9999 -9999 181.68 181.2 180.42 179.1 178.36 177.19 175.21 172.59 170.72 170.59 169.76 161.73 148.63 158.4 164.73 164.26 160.89 155.84 150.01 144.83 140.37 139.33 138.95 137.54 136.39 135.99 137.07 137.75 139.9 141.85 143 143.17 143.26 142.85 142.06 140.81 138.66 134.64 133.42 132.74 131.65 133.08 133.7 133.11 130.01 128.06 130.61 130.62 130.42 129.8 129.77 129.67 131.09 130.74 131.05 130.47 128.12 127.54 126.7 126.01 126.01 126.01 126.02 126.02 126.07 126.67 129.7 126.79 125.99 127.4
-9999 -9999 178.28 176.24 175.46 176.08 176.76 176.49 174.99 172.9 171.44 169.91 160.95 150.73 153.49 166.12 167.9 167.75 165.12 160.52 154.75 147.96 142.01 139.71 139.18 138.34 137.24 138.42 138.75 138.95 140.81 142.55 143.31 143.25 142.97 142.23 140.76 138.91 137.11 135.06 134.09 132.77 132.29 132.64 132.94 132.04 128.4 128.53 130.52 130.52 130.2 129.78 129.82 129.19 131.73 130.81 130.97 129.23 126.31 127.31 126.09 125.99 126 126 126.01 126.01 126.8 126.43 127.26 125.85 127.52 128.18
-9999 -9999 170.54 168.78 168.47 169.64 170.89 171.91 171.41 170.45 169.68 166.58 153.74 157.85 164.97 169.53 170.98 170.67 169.36 167.17 163.51 156.48 144.77 140.8 139.56 139.05 138.13 138.92 139.15 139.27 141.61 143.12 143.25 142.5 141.43 140.37 139.21 138.63 137.37 135.26 133.99 132.75 132 132.24 131.94 130.29 127.13 129.7 130.27 130.14 129.91 129.67 129.39 129.5 132.06 130.87 130.32 126.89 127.2 127.11 125.93 125.95 125.95 125.96 125.98 126 127.3 126.47 125.84 126.52 129.91 128.12
-9999 -9999 164.95 163.71 162.78 162.75 162.52 162.38 161.41 160.73 160.57 157.41 155.9 164.99 169.4 171.15 172.3 172.42 171.27 169.5 167.44 165.09 153.94 142.69 139.81 139.39 138.49 138.89 139.43 139.85 141.04 142.1 142.51 142.84 142.71 141.34 139.77 138.58 136.75 135.29 133.91 132.85 132.24 131.94 131.09 128.33 127.73 129.81 129.87 129.67 129.51 129.69 128.61 130.59 131.2 131.21 128.34 126.59 130.09 126.57 125.83 125.84 125.85 125.86 125.87 125.9 127.41 126.21 125.84 129.16 130.37 127.06
-9999 -9999 162.03 160.91 160.12 158.95 157.88 156.51 156.2 155.12 154.65 154.58 157.11 164.09 169.61 171.35 172.68 173.28 171.86 169.54 166.37 163.74 158.23 146.46 140.62 139.52 139.13 138.92 139.24 140.45 142.29 143.53 143.76 143.27 142.45 140.58 139.27 137.76 136.36 135.33 133.89 132.95 132.54 131.9 130.07 127.02 129.45 129.3 129.34 129.28 129.4 128.52 129.22 131.89 130.78 129.96 126.51 129.49 130.26 125.86 125.8 125.81 125.81 125.81 125.82 125.82 126.21 125.82 127.46 130.66 129.69 125.99
-9999 -9999 160.55 159.82 158.96 158.03 157.41 156.61 155.92 155.72 156.14 157.13 159.2 162.71 165.94 169.05 171.01 172.08 171.96 169.38 163.79 157.31 151.25 147.47 141.34 139.63 139.01 138.77 139.33 140.22 142.05 143.14 143.47 143.38 142.32 140.22 138.64 137.2 136.08 135.12 133.99 133.18 132.55 132.14 129.1 127.47 129.23 129.2 129.13 128.94 128.48 128.67 130.6 131.28 130.86 128.1 127.63 130.81 129.05 125.78 125.79 125.79 125.79 125.8 125.8 125.81 125.81 125.93 130.09 130.3 127.61 125.88
-9999 -9999 160.98 160.17 159.25 157.98 157.53 157.5 158.53 158.98 159.2 159.67 161.08 163.29 164.56 167.14 168.51 166.84 163.61 160.49 159.21 158.9 159.07 153.67 139.97 139.68 139.16 138.95 139.04 140.08 141.9 142.94 143.42 143.46 141.76 139.85 138.01 136.81 136.15 134.81 133.6 133.03 132.54 131.63 127.16 128.39 128.98 128.91 128.97 128.63 129.1 129.5 132.1 129.73 129.95 126.78 128.55 130.84 127.66 125.76 125.77 125.77 125.78 125.78 125.79 125.79 125.79 128 130.46 129.92 126.14 125.87
-9999 -9999 164.34 162.7 161.21 160.14 159.35 159.68 160.21 161.42 162.39 162.23 162.67 163.49 164.07 164.85 164.55 166.04 166.84 165.86 161.94 159.11 158.03 153.11 140.97 139.46 138.82 138.65 138.77 140.16 141.61 142.58 143.27 142.55 140.82 139.06 137.32 136.7 136.22 134.41 133.38 132.84 132.61 131.31 126.8 128.74 128.88 128.81 128.88 128.8 129.06 131.14 131 130.41 128.38 127.05 128.76 130.68 126.66 125.75 125.75 125.76 125.76 125.76 125.77 125.77 126.35 130.5 129.87 128.27 125.85 125.86
-9999 -9999 168.06 166.84 165.61 166.28 165 161.64 162.41 163.91 164.41 164.19 164.21 164.03 164.89 165.23 164.96 165.07 164.14 160.72 156.37 152.32 148.99 145.76 140.94 138.96 138.23 138.18 138.57 139.97 141.24 142.37 142.88 141.92 140.48 138.65 137.2 136.78 136.01 134.08 133.11 132.72 132.51 129.27 126.78 128.7 128.86 128.9 128.98 128.96 129.98 132.07 129.37 130.7 128.47 126.48 129.91 130.14 125.87 125.74 125.74 125.74 125.74 125.75 125.75 125.76 129.08 130.37 129.6 126.36 125.84 125.84
-9999 -9999 169.87 169.87 168.83 167.44 166.57 165.27 164.51 164.05 164.55 164.88 164.2 163.68 162.55 160.88 159.94 159.64 158.7 155.42 151.13 147.66 145.71 141.67 140.37 138.56 137.64 137.71 138.18 139.48 140.72 141.6 142.2 141.3 139.96 137.81 136.98 136.38 135.24 133.73 132.86 132.51 132.05 128.86 126.75 128.43 128.92 128.96 128.86 129.05 131.71 130.61 130.01 130.23 128.55 126.34 129.68 128.53 125.72 125.72 125.73 125.73 125.73 125.74 125.74 126.41 130.61 129.91 127.5 125.81 125.81 125.82
-9999 171.56 171.06 169.94 168.1 165.7 163.09 162.17 160.12 159.5 159.83 161.04 159.91 158.99 157.82 157.04 156.35 155.53 153.01 149.56 147.66 144.56 142.46 140.55 138.97 137.59 137.01 137.09 137.63 138.45 139.47 140.52 141.18 140.3 138.93 137.28 136.83 136.12 134.51 133.36 132.85 132.46 131.47 128.83 126.91 127.93 128.66 128.78 128.8 130.28 131.65 128.96 131.11 129.97 129.52 127.01 128.8 127.36 125.7 125.7 125.71 125.72 125.72 125.72 125.72 128.66 130.24 127.49 125.81 125.77 125.91 126.3
-9999 172.21 171.34 169.4 165.35 160.35 157.29 155.06 154.72 154.9 154.6 154.1 154.47 153.93 152.11 150.06 149.69 149.96 148.99 148.58 147.56 143.87 141.79 139.75 138.38 137.35 136.59 136.54 137.24 137.93 138.76 139.6 139.83 139.46 137.77 136.85 136.37 135.43 134.31 132.95 132.79 132.34 131.25 128.65 126.84 127.63 128.32 128.27 128.79 131.97 129.87 129.64 131.09 130.36 129.65 128.28 127.29 126.29 125.69 125.69 125.69 125.7 125.7 125.71 126.53 130.28 127.43 126.66 126.22 125.74 126.31 126.81
-9999 170.37 167.81 164.61 160.44 157.54 155.68 154.11 152.88 152.08 151.95 151.24 150.04 147.75 146.9 147.58 148.09 148.8 148.37 148.47 147.42 143.73 140.59 139.56 138.25 137.33 136.36 136.35 137 137.42 138.35 139.16 138.97 138.01 136.98 136.49 135.82 134.65 133.44 132.53 132.67 132.29 131.55 128.27 126.77 128.67 129.48 129.07 130.75 131.38 129.04 131.09 130.29 130.32 129.72 129.15 126.39 125.71 125.68 125.67 125.68 125.68 125.68 125.79 128.96 126.74 127.45 129.13 125.73 125.78 127.4 127.46
-9999 166.75 163.75 160.92 159.15 158.49 157.07 155.72 151.91 151.48 149.84 147.79 147.59 146.9 146.56 146.35 147.02 148.21 148.32 148.21 147.84 144.8 142.53 139.65 138.27 137.17 136.12 136.28 136.63 136.99 137.5 137.99 137.96 136.96 136.43 136.01 135.23 133.93 132.74 132.66 132.34 132.22 131.2 127.47 126.96 130.05 130.08 130.54 132.16 129.45 130.14 131.51 130.38 129.95 129.67 129.12 125.76 125.66 125.66 125.67 125.67 125.67 125.67 127.14 126.71 128.39 130.67 127.14 125.69 126.37 128.11 127.91
-9999 164.34 164.57 162.7 161.45 160.82 159.09 157.45 152.21 151.65 148.77 147.24 146.27 145.71 145.42 145.35 146.43 147.99 148.35 148.17 148.01 145.92 143.51 140.5 137.5 136.92 136.07 136.14 136.45 136.56 136.6 137.01 137.01 136.47 136.18 135.75 134.51 133.36 132.71 132.7 132.51 132.01 130.07 126.59 128.43 130.1 129.68 131.78 130.73 129.65 131.26 130.99 130.54 129.88 129.74 128.21 125.61 125.62 125.63 125.64 125.65 125.65 125.69 126.78 127.95 130.36 130.24 125.77 125.67 126.98 128.44 128.27
-9999 167.49 167.26 165.75 164.39 163.22 161.12 158.59 155.36 153.16 150.09 147.58 145.39 144.33 144.53 145.05 146.43 147.84 148.34 148.12 147.93 146.04 143.73 141.63 137.55 137.06 136.09 135.92 136.05 136.05 136.32 136.65 136.51 136.15 136.03 135.3 134.09 132.94 132.7 132.3 132.06 131.96 128.99 126.35 129.76 129.88 131.03 133.06 130.31 130.37 131.41 130.95 130.45 129.91 129.6 126.6 125.59 125.6 125.61 125.62 125.62 125.63 125.69 126.36 129.86 130.64 128.48 125.65 125.68 127.23 129.3 128.74
-9999 170.88 170.18 169.53 167.9 166.09 163.89 160.19 157.07 154.48 151.08 148.2 145.42 143.98 143.74 144.43 145.81 147.44 148.24 148.03 147.73 145.93 143.52 141.18 137.86 136.95 136.08 135.71 135.41 135.44 135.8 135.97 136.05 135.85 135.6 134.78 133.52 132.82 132.86 132.41 131.96 131.52 127.09 127.52 130.01 129.91 134.6 131.68 130.13 131.08 130.76 131.07 130.05 129.76 128.74 125.62 125.59 125.59 125.6 125.6 125.61 125.62 125.63 127.62 130.12 130.87 127.25 125.64 125.8 127.98 130.43 128.47
-9999 173.69 173.47 173.18 172.3 170.23 167.25 163.2 158.69 155.62 152.16 149.24 145.78 143.53 143.42 143.06 144.41 145.96 147.38 147.53 147.21 145.26 143.83 140.57 138.96 136.93 136.07 135.3 134.84 134.8 134.86 135.02 135.68 135.33 135.02 133.95 133.16 132.76 132.78 132.23 131.84 129.76 126.23 128.41 129.14 132.97 134.94 129.65 130.84 130.29 130.07 130.95 129.48 129.85 126.86 125.58 125.58 125.58 125.59 125.59 125.6 125.61 125.61 128.66 130.31 130.9 126.26 125.63 125.97 128.91 130.39 127.92
-9999 176.61 176.74 176.71 175.37 173.79 170.98 166.48 160.74 157.21 153.1 149.11 146.49 143.57 143.22 141.88 143.31 144.94 146.51 146.56 145.76 144.14 142.69 140.09 138.44 136.91 136.31 135.5 135.24 135.15 134.94 135.06 135.1 134.4 134.04 133.16 132.93 132.79 132.68 132.24 131.52 128.06 126.1 128.17 130.38 137.42 131.34 130.56 132.13 131.95 131.25 130.13 129.08 129.19 125.64 125.57 125.57 125.57 125.58 125.58 125.59 125.6 126.22 129.92 130.74 130.02 125.65 125.62 126.04 129.67 130.13 126.86
-9999 178.22 178.67 178.21 176.95 175.47 172.82 169.55 162.52 157.89 153.52 149.27 147.28 143.34 142.7 141.34 142.9 143.76 144.84 145.31 144.29 142.64 141.11 139.23 137.99 136.99 136.45 135.97 136.02 136 135.97 135.4 134.61 134.2 133.65 132.85 132.87 132.62 132.36 132.13 130.6 126.7 126.12 128.49 136.9 135.4 130.69 132.21 132.42 132.4 132.29 130.53 129.1 127.1 125.55 125.55 125.56 125.57 125.57 125.57 125.58 125.58 128.18 130.34 130.69 129.22 125.6 125.62 125.91 130.23 130.02 125.86
-9999 176.89 177.84 177.28 175.98 173.63 172.12 168.29 161.55 156.62 153.34 149.1 146.79 142.8 142.27 140.77 141.71 142.57 143.97 143.92 142.81 141.25 139.71 138.45 137.46 136.7 136.64 136.16 136.34 136.24 135.92 135.43 134.83 133.65 133.33 132.96 132.83 132.37 132.42 132.03 129.67 126.08 127.05 133.24 139.79 131.76 132.15 132.43 132.73 132.57 132.33 130 128.23 125.59 125.53 125.54 125.54 125.55 125.56 125.56 125.57 125.88 129.89 130.26 130.81 128.15 125.59 126.28 125.78 129.85 128.98 125.61
-9999 175.98 176.41 175.78 173.96 172.24 169.42 164 158.52 154.72 152.07 148.92 146.74 142.41 140.59 140.16 140.49 140.93 141.81 141.77 140.53 139.5 138.55 137.66 136.97 136.52 136.59 136.08 136.03 135.85 135.53 134.79 133.45 133.25 133.8 133.41 132.41 131.86 132.18 132 127.61 126.77 129.84 136.89 134.14 132.35 132.44 132.69 133.11 132.77 132.31 129.25 126.08 125.5 125.51 125.52 125.52 125.53 125.54 125.54 125.55 127.35 130.08 130.21 130.57 126.27 125.67 127.44 125.8 128.78 127.11 125.59
-9999 175.33 175.33 174.75 173.07 172.47 169.68 162.1 157.89 154.14 151.02 148.04 145.53 142.68 141.19 139.78 139.51 139.63 139.8 139.59 138.71 138.16 137.44 136.87 136.53 136.08 136.29 135.88 135.55 135.3 135.04 134.25 133.38 134 134.68 133.63 132.24 131.59 131.13 130.3 126.41 127.95 137 140.57 131.9 131.54 132.08 132.41 132.76 132.96 132.15 128 125.48 125.48 125.49 125.5 125.51 125.51 125.52 125.52 125.53 128.58 129.98 130.38 127.9 125.58 127.09 128.21 126.23 127.52 125.72 125.58
-9999 174.76 174.07 171.96 171.63 171.63 169.2 162.94 156.79 153.57 150.59 147.67 145.3 143.49 141.7 139.89 139.32 139.1 138.66 138.52 137.85 137.44 136.72 136.42 136.26 135.87 135.74 135.68 135.26 134.85 134.49 133.73 133.74 134.88 135.43 133.58 132.31 131.8 131.07 128.3 126.77 131.76 142.16 134.73 131.31 131.49 132.11 132.27 132.21 132.1 129.95 125.73 125.46 125.47 125.47 125.48 125.49 125.49 125.5 125.51 125.82 129.76 129.89 127.8 125.69 126.63 129.98 128.87 126.21 125.67 125.57 125.66
-9999 174.04 173.44 171.44 169.49 168.75 165.34 159.61 155.4 153.18 150.1 147.88 146.21 144.58 142.39 141.23 139.91 139.06 138.36 138.02 137.33 137.29 136.8 136.19 135.91 135.42 135.06 135.02 134.93 134.44 133.97 133.79 134.36 135.75 135.6 133.3 132.34 131.6 130.86 126.74 127.98 139.06 139.01 131.13 131.32 131.43 131.96 132 131.83 131.5 127.27 125.44 125.44 125.45 125.45 125.46 125.47 125.48 125.48 125.49 126.81 129.37 126.07 125.58 128.22 130.83 130.86 128.71 125.73 125.55 125.56 128.63
-9999 173.7 172.81 170.98 168.82 166.33 162.03 158.45 155.31 152.93 149.77 148.22 146.52 145.65 144.12 143.29 141.71 140.61 139.9 139.29 138.55 138.34 138.21 136.74 136.14 135.01 134.82 134.54 134.62 134.18 133.78 134.23 135.57 136.44 135.62 133.17 132.33 131.39 129.35 126.37 132.17 141.41 132.52 131.21 131.38 131.4 131.63 131.72 131.44 130.48 125.59 125.47 125.66 125.43 125.44 125.44 125.45 125.46 125.47 125.48 127.77 126.3 125.49 127.24 130.71 131.17 131.07 127.44 125.55 125.54 126.08 132.52
-9999 173.94 172.4 170.42 168.32 165.18 162.41 159.45 156.25 153.41 151.41 149.93 147.62 146.49 145.69 144.42 143.55 142.65 141.47 140.34 139.35 138.51 137.89 136.84 136.13 135.65 135.15 134.76 134.45 134.35 134.07 134.89 136.39 136.72 135.15 133.09 132.27 130.63 126.78 127.52 137.44 137.24 130.68 131.41 131.4 131.23 131.13 131.11 131.01 128.77 125.4 125.83 125.49 125.41 125.42 125.42 125.43 125.44 125.45 125.46 126.65 125.99 126.36 130.53 130.55 130.57 129.82 125.72 125.5 125.65 129.05 139.86
-9999 175.3 174.08 171.9 169.7 167.2 164.94 161.56 158.54 155.17 154.17 152.29 150.53 149.17 148.61 146.94 145.75 144.1 142.06 140.37 139.48 138.33 137.54 136.91 136.3 135.89 135.42 134.62 134.32 134.26 134.26 135.3 136.4 136.3 134.48 132.91 131.85 128.94 126.06 129.7 139.64 132.21 131.29 131.48 131.29 130.95 131.05 131.07 131.09 126.56 125.59 125.94 125.39 125.4 125.41 125.41 125.42 125.43 125.43 125.5 127.32 125.59 129.53 130.71 130.32 130.42 126.75 125.48 125.49 127.07 134.77 140.95
-9999 175.26 174.45 172.41 170.64 168.81 165.87 162.59 159.9 156.24 154.32 152.58 151.52 150.96 149.27 148.06 146.88 145.01 142.52 141.03 139.48 138.33 137.72 137.18 136.39 135.76 135.17 134.59 134.64 134.06 134.64 135.82 136.55 135.96 134.1 132.74 131.53 127.5 126.72 133.05 137.44 130.49 131.36 131.58 131.22 131.01 131.02 131.08 130.14 125.46 125.9 125.49 125.38 125.39 125.4 125.4 125.41 125.41 125.42 125.82 125.84 127.28 130.6 130.39 130.16 128.22 125.47 125.47 125.59 132 145.25 148.87
