Inputs/dem_urban.asc
NCOLS 400 
NROWS 288 
XLLCORNER 341244.004906891 
YLLCORNER 4516825.80519417 
CELLSIZE 10 
NODATA_value -9999 
[rows 168 to 195 of 288, columns 62 to 123 of 400]
-9999 -9999 -9999 -9999 -9999 -9999 143.889999389648 143.759994506836 143.830001831055 143.919998168945 143.910003662109 143.75 -9999 -9999 -9999 143.309997558594 143.350006103516 143.289993286133 -9999 -9999 -9999 142.770004272461 142.470001220703 142.029998779297 141.910003662109 142.059997558594 142.059997558594 141.529998779297 141.089996337891 141.130004882812 141.279998779297 141.190002441406 140.330001831055 139.419998168945 138.509994506836 138.169998168945 138.070007324219 137.960006713867 137.839996337891 138.009994506836 138.190002441406 138.190002441406 138.240005493164 138.289993286133 138.300003051758 138.309997558594 138.300003051758 138.300003051758 138.289993286133 138.279998779297 138.270004272461 138.25 138.240005493164 138.220001220703 138.199996948242 138.179992675781 138.169998168945 138.100006103516 137.25 136.779998779297 136.5 136.289993286133
-9999 -9999 -9999 -9999 -9999 -9999 143.279998779297 143.169998168945 143.270004272461 143.630004882812 143.919998168945 143.600006103516 -9999 -9999 -9999 142.240005493164 142.490005493164 142.699996948242 -9999 -9999 -9999 142.350006103516 142.039993286133 141.759994506836 141.75 141.779998779297 141.720001220703 141.529998779297 141.360000610352 141.119995117188 140.860000610352 140.559997558594 139.699996948242 138.789993286133 138.289993286133 138.160003662109 138.080001831055 137.979995727539 137.919998168945 138.110000610352 138.229995727539 138.169998168945 138.199996948242 138.240005493164 138.259994506836 138.270004272461 138.279998779297 138.289993286133 138.300003051758 138.300003051758 138.300003051758 138.300003051758 138.289993286133 138.279998779297 138.279998779297 138.240005493164 138.169998168945 138.149993896484 137.449996948242 136.720001220703 136.449996948242 136.220001220703
-9999 -9999 -9999 -9999 -9999 -9999 143.179992675781 143.139999389648 143.160003662109 143.25 143.470001220703 142.919998168945 -9999 -9999 -9999 140.869995117188 141.059997558594 141.320007324219 -9999 -9999 -9999 141.869995117188 141.610000610352 141.389999389648 141.440002441406 141.5 141.550003051758 141.559997558594 141.279998779297 140.759994506836 140.229995727539 139.729995727539 139.009994506836 138.429992675781 138.300003051758 138.240005493164 138.179992675781 138.139999389648 138.149993896484 138.25 138.259994506836 138.190002441406 138.169998168945 138.179992675781 138.190002441406 138.199996948242 138.210006713867 138.229995727539 138.240005493164 138.259994506836 138.270004272461 138.279998779297 138.289993286133 138.300003051758 138.309997558594 138.259994506836 138.169998168945 138.139999389648 137.429992675781 136.559997558594 136.289993286133 136.059997558594
-9999 -9999 -9999 -9999 -9999 -9999 143.169998168945 143.179992675781 143.119995117188 143.059997558594 143.039993286133 142.669998168945 141.699996948242 140.649993896484 140.470001220703 -9999 -9999 -9999 -9999 -9999 -9999 141 140.970001220703 141 141.210006713867 141.300003051758 141.490005493164 141.429992675781 140.970001220703 140.369995117188 139.779998779297 139.190002441406 138.649993896484 138.350006103516 138.309997558594 138.259994506836 138.259994506836 138.270004272461 138.270004272461 138.289993286133 138.259994506836 138.220001220703 138.190002441406 138.169998168945 138.169998168945 138.169998168945 138.169998168945 138.169998168945 138.179992675781 138.190002441406 138.199996948242 138.210006713867 138.229995727539 138.240005493164 138.259994506836 138.220001220703 138.160003662109 138.080001831055 137.179992675781 136.369995117188 136.089996337891 135.850006103516
-9999 -9999 -9999 -9999 -9999 -9999 142.990005493164 143.059997558594 143.100006103516 142.979995727539 142.809997558594 142.369995117188 141.320007324219 140.460006713867 140.419998168945 -9999 -9999 -9999 -9999 -9999 -9999 140.5 140.550003051758 140.75 140.960006713867 141.080001831055 141.380004882812 141.199996948242 140.679992675781 140.100006103516 139.5 138.899993896484 138.479995727539 138.320007324219 138.289993286133 138.259994506836 138.289993286133 138.300003051758 138.279998779297 138.289993286133 138.259994506836 138.25 138.25 138.199996948242 138.210006713867 138.229995727539 138.199996948242 138.190002441406 138.169998168945 138.160003662109 138.160003662109 138.160003662109 138.169998168945 138.169998168945 138.169998168945 138.169998168945 138.160003662109 137.770004272461 136.699996948242 136.199996948242 135.919998168945 135.679992675781
-9999 -9999 -9999 -9999 -9999 -9999 142.669998168945 142.770004272461 142.979995727539 142.910003662109 142.589996337891 142.009994506836 140.970001220703 140.380004882812 140.360000610352 -9999 -9999 -9999 -9999 -9999 -9999 140.410003662109 140.429992675781 140.520004272461 140.600006103516 140.809997558594 141.160003662109 140.880004882812 140.399993896484 139.850006103516 139.259994506836 138.699996948242 138.389999389648 138.309997558594 138.300003051758 138.279998779297 138.320007324219 138.309997558594 138.289993286133 138.300003051758 138.289993286133 138.279998779297 138.300003051758 138.210006713867 138.25 138.309997558594 138.240005493164 138.240005493164 138.240005493164 138.199996948242 138.199996948242 138.179992675781 138.160003662109 138.139999389648 138.130004882812 138.119995117188 137.940002441406 136.929992675781 136.270004272461 136.009994506836 135.759994506836 135.839996337891
-9999 -9999 -9999 142.050003051758 141.929992675781 142.110000610352 -9999 -9999 -9999 -9999 -9999 -9999 -9999 -9999 -9999 -9999 -9999 -9999 -9999 -9999 -9999 -9999 -9999 -9999 140.220001220703 140.520004272461 140.880004882812 140.5 140.029998779297 139.559997558594 139.029998779297 138.550003051758 138.350006103516 138.309997558594 138.309997558594 138.300003051758 138.339996337891 138.320007324219 138.309997558594 138.320007324219 138.320007324219 138.309997558594 138.270004272461 138.149993896484 138.240005493164 138.300003051758 138.220001220703 138.229995727539 138.240005493164 138.210006713867 138.220001220703 138.160003662109 138.089996337891 137.990005493164 137.880004882812 137.619995117188 136.970001220703 136.380004882812 136.199996948242 136.169998168945 136.470001220703 136.649993896484
-9999 -9999 -9999 141.619995117188 141.490005493164 141.520004272461 -9999 -9999 -9999 -9999 -9999 -9999 -9999 -9999 -9999 -9999 -9999 -9999 -9999 -9999 -9999 -9999 -9999 -9999 139.850006103516 140.220001220703 140.529998779297 140.179992675781 139.630004882812 139.220001220703 138.789993286133 138.419998168945 138.330001831055 138.309997558594 138.309997558594 138.330001831055 138.360000610352 138.330001831055 138.320007324219 138.330001831055 138.339996337891 138.330001831055 138.229995727539 138.100006103516 138.149993896484 138.169998168945 138.100006103516 138.059997558594 138.059997558594 138.089996337891 138.039993286133 137.869995117188 137.619995117188 137.25 136.919998168945 136.639999389648 136.529998779297 136.699996948242 136.940002441406 136.919998168945 136.380004882812 135.740005493164
-9999 -9999 -9999 141.279998779297 141.330001831055 141.330001831055 -9999 -9999 -9999 -9999 -9999 -9999 -9999 -9999 -9999 -9999 -9999 -9999 -9999 -9999 -9999 -9999 -9999 -9999 139.539993286133 140 140.259994506836 140.110000610352 139.610000610352 139.149993896484 138.729995727539 138.419998168945 138.380004882812 138.360000610352 138.350006103516 138.389999389648 138.369995117188 138.330001831055 138.330001831055 138.339996337891 138.339996337891 138.320007324219 138.179992675781 138.059997558594 138.039993286133 137.960006713867 137.839996337891 137.720001220703 137.660003662109 137.729995727539 137.699996948242 137.570007324219 137.350006103516 137.119995117188 137.059997558594 137.210006713867 137.309997558594 137.009994506836 136.330001831055 135.779998779297 135.550003051758 135.479995727539
-9999 -9999 -9999 141.190002441406 141.309997558594 141.320007324219 -9999 -9999 -9999 -9999 -9999 -9999 -9999 -9999 -9999 -9999 -9999 -9999 -9999 -9999 -9999 -9999 -9999 -9999 139.240005493164 139.600006103516 139.869995117188 139.979995727539 139.619995117188 139.160003662109 138.809997558594 138.589996337891 138.490005493164 138.429992675781 138.410003662109 138.429992675781 138.330001831055 138.279998779297 138.279998779297 138.309997558594 138.289993286133 138.229995727539 138.050003051758 137.899993896484 137.880004882812 137.899993896484 137.899993896484 137.660003662109 137.660003662109 137.740005493164 137.860000610352 137.880004882812 137.789993286133 137.550003051758 137.149993896484 136.580001831055 136.020004272461 135.710006713867 135.589996337891 135.589996337891 -9999 -9999
-9999 -9999 -9999 141.210006713867 141.320007324219 141.320007324219 -9999 -9999 -9999 -9999 -9999 -9999 -9999 -9999 -9999 -9999 -9999 -9999 -9999 -9999 -9999 -9999 -9999 -9999 138.960006713867 139.050003051758 139.190002441406 139.330001831055 139.149993896484 138.889999389648 138.720001220703 138.669998168945 138.509994506836 138.429992675781 138.399993896484 138.360000610352 138.25 138.160003662109 138.139999389648 138.149993896484 138.149993896484 138.080001831055 137.960006713867 137.949996948242 138.020004272461 138.360000610352 138.649993896484 138.270004272461 138.190002441406 137.929992675781 137.529998779297 137.009994506836 136.460006713867 136.059997558594 135.839996337891 135.800003051758 135.710006713867 135.619995117188 135.559997558594 135.5 -9999 -9999
-9999 -9999 -9999 141.259994506836 141.309997558594 141.300003051758 -9999 -9999 -9999 -9999 -9999 -9999 -9999 -9999 -9999 -9999 -9999 -9999 -9999 -9999 -9999 -9999 -9999 -9999 138.830001831055 138.779998779297 138.740005493164 138.740005493164 138.649993896484 138.529998779297 138.460006713867 138.490005493164 138.440002441406 138.410003662109 138.339996337891 138.300003051758 138.289993286133 138.240005493164 138.240005493164 138.279998779297 138.320007324219 138.330001831055 138.419998168945 138.589996337891 138.770004272461 139.020004272461 138.949996948242 137.789993286133 136.929992675781 136.419998168945 136.220001220703 136.039993286133 135.960006713867 135.960006713867 135.970001220703 135.960006713867 135.809997558594 135.690002441406 135.630004882812 135.440002441406 -9999 -9999
-9999 -9999 -9999 141.309997558594 141.330001831055 141.25 -9999 -9999 -9999 -9999 -9999 -9999 139.970001220703 139.979995727539 140.089996337891 140.160003662109 140.130004882812 140.050003051758 140.039993286133 140.050003051758 140.050003051758 139.720001220703 139.130004882812 138.880004882812 138.779998779297 138.75 138.690002441406 138.630004882812 138.520004272461 138.399993896484 138.289993286133 138.399993896484 138.740005493164 138.899993896484 138.830001831055 138.830001831055 138.889999389648 138.869995117188 138.850006103516 138.860000610352 138.860000610352 138.809997558594 138.679992675781 138.570007324219 138.529998779297 138.559997558594 138.070007324219 136.850006103516 136.610000610352 136.330001831055 136.25 -9999 -9999 -9999 -9999 -9999 -9999 -9999 -9999 -9999 135.399993896484 135.369995117188
-9999 -9999 -9999 141.339996337891 141.309997558594 141.190002441406 -9999 -9999 -9999 -9999 -9999 -9999 139.960006713867 140 140.110000610352 140.139999389648 140.089996337891 139.929992675781 139.860000610352 139.860000610352 139.800003051758 139.419998168945 139.020004272461 138.800003051758 138.75 138.729995727539 138.619995117188 138.539993286133 138.440002441406 138.440002441406 138.320007324219 139.050003051758 139.75 140.029998779297 139.869995117188 139.600006103516 139.410003662109 139.100006103516 138.729995727539 138.320007324219 138.009994506836 137.830001831055 137.740005493164 137.649993896484 137.529998779297 137.320007324219 136.919998168945 136.449996948242 136.589996337891 136.389999389648 136.229995727539 -9999 -9999 -9999 -9999 -9999 -9999 -9999 -9999 -9999 135.509994506836 135.419998168945
-9999 -9999 -9999 141.289993286133 141.240005493164 141.139999389648 -9999 -9999 -9999 -9999 -9999 -9999 139.770004272461 139.839996337891 139.929992675781 139.949996948242 139.899993896484 139.720001220703 139.610000610352 139.529998779297 139.389999389648 139.050003051758 138.809997558594 138.690002441406 138.710006713867 138.839996337891 138.949996948242 139.070007324219 139.130004882812 139.210006713867 138.470001220703 139.610000610352 140.210006713867 140.389999389648 139.940002441406 139.080001831055 138.429992675781 137.919998168945 137.619995117188 137.5 137.460006713867 137.360000610352 137.259994506836 137.139999389648 137.039993286133 136.919998168945 136.759994506836 136.550003051758 136.559997558594 136.440002441406 136.240005493164 -9999 -9999 -9999 -9999 -9999 -9999 -9999 -9999 -9999 135.5 135.380004882812
-9999 -9999 -9999 141.309997558594 141.240005493164 141.070007324219 141.119995117188 141.110000610352 140.889999389648 140.559997558594 140.070007324219 139.729995727539 139.619995117188 139.619995117188 139.649993896484 139.639999389648 139.539993286133 139.339996337891 139.169998168945 139.089996337891 139.039993286133 139.089996337891 139.320007324219 139.559997558594 139.729995727539 139.880004882812 139.940002441406 139.850006103516 139.800003051758 139.690002441406 138.529998779297 138.75 139.070007324219 139.190002441406 138.850006103516 138.410003662109 138.080001831055 137.75 137.610000610352 137.520004272461 137.429992675781 137.309997558594 137.210006713867 137.110000610352 137.029998779297 136.979995727539 136.880004882812 136.770004272461 136.740005493164 136.550003051758 136.270004272461 -9999 -9999 -9999 -9999 -9999 -9999 135.770004272461 135.690002441406 135.520004272461 135.429992675781 135.350006103516
-9999 -9999 -9999 141.360000610352 141.210006713867 141.139999389648 141.160003662109 141.070007324219 140.839996337891 140.509994506836 140.130004882812 139.850006103516 139.669998168945 139.5 139.369995117188 139.320007324219 139.289993286133 139.449996948242 139.710006713867 139.990005493164 140.190002441406 140.350006103516 140.5 140.660003662109 140.639999389648 140.419998168945 140.179992675781 139.75 139.339996337891 139.029998779297 138.679992675781 138.300003051758 138.220001220703 138.110000610352 137.910003662109 137.979995727539 137.899993896484 137.669998168945 137.539993286133 137.479995727539 137.419998168945 137.300003051758 137.210006713867 137.139999389648 137.080001831055 137.029998779297 136.979995727539 136.960006713867 136.889999389648 136.690002441406 136.350006103516 -9999 -9999 -9999 -9999 -9999 -9999 135.770004272461 135.710006713867 135.539993286133 135.410003662109 135.410003662109
-9999 -9999 -9999 141.399993896484 141.149993896484 141.050003051758 140.990005493164 140.880004882812 140.600006103516 140.190002441406 139.910003662109 139.729995727539 139.669998168945 139.869995117188 140.210006713867 140.550003051758 140.779998779297 140.970001220703 141.070007324219 141.119995117188 141.059997558594 140.960006713867 140.800003051758 140.720001220703 140.490005493164 140.050003051758 139.860000610352 139.770004272461 139.520004272461 139.289993286133 139.089996337891 138.960006713867 138.850006103516 138.679992675781 138.220001220703 137.929992675781 137.639999389648 137.339996337891 137.160003662109 137.160003662109 137.270004272461 137.289993286133 137.229995727539 137.190002441406 137.149993896484 137.100006103516 137.050003051758 137.009994506836 136.960006713867 136.779998779297 136.419998168945 -9999 -9999 -9999 -9999 -9999 -9999 135.779998779297 135.759994506836 135.559997558594 135.389999389648 135.339996337891
142.449996948242 142.160003662109 141.869995117188 141.509994506836 141.160003662109 140.839996337891 140.529998779297 140.360000610352 140.320007324219 140.509994506836 140.910003662109 141.179992675781 141.419998168945 141.669998168945 141.779998779297 141.75 141.630004882812 141.470001220703 141.270004272461 141.050003051758 140.830001831055 140.639999389648 140.570007324219 140.610000610352 140.580001831055 140.429992675781 140.369995117188 140.149993896484 139.740005493164 139.440002441406 139.160003662109 139.020004272461 138.919998168945 138.860000610352 138.570007324219 138.309997558594 138.160003662109 137.979995727539 137.669998168945 137.330001831055 136.960006713867 136.729995727539 136.789993286133 137.009994506836 137.160003662109 137.139999389648 137.110000610352 137.100006103516 -9999 -9999 -9999 -9999 -9999 -9999 -9999 -9999 -9999 -9999 -9999 -9999 -9999 -9999
142.520004272461 141.940002441406 141.300003051758 140.910003662109 140.809997558594 141.080001831055 141.440002441406 141.729995727539 142.059997558594 142.240005493164 142.300003051758 142.210006713867 142.039993286133 141.940002441406 141.729995727539 141.449996948242 141.210006713867 141.020004272461 140.910003662109 140.860000610352 140.839996337891 140.809997558594 140.800003051758 140.800003051758 140.830001831055 140.800003051758 140.75 140.449996948242 139.949996948242 139.550003051758 139.240005493164 138.970001220703 138.779998779297 138.639999389648 138.429992675781 138.279998779297 138.259994506836 138.169998168945 137.970001220703 137.699996948242 137.520004272461 137.399993896484 137.009994506836 136.559997558594 136.529998779297 137.080001831055 137.169998168945 137.089996337891 -9999 -9999 -9999 -9999 -9999 -9999 -9999 -9999 -9999 -9999 -9999 -9999 -9999 -9999
141.470001220703 141.619995117188 141.960006713867 142.350006103516 142.639999389648 142.830001831055 142.830001831055 142.789993286133 142.809997558594 142.779998779297 142.389999389648 141.669998168945 141.289993286133 141.199996948242 141.139999389648 141.080001831055 141.050003051758 141.050003051758 141.050003051758 141.070007324219 141.089996337891 141.089996337891 141.089996337891 141.100006103516 141.139999389648 141.119995117188 141.119995117188 140.860000610352 140.210006713867 139.639999389648 139.270004272461 138.960006713867 138.779998779297 138.630004882812 138.509994506836 138.410003662109 138.320007324219 138.130004882812 138 137.740005493164 137.300003051758 137.389999389648 137.589996337891 137.059997558594 136.330001831055 136.419998168945 137.039993286133 136.990005493164 -9999 -9999 -9999 -9999 -9999 -9999 -9999 -9999 -9999 -9999 -9999 -9999 -9999 -9999
143.169998168945 143.460006713867 143.490005493164 143.490005493164 143.470001220703 143.460006713867 143.389999389648 143.309997558594 143.25 143.169998168945 142.720001220703 141.449996948242 140.960006713867 141 141.089996337891 141.199996948242 141.25 141.270004272461 141.300003051758 141.270004272461 141.289993286133 141.309997558594 141.300003051758 141.300003051758 141.279998779297 141.229995727539 141.240005493164 141.059997558594 140.350006103516 139.679992675781 139.309997558594 139.080001831055 138.919998168945 -9999 -9999 -9999 -9999 -9999 -9999 -9999 -9999 -9999 -9999 -9999 -9999 -9999 -9999 -9999 -9999 -9999 -9999 136.550003051758 136.399993896484 136.25 136.139999389648 136.050003051758 136.149993896484 136.070007324219 135.490005493164 135.350006103516 135.210006713867 135.100006103516
144.089996337891 144.160003662109 144.169998168945 144.130004882812 144.020004272461 143.940002441406 143.839996337891 143.740005493164 143.660003662109 143.580001831055 143.309997558594 141.770004272461 141.020004272461 141.080001831055 141.160003662109 141.309997558594 141.380004882812 141.380004882812 141.440002441406 141.369995117188 141.350006103516 141.360000610352 141.330001831055 141.309997558594 141.259994506836 141.179992675781 141.139999389648 140.940002441406 140.270004272461 139.639999389648 139.320007324219 139.050003051758 138.860000610352 -9999 -9999 -9999 -9999 -9999 -9999 -9999 -9999 -9999 -9999 -9999 -9999 -9999 -9999 -9999 -9999 -9999 -9999 136.539993286133 136.380004882812 136.210006713867 136.089996337891 135.960006713867 135.979995727539 136.009994506836 135.399993896484 135.259994506836 135.139999389648 134.990005493164
144.600006103516 144.589996337891 144.580001831055 144.529998779297 144.410003662109 144.289993286133 144.139999389648 143.990005493164 143.869995117188 143.800003051758 143.660003662109 142.240005493164 141.080001831055 141.130004882812 141.210006713867 141.330001831055 141.380004882812 141.369995117188 141.410003662109 141.350006103516 141.330001831055 141.320007324219 141.270004272461 141.220001220703 141.119995117188 140.960006713867 140.770004272461 140.5 140.039993286133 139.570007324219 139.300003051758 139.070007324219 138.899993896484 -9999 -9999 -9999 -9999 -9999 -9999 -9999 -9999 -9999 -9999 -9999 -9999 -9999 -9999 -9999 -9999 -9999 -9999 136.460006713867 136.360000610352 136.179992675781 136.050003051758 135.880004882812 135.779998779297 135.850006103516 135.380004882812 135.130004882812 135.039993286133 134.830001831055
-9999 -9999 -9999 -9999 -9999 -9999 -9999 -9999 -9999 143.970001220703 143.869995117188 142.899993896484 141.300003051758 141.139999389648 141.220001220703 141.300003051758 141.320007324219 141.320007324219 -9999 -9999 -9999 -9999 -9999 -9999 -9999 -9999 -9999 -9999 -9999 -9999 -9999 -9999 -9999 -9999 -9999 -9999 138.369995117188 138.179992675781 137.990005493164 137.830001831055 137.639999389648 137.460006713867 137.210006713867 136.710006713867 136.380004882812 -9999 -9999 -9999 -9999 -9999 -9999 -9999 -9999 -9999 -9999 -9999 -9999 -9999 -9999 -9999 134.960006713867 134.75
-9999 -9999 -9999 -9999 -9999 -9999 -9999 -9999 -9999 144.119995117188 144 143.460006713867 141.779998779297 141.179992675781 141.190002441406 141.25 141.289993286133 141.320007324219 -9999 -9999 -9999 -9999 -9999 -9999 -9999 -9999 -9999 -9999 -9999 -9999 -9999 -9999 -9999 -9999 -9999 -9999 138.619995117188 138.320007324219 138.110000610352 137.929992675781 137.690002441406 137.490005493164 137.259994506836 136.770004272461 136.360000610352 -9999 -9999 -9999 -9999 -9999 -9999 -9999 -9999 -9999 -9999 -9999 -9999 -9999 -9999 -9999 134.899993896484 134.740005493164
-9999 -9999 -9999 -9999 -9999 -9999 -9999 -9999 -9999 144.300003051758 144.160003662109 143.889999389648 142.789993286133 141.869995117188 141.720001220703 141.779998779297 141.820007324219 141.830001831055 -9999 -9999 -9999 -9999 -9999 -9999 -9999 -9999 -9999 -9999 -9999 -9999 -9999 -9999 -9999 -9999 -9999 -9999 138.970001220703 138.449996948242 138.199996948242 138.020004272461 137.779998779297 137.550003051758 137.330001831055 136.880004882812 136.360000610352 -9999 -9999 -9999 -9999 -9999 -9999 -9999 -9999 -9999 -9999 -9999 -9999 -9999 -9999 -9999 134.839996337891 134.729995727539
-9999 -9999 -9999 -9999 -9999 -9999 -9999 -9999 -9999 -9999 -9999 -9999 -9999 -9999 -9999 -9999 -9999 -9999 -9999 -9999 -9999 142.149993896484 141.960006713867 141.800003051758 141.710006713867 141.630004882812 141.5 140.830001831055 139.5 138.809997558594 139.029998779297 139.399993896484 139.410003662109 139.399993896484 139.350006103516 139.210006713867 138.929992675781 138.490005493164 138.229995727539 138.050003051758 137.820007324219 137.580001831055 137.360000610352 137.020004272461 136.410003662109 136.149993896484 135.990005493164 135.860000610352 -9999 -9999 -9999 -9999 -9999 -9999 -9999 -9999 -9999 -9999 -9999 -9999 -9999 -9999
