Inputs/dem_urban.asc
NCOLS 400 
NROWS 288 
XLLCORNER 341244.004906891 
YLLCORNER 4516825.80519417 
CELLSIZE 10 
NODATA_value -9999 
[rows 56 to 83 of 288, columns 62 to 123 of 400]
-9999 -9999 -9999 -9999 -9999 -9999 -9999 -9999 -9999 -9999 -9999 -9999 166 165.860000610352 166.009994506836 166.100006103516 166 165.789993286133 165.720001220703 165.710006713867 165.529998779297 165.399993896484 165.460006713867 165.589996337891 165.660003662109 165.779998779297 165.919998168945 165.940002441406 165.899993896484 165.779998779297 165.419998168945 164.899993896484 164.259994506836 163.529998779297 162.800003051758 161.979995727539 -9999 -9999 -9999 -9999 -9999 -9999 -9999 -9999 -9999 -9999 -9999 -9999 -9999 -9999 -9999 149.649993896484 149.300003051758 148.869995117188 -9999 -9999 -9999 -9999 -9999 -9999 -9999 -9999
-9999 -9999 -9999 164.110000610352 164.149993896484 164.130004882812 163.770004272461 164.070007324219 164.580001831055 164.830001831055 164.970001220703 165.380004882812 165.479995727539 165.320007324219 165.350006103516 165.350006103516 165.229995727539 165.130004882812 165.110000610352 165.100006103516 165.050003051758 -9999 -9999 -9999 165.270004272461 165.309997558594 165.360000610352 -9999 -9999 -9999 -9999 -9999 -9999 -9999 -9999 -9999 -9999 -9999 -9999 -9999 -9999 -9999 -9999 -9999 -9999 -9999 -9999 -9999 -9999 -9999 -9999 147.559997558594 147.25 147.009994506836 146.539993286133 145.350006103516 143.830001831055 142.110000610352 141.539993286133 141.389999389648 140.929992675781 140.460006713867
-9999 -9999 -9999 164.279998779297 164.210006713867 164.179992675781 163.880004882812 163.979995727539 164.419998168945 164.520004272461 164.479995727539 164.619995117188 164.649993896484 164.610000610352 164.660003662109 164.720001220703 164.720001220703 164.660003662109 164.830001831055 164.679992675781 164.229995727539 -9999 -9999 -9999 164.679992675781 164.550003051758 164.449996948242 -9999 -9999 -9999 -9999 -9999 -9999 -9999 -9999 -9999 -9999 -9999 -9999 -9999 -9999 -9999 -9999 -9999 -9999 -9999 -9999 -9999 -9999 -9999 -9999 146.809997558594 146.440002441406 146.080001831055 145.529998779297 144.490005493164 143.259994506836 141.979995727539 141.539993286133 141.300003051758 140.839996337891 140.440002441406
-9999 -9999 -9999 164.449996948242 164.300003051758 164.220001220703 163.979995727539 163.979995727539 164.119995117188 164.160003662109 164.179992675781 164.309997558594 164.300003051758 164.149993896484 164.179992675781 164.300003051758 164.130004882812 163.910003662109 164.130004882812 163.720001220703 163.029998779297 -9999 -9999 -9999 163.339996337891 163.389999389648 163.550003051758 -9999 -9999 -9999 -9999 -9999 -9999 -9999 -9999 -9999 -9999 -9999 -9999 -9999 -9999 -9999 -9999 -9999 -9999 -9999 -9999 -9999 -9999 -9999 -9999 146.330001831055 145.669998168945 144.869995117188 144.119995117188 143.229995727539 142.350006103516 141.729995727539 141.369995117188 140.979995727539 140.630004882812 140.389999389648
-9999 -9999 -9999 164.490005493164 164.320007324219 164.220001220703 164.059997558594 164.070007324219 164.169998168945 164.080001831055 163.830001831055 164.029998779297 163.729995727539 163.279998779297 163.139999389648 -9999 -9999 -9999 -9999 -9999 -9999 -9999 -9999 -9999 162.050003051758 162.039993286133 162.080001831055 -9999 -9999 -9999 -9999 -9999 -9999 -9999 -9999 -9999 -9999 -9999 -9999 -9999 -9999 -9999 -9999 -9999 -9999 -9999 -9999 -9999 147.320007324219 146.820007324219 146.429992675781 145.830001831055 144.660003662109 143.449996948242 142.759994506836 142.199996948242 141.720001220703 141.520004272461 141.149993896484 140.720001220703 140.460006713867 140.350006103516
-9999 -9999 -9999 164.389999389648 164.25 164.110000610352 163.940002441406 164.110000610352 164.259994506836 164.020004272461 163.360000610352 163.139999389648 162.539993286133 162.190002441406 162 -9999 -9999 -9999 -9999 -9999 -9999 -9999 -9999 -9999 160.300003051758 160.279998779297 160.259994506836 -9999 -9999 -9999 -9999 -9999 -9999 -9999 -9999 -9999 -9999 -9999 -9999 -9999 -9999 -9999 -9999 -9999 -9999 -9999 -9999 -9999 147.190002441406 146.75 146.360000610352 145.410003662109 143.639999389648 142.270004272461 141.770004272461 141.580001831055 141.509994506836 141.320007324219 140.899993896484 140.509994506836 140.350006103516 140.300003051758
-9999 -9999 -9999 164.139999389648 164.059997558594 163.899993896484 163.660003662109 163.690002441406 163.660003662109 163.419998168945 162.809997558594 162.309997558594 161.850006103516 161.440002441406 161.130004882812 -9999 -9999 -9999 -9999 -9999 -9999 -9999 -9999 -9999 159.460006713867 159.410003662109 159.289993286133 -9999 -9999 -9999 -9999 -9999 -9999 -9999 -9999 -9999 -9999 -9999 -9999 -9999 -9999 -9999 -9999 -9999 -9999 -9999 -9999 -9999 147.050003051758 146.710006713867 146.320007324219 145.300003051758 143.100006103516 142.020004272461 141.729995727539 141.509994506836 141.289993286133 140.979995727539 140.660003662109 140.380004882812 140.300003051758 140.270004272461
-9999 -9999 -9999 163.690002441406 163.580001831055 163.429992675781 163.309997558594 163.080001831055 162.809997558594 162.460006713867 162.029998779297 161.470001220703 160.860000610352 160.380004882812 160.029998779297 -9999 -9999 -9999 -9999 -9999 -9999 -9999 -9999 -9999 159.020004272461 158.880004882812 158.589996337891 -9999 -9999 -9999 -9999 -9999 -9999 -9999 -9999 -9999 -9999 -9999 -9999 -9999 -9999 -9999 -9999 -9999 -9999 146.610000610352 146.960006713867 146.960006713867 146.850006103516 146.589996337891 146.229995727539 145.309997558594 143.070007324219 142.139999389648 141.839996337891 141.460006713867 141.050003051758 140.75 140.559997558594 140.360000610352 140.289993286133 140.240005493164
-9999 -9999 -9999 162.990005493164 162.889999389648 162.860000610352 162.649993896484 162.050003051758 161.580001831055 161.179992675781 160.75 160.119995117188 159.380004882812 159.119995117188 158.949996948242 -9999 -9999 -9999 -9999 -9999 -9999 -9999 -9999 -9999 157.960006713867 157.820007324219 157.679992675781 -9999 -9999 -9999 -9999 -9999 -9999 -9999 -9999 -9999 -9999 -9999 -9999 -9999 -9999 -9999 -9999 -9999 -9999 145.880004882812 146.410003662109 146.460006713867 146.320007324219 146.039993286133 145.610000610352 144.75 143.050003051758 142.050003051758 141.770004272461 141.369995117188 140.960006713867 140.690002441406 140.470001220703 140.25 140.119995117188 140.059997558594
-9999 -9999 -9999 161.990005493164 161.809997558594 161.389999389648 160.720001220703 159.990005493164 159.509994506836 159.339996337891 159.279998779297 159.039993286133 158.820007324219 158.789993286133 158.649993896484 -9999 -9999 -9999 -9999 -9999 -9999 -9999 -9999 -9999 157.289993286133 157.240005493164 157.309997558594 -9999 -9999 -9999 -9999 -9999 -9999 -9999 -9999 -9999 -9999 -9999 -9999 -9999 -9999 -9999 -9999 -9999 -9999 145.130004882812 145.320007324219 145.210006713867 144.889999389648 144.460006713867 143.919998168945 143.210006713867 142.410003662109 141.779998779297 141.509994506836 141.169998168945 140.820007324219 140.529998779297 140.220001220703 139.919998168945 139.639999389648 139.350006103516
-9999 -9999 -9999 160.669998168945 160.559997558594 160.100006103516 159.460006713867 158.960006713867 158.899993896484 -9999 -9999 -9999 158.110000610352 157.869995117188 157.589996337891 157.389999389648 157.270004272461 157.210006713867 157.160003662109 157.130004882812 157.190002441406 157.240005493164 157.279998779297 157.190002441406 156.740005493164 156.5 156.800003051758 156.910003662109 156.570007324219 155.429992675781 -9999 -9999 -9999 -9999 -9999 -9999 -9999 -9999 -9999 -9999 -9999 -9999 146.289993286133 145.649993896484 145.050003051758 144.589996337891 144.259994506836 143.880004882812 143.460006713867 142.979995727539 142.479995727539 142.089996337891 141.710006713867 141.309997558594 140.940002441406 140.610000610352 140.270004272461 139.990005493164 139.710006713867 139.389999389648 139.080001831055 138.759994506836
-9999 -9999 -9999 159.649993896484 159.710006713867 159.429992675781 158.910003662109 158.309997558594 158.130004882812 -9999 -9999 -9999 157.020004272461 156.960006713867 156.940002441406 156.940002441406 156.960006713867 157.020004272461 157.039993286133 156.889999389648 156.949996948242 157.110000610352 156.889999389648 156.550003051758 155.850006103516 155.630004882812 155.669998168945 155.509994506836 154.970001220703 153.990005493164 -9999 -9999 -9999 -9999 -9999 -9999 -9999 -9999 -9999 -9999 -9999 -9999 146 145.25 144.779998779297 144.369995117188 143.990005493164 143.610000610352 143.220001220703 142.470001220703 141.779998779297 141.580001831055 141.460006713867 141.190002441406 140.720001220703 140.419998168945 140.089996337891 139.830001831055 139.570007324219 139.210006713867 138.860000610352 138.520004272461
-9999 -9999 -9999 158.559997558594 158.25 157.839996337891 157.399993896484 156.979995727539 156.820007324219 -9999 -9999 -9999 156.869995117188 156.979995727539 157.029998779297 156.860000610352 156.559997558594 156.660003662109 156.380004882812 155.869995117188 155.759994506836 155.820007324219 155.479995727539 155.110000610352 154.679992675781 154.649993896484 154.440002441406 153.970001220703 153.279998779297 152.399993896484 -9999 -9999 -9999 -9999 -9999 -9999 -9999 -9999 -9999 -9999 -9999 -9999 145.770004272461 144.770004272461 144.369995117188 144.100006103516 143.850006103516 143.589996337891 143.169998168945 142 141.509994506836 141.5 141.5 141.190002441406 140.509994506836 140.220001220703 139.970001220703 139.729995727539 139.520004272461 139.089996337891 138.690002441406 138.309997558594
-9999 -9999 -9999 157.100006103516 156.860000610352 156.75 156.710006713867 156.710006713867 156.75 156.850006103516 156.800003051758 156.740005493164 156.5 156.360000610352 156.119995117188 155.460006713867 154.649993896484 154.910003662109 -9999 -9999 -9999 -9999 -9999 -9999 -9999 -9999 -9999 -9999 -9999 -9999 -9999 -9999 -9999 -9999 -9999 -9999 -9999 -9999 -9999 -9999 -9999 -9999 145.270004272461 144.369995117188 144.139999389648 143.949996948242 143.770004272461 143.570007324219 143 141.820007324219 141.610000610352 141.600006103516 141.600006103516 141.169998168945 140.309997558594 140.020004272461 139.809997558594 139.610000610352 139.410003662109 138.990005493164 138.5 138.139999389648
-9999 -9999 -9999 156.770004272461 156.699996948242 156.789993286133 156.770004272461 156.429992675781 156.199996948242 156.080001831055 155.669998168945 155.25 154.630004882812 154.449996948242 154.179992675781 153.339996337891 152.770004272461 153.029998779297 -9999 -9999 -9999 -9999 -9999 -9999 -9999 -9999 -9999 -9999 -9999 -9999 -9999 -9999 -9999 -9999 -9999 -9999 -9999 -9999 -9999 -9999 -9999 -9999 145.020004272461 144.270004272461 144.089996337891 143.880004882812 143.729995727539 143.550003051758 142.880004882812 141.770004272461 141.690002441406 141.690002441406 141.679992675781 141.089996337891 140.080001831055 139.830001831055 139.649993896484 139.479995727539 139.350006103516 139.039993286133 138.380004882812 137.970001220703
-9999 -9999 -9999 156.199996948242 155.800003051758 155.839996337891 155.679992675781 154.860000610352 154.410003662109 154.210006713867 153.979995727539 153.559997558594 152.979995727539 152.669998168945 152.440002441406 151.690002441406 151.130004882812 151.059997558594 -9999 -9999 -9999 -9999 -9999 -9999 -9999 -9999 -9999 -9999 -9999 -9999 -9999 -9999 -9999 -9999 -9999 -9999 -9999 -9999 -9999 -9999 -9999 -9999 145 144.279998779297 144.070007324219 143.860000610352 143.710006713867 143.509994506836 142.770004272461 141.770004272461 141.710006713867 141.710006713867 141.699996948242 140.970001220703 139.880004882812 139.660003662109 139.509994506836 139.369995117188 139.259994506836 139 138.270004272461 137.830001831055
-9999 -9999 -9999 -9999 -9999 -9999 -9999 -9999 -9999 153.059997558594 152.720001220703 152.25 151.399993896484 150.410003662109 149.669998168945 148.940002441406 148.520004272461 148.559997558594 -9999 -9999 -9999 -9999 -9999 -9999 -9999 -9999 -9999 -9999 -9999 -9999 -9999 -9999 -9999 -9999 -9999 -9999 -9999 -9999 -9999 -9999 -9999 -9999 145.020004272461 144.289993286133 144.050003051758 143.839996337891 143.690002441406 143.460006713867 142.580001831055 141.729995727539 141.630004882812 141.630004882812 141.600006103516 140.820007324219 139.679992675781 139.490005493164 139.380004882812 139.289993286133 139.199996948242 138.910003662109 138.210006713867 137.789993286133
-9999 -9999 -9999 -9999 -9999 -9999 -9999 -9999 -9999 151.589996337891 150.809997558594 149.559997558594 148.360000610352 147.729995727539 147.570007324219 147.589996337891 147.75 147.979995727539 -9999 -9999 -9999 -9999 -9999 -9999 -9999 -9999 -9999 -9999 -9999 -9999 -9999 -9999 -9999 -9999 -9999 -9999 -9999 -9999 -9999 -9999 -9999 -9999 145.029998779297 144.300003051758 144.050003051758 143.839996337891 143.690002441406 143.410003662109 142.369995117188 141.679992675781 141.529998779297 141.520004272461 141.5 140.679992675781 139.5 139.350006103516 139.289993286133 139.240005493164 139.169998168945 138.929992675781 138.179992675781 137.770004272461
-9999 -9999 -9999 -9999 -9999 -9999 -9999 -9999 -9999 148.759994506836 147.839996337891 147.229995727539 147.110000610352 147.389999389648 147.770004272461 148.089996337891 148.309997558594 148.399993896484 -9999 -9999 -9999 -9999 -9999 -9999 -9999 -9999 -9999 -9999 -9999 -9999 -9999 -9999 -9999 -9999 -9999 -9999 -9999 -9999 -9999 -9999 -9999 -9999 145.009994506836 144.309997558594 144.070007324219 143.860000610352 143.699996948242 143.339996337891 142.220001220703 141.649993896484 141.270004272461 141.199996948242 141.199996948242 140.380004882812 139.380004882812 139.309997558594 139.259994506836 139.199996948242 139.110000610352 138.809997558594 138.110000610352 137.75
152.149993896484 151.630004882812 150.839996337891 -9999 -9999 -9999 -9999 -9999 -9999 146.759994506836 146.639999389648 147.100006103516 147.710006713867 148.149993896484 148.410003662109 148.460006713867 148.410003662109 148.300003051758 148.160003662109 148 147.869995117188 148.410003662109 149.199996948242 148.940002441406 148.850006103516 149.630004882812 150.029998779297 -9999 -9999 -9999 -9999 -9999 -9999 -9999 -9999 -9999 -9999 -9999 -9999 -9999 -9999 -9999 144.979995727539 144.320007324219 144.100006103516 143.869995117188 143.699996948242 143.210006713867 142.119995117188 141.539993286133 140.240005493164 139.75 139.779998779297 139.559997558594 139.330001831055 139.320007324219 139.259994506836 -9999 -9999 -9999 -9999 -9999
151.270004272461 150.460006713867 149.660003662109 -9999 -9999 -9999 -9999 -9999 -9999 146.309997558594 146.539993286133 147.210006713867 147.710006713867 147.940002441406 148.009994506836 147.949996948242 147.839996337891 147.770004272461 147.710006713867 147.720001220703 147.960006713867 148.740005493164 149.270004272461 148.869995117188 148.820007324219 149.479995727539 149.440002441406 -9999 -9999 -9999 -9999 -9999 -9999 -9999 -9999 -9999 -9999 -9999 -9999 -9999 -9999 -9999 144.960006713867 144.339996337891 144.130004882812 143.889999389648 143.660003662109 143.100006103516 142.080001831055 141.440002441406 139.759994506836 139.330001831055 139.449996948242 139.509994506836 139.490005493164 139.449996948242 139.389999389648 -9999 -9999 -9999 -9999 -9999
150.259994506836 149.350006103516 148.789993286133 -9999 -9999 -9999 -9999 -9999 -9999 146.419998168945 146.529998779297 146.850006103516 147.089996337891 147.240005493164 147.339996337891 147.380004882812 147.410003662109 147.5 147.559997558594 147.679992675781 148.059997558594 148.740005493164 149.080001831055 148.789993286133 148.740005493164 149.169998168945 148.729995727539 -9999 -9999 -9999 -9999 -9999 -9999 -9999 -9999 -9999 -9999 -9999 -9999 -9999 -9999 -9999 144.940002441406 144.330001831055 144.130004882812 143.860000610352 143.550003051758 143.130004882812 142.240005493164 141.419998168945 139.639999389648 139.309997558594 139.580001831055 139.720001220703 139.679992675781 139.639999389648 139.550003051758 -9999 -9999 -9999 -9999 -9999
149.179992675781 148.479995727539 148.119995117188 -9999 -9999 -9999 146.850006103516 147.429992675781 147.139999389648 146.759994506836 146.779998779297 146.850006103516 146.979995727539 147.059997558594 147.130004882812 147.210006713867 147.279998779297 147.399993896484 147.479995727539 147.559997558594 147.75 148.240005493164 148.710006713867 148.690002441406 148.589996337891 148.690002441406 148.309997558594 -9999 -9999 -9999 -9999 -9999 -9999 -9999 -9999 -9999 -9999 -9999 -9999 -9999 -9999 -9999 144.970001220703 144.279998779297 144.009994506836 143.669998168945 143.369995117188 143.130004882812 142.419998168945 141.419998168945 139.669998168945 139.399993896484 139.770004272461 139.910003662109 139.759994506836 139.699996948242 139.639999389648 -9999 -9999 -9999 -9999 -9999
148.410003662109 147.830001831055 147.5 -9999 -9999 -9999 147.050003051758 147.520004272461 147.059997558594 146.869995117188 146.820007324219 146.919998168945 147.020004272461 147.039993286133 147.050003051758 147.059997558594 147.089996337891 147.179992675781 147.270004272461 147.369995117188 147.449996948242 147.880004882812 148.479995727539 148.610000610352 148.429992675781 148.339996337891 148.300003051758 -9999 -9999 -9999 -9999 -9999 -9999 -9999 -9999 -9999 -9999 -9999 -9999 -9999 -9999 -9999 145.110000610352 144.240005493164 143.850006103516 143.440002441406 143.119995117188 142.910003662109 142.479995727539 141.660003662109 140.339996337891 139.919998168945 140.070007324219 140.119995117188 139.789993286133 139.690002441406 139.649993896484 -9999 -9999 -9999 -9999 -9999
148.020004272461 147.550003051758 147.389999389648 -9999 -9999 -9999 147.029998779297 147.229995727539 147.059997558594 146.740005493164 146.660003662109 146.850006103516 146.910003662109 146.899993896484 146.860000610352 146.800003051758 146.800003051758 146.899993896484 147.029998779297 147.190002441406 147.350006103516 147.699996948242 148.330001831055 148.490005493164 148.339996337891 148.339996337891 148.320007324219 -9999 -9999 -9999 -9999 -9999 -9999 -9999 -9999 -9999 -9999 -9999 -9999 -9999 -9999 -9999 145.690002441406 144.509994506836 143.899993896484 143.470001220703 143.100006103516 142.869995117188 142.630004882812 142.279998779297 141.660003662109 141.100006103516 140.75 140.300003051758 139.740005493164 139.589996337891 139.5 -9999 -9999 -9999 -9999 -9999
147.649993896484 147.369995117188 147.300003051758 147.210006713867 147.119995117188 147.039993286133 147 147.020004272461 147 146.660003662109 146.570007324219 146.729995727539 146.740005493164 146.699996948242 146.630004882812 146.559997558594 146.520004272461 146.610000610352 146.770004272461 146.940002441406 147.199996948242 147.529998779297 148.179992675781 148.320007324219 -9999 -9999 -9999 -9999 -9999 -9999 -9999 -9999 -9999 148.360000610352 148.270004272461 148.169998168945 148.110000610352 148.080001831055 148.110000610352 -9999 -9999 -9999 -9999 -9999 -9999 144.139999389648 143.570007324219 143.169998168945 143.020004272461 143.009994506836 142.589996337891 141.929992675781 141.25 140.279998779297 139.660003662109 139.520004272461 139.419998168945 -9999 -9999 -9999 -9999 -9999
147.419998168945 147.190002441406 147.149993896484 147.080001831055 147.029998779297 146.960006713867 146.899993896484 146.850006103516 146.830001831055 146.610000610352 146.520004272461 146.570007324219 146.529998779297 146.460006713867 146.389999389648 146.309997558594 146.259994506836 146.309997558594 146.490005493164 146.679992675781 147 147.389999389648 147.979995727539 148.160003662109 -9999 -9999 -9999 -9999 -9999 -9999 -9999 -9999 -9999 148.320007324219 148.300003051758 148.199996948242 148.119995117188 148.089996337891 148.080001831055 -9999 -9999 -9999 -9999 -9999 -9999 144.869995117188 144 143.600006103516 143.589996337891 143.479995727539 142.929992675781 142.179992675781 141.380004882812 140.25 139.669998168945 139.600006103516 139.460006713867 -9999 -9999 -9999 -9999 -9999
147.229995727539 147.029998779297 146.970001220703 146.889999389648 146.839996337891 146.789993286133 146.740005493164 146.649993896484 146.610000610352 146.479995727539 146.389999389648 146.339996337891 146.279998779297 146.210006713867 146.139999389648 146.070007324219 146 146.009994506836 146.179992675781 146.389999389648 146.720001220703 147.059997558594 147.550003051758 147.979995727539 -9999 -9999 -9999 -9999 -9999 -9999 -9999 -9999 -9999 148.309997558594 148.309997558594 148.220001220703 148.139999389648 148.070007324219 148.029998779297 -9999 -9999 -9999 -9999 -9999 -9999 145.259994506836 144.279998779297 144.039993286133 143.970001220703 143.720001220703 143.039993286133 142.259994506836 141.429992675781 140.259994506836 139.729995727539 139.679992675781 139.470001220703 -9999 -9999 -9999 -9999 -9999
