Inputs/dem_urban.asc
NCOLS 413 
NROWS 307 
XLLCORNER 341179.518085095 
YLLCORNER 4516729.65873464 
CELLSIZE 10 
NODATA_value -9999 
[rows 140 to 167 of 307, columns 64 to 127 of 413]
-9999 -9999 -9999 -9999 -9999 -9999 -9999 -9999 -9999 -9999 -9999 -9999 -9999 -9999 -9999 -9999 -9999 -9999 -9999 -9999 -9999 -9999 -9999 -9999 -9999 139.550003051758 139.679992675781 139.440002441406 139.070007324219 139.070007324219 139.139999389648 139.110000610352 138.929992675781 138.839996337891 -9999 -9999 -9999 138.949996948242 138.940002441406 138.619995117188 138.570007324219 138.800003051758 138.470001220703 138.240005493164 137.889999389648 137.770004272461 137.789993286133 137.820007324219 137.880004882812 137.880004882812 137.630004882812 137.389999389648 137.350006103516 137.309997558594 137.100006103516 136.539993286133 136.410003662109 136.449996948242 136.479995727539 136.559997558594 136.619995117188 136.610000610352 136.309997558594 136.089996337891
-9999 -9999 -9999 -9999 -9999 -9999 -9999 -9999 -9999 -9999 -9999 -9999 -9999 -9999 -9999 -9999 -9999 -9999 -9999 -9999 -9999 -9999 -9999 -9999 -9999 -9999 -9999 -9999 138.979995727539 139.020004272461 139.199996948242 -9999 -9999 -9999 -9999 -9999 -9999 -9999 -9999 -9999 -9999 -9999 -9999 138.690002441406 137.970001220703 137.610000610352 -9999 -9999 -9999 137.699996948242 137.470001220703 137.240005493164 137.179992675781 137.190002441406 136.970001220703 136.259994506836 136.039993286133 136.199996948242 -9999 -9999 -9999 136.440002441406 136.190002441406 136.009994506836
-9999 -9999 -9999 -9999 -9999 -9999 -9999 -9999 -9999 -9999 -9999 -9999 -9999 -9999 -9999 -9999 -9999 -9999 -9999 -9999 -9999 -9999 -9999 -9999 -9999 -9999 -9999 -9999 138.910003662109 139.020004272461 139.350006103516 -9999 -9999 -9999 -9999 -9999 -9999 -9999 -9999 -9999 -9999 -9999 -9999 138.649993896484 137.880004882812 137.399993896484 -9999 -9999 -9999 137.559997558594 137.309997558594 137.100006103516 137.050003051758 137.100006103516 136.860000610352 136.25 136.039993286133 136.110000610352 -9999 -9999 -9999 136.429992675781 136.149993896484 135.979995727539
-9999 -9999 -9999 -9999 -9999 -9999 -9999 -9999 -9999 -9999 -9999 -9999 -9999 -9999 -9999 -9999 -9999 -9999 -9999 -9999 -9999 -9999 -9999 -9999 -9999 -9999 -9999 -9999 138.860000610352 138.979995727539 139.309997558594 -9999 -9999 -9999 -9999 -9999 -9999 -9999 -9999 -9999 -9999 -9999 -9999 138.110000610352 137.589996337891 137.190002441406 -9999 -9999 -9999 137.399993896484 137.160003662109 136.960006713867 136.970001220703 137.020004272461 136.779998779297 136.300003051758 136.119995117188 136.220001220703 -9999 -9999 -9999 136.360000610352 136.080001831055 135.910003662109
147.779998779297 -9999 -9999 -9999 -9999 -9999 -9999 -9999 -9999 -9999 -9999 -9999 -9999 -9999 -9999 -9999 -9999 -9999 -9999 -9999 -9999 -9999 -9999 -9999 -9999 -9999 -9999 -9999 -9999 -9999 -9999 -9999 -9999 -9999 -9999 -9999 -9999 -9999 -9999 -9999 -9999 -9999 -9999 -9999 -9999 -9999 -9999 -9999 -9999 137.029998779297 136.919998168945 136.830001831055 136.789993286133 136.759994506836 136.630004882812 -9999 -9999 -9999 -9999 -9999 -9999 136.119995117188 135.940002441406 135.860000610352
147.729995727539 -9999 -9999 -9999 -9999 -9999 -9999 -9999 -9999 -9999 -9999 -9999 -9999 -9999 -9999 -9999 -9999 -9999 -9999 -9999 -9999 -9999 -9999 -9999 -9999 -9999 -9999 -9999 -9999 -9999 -9999 -9999 -9999 -9999 -9999 -9999 -9999 -9999 -9999 -9999 -9999 -9999 -9999 -9999 -9999 -9999 -9999 -9999 -9999 136.940002441406 136.919998168945 136.869995117188 136.830001831055 136.720001220703 136.619995117188 -9999 -9999 -9999 -9999 -9999 -9999 136.179992675781 136.009994506836 135.910003662109
147.600006103516 -9999 -9999 -9999 -9999 -9999 -9999 -9999 -9999 -9999 -9999 -9999 -9999 -9999 -9999 -9999 -9999 -9999 -9999 -9999 -9999 -9999 -9999 -9999 -9999 -9999 -9999 -9999 -9999 -9999 -9999 -9999 -9999 -9999 -9999 -9999 -9999 -9999 -9999 -9999 -9999 -9999 -9999 -9999 -9999 -9999 -9999 -9999 -9999 136.820007324219 136.850006103516 137 136.779998779297 136.440002441406 136.330001831055 -9999 -9999 -9999 -9999 -9999 -9999 135.940002441406 135.910003662109 135.979995727539
147.660003662109 147.660003662109 147.679992675781 147.330001831055 146.199996948242 145.490005493164 145.490005493164 145.619995117188 145.669998168945 145.330001831055 -9999 -9999 -9999 -9999 -9999 -9999 142.690002441406 142.660003662109 142.029998779297 141.080001831055 140.869995117188 140.770004272461 -9999 -9999 -9999 -9999 -9999 -9999 139.5 139.360000610352 139.270004272461 139.199996948242 139.089996337891 138.979995727539 138.759994506836 138.429992675781 138.25 -9999 -9999 -9999 -9999 -9999 -9999 -9999 -9999 -9999 -9999 -9999 -9999 137.339996337891 137.089996337891 137.160003662109 137.029998779297 136.880004882812 136.759994506836 136.440002441406 136.399993896484 136.25 -9999 -9999 -9999 136.029998779297 136.020004272461 136.020004272461
147.800003051758 147.809997558594 147.860000610352 147.410003662109 146.179992675781 145.470001220703 145.460006713867 145.600006103516 145.710006713867 145.619995117188 -9999 -9999 -9999 -9999 -9999 -9999 143.169998168945 143.25 142.850006103516 141.839996337891 141.580001831055 141.429992675781 -9999 -9999 -9999 -9999 -9999 -9999 139.800003051758 139.600006103516 139.460006713867 139.380004882812 139.279998779297 139.160003662109 138.960006713867 138.639999389648 138.220001220703 -9999 -9999 -9999 -9999 -9999 -9999 -9999 -9999 -9999 -9999 -9999 -9999 138.470001220703 137.789993286133 137.350006103516 137.539993286133 138.190002441406 137.929992675781 136.850006103516 136.669998168945 136.490005493164 -9999 -9999 -9999 136.369995117188 136.240005493164 136.110000610352
147.869995117188 147.720001220703 147.660003662109 147.240005493164 146.160003662109 145.5 145.449996948242 145.610000610352 145.800003051758 145.759994506836 -9999 -9999 -9999 -9999 -9999 -9999 143.399993896484 143.470001220703 143.320007324219 142.800003051758 142.479995727539 142.089996337891 -9999 -9999 -9999 -9999 -9999 -9999 140.160003662109 139.949996948242 139.770004272461 139.669998168945 139.570007324219 139.490005493164 139.410003662109 139.330001831055 139.160003662109 -9999 -9999 -9999 -9999 -9999 -9999 -9999 -9999 -9999 -9999 -9999 -9999 138.669998168945 138.039993286133 137.520004272461 137.820007324219 138.710006713867 138.619995117188 137.5 137.039993286133 136.699996948242 -9999 -9999 -9999 136.570007324219 136.339996337891 136.190002441406
148.020004272461 147.690002441406 147.339996337891 146.869995117188 146.119995117188 145.570007324219 145.520004272461 145.610000610352 145.740005493164 145.770004272461 145.490005493164 144.860000610352 144.130004882812 -9999 -9999 -9999 143.529998779297 143.509994506836 143.440002441406 143.240005493164 142.910003662109 142.509994506836 -9999 -9999 -9999 -9999 -9999 -9999 140.520004272461 140.320007324219 140.100006103516 139.949996948242 139.830001831055 139.740005493164 139.690002441406 139.600006103516 139.449996948242 -9999 -9999 -9999 -9999 -9999 -9999 -9999 -9999 -9999 -9999 -9999 -9999 138.5 138.149993896484 137.660003662109 137.979995727539 138.759994506836 138.949996948242 138.589996337891 137.649993896484 136.899993896484 -9999 -9999 -9999 136.610000610352 136.389999389648 136.240005493164
148.080001831055 147.740005493164 147.259994506836 146.800003051758 146.289993286133 145.860000610352 145.679992675781 145.589996337891 145.619995117188 145.740005493164 145.410003662109 144.889999389648 144.580001831055 -9999 -9999 -9999 143.779998779297 143.679992675781 143.570007324219 143.399993896484 143.119995117188 142.880004882812 -9999 -9999 -9999 -9999 -9999 -9999 140.910003662109 140.690002441406 140.399993896484 140.160003662109 140 139.949996948242 139.919998168945 139.869995117188 139.740005493164 -9999 -9999 -9999 -9999 -9999 -9999 -9999 -9999 -9999 -9999 -9999 -9999 138.550003051758 138.259994506836 137.809997558594 138.080001831055 138.669998168945 138.919998168945 138.880004882812 137.910003662109 137.009994506836 -9999 -9999 -9999 136.720001220703 136.470001220703 136.289993286133
148.330001831055 148.229995727539 147.660003662109 146.990005493164 146.509994506836 146.220001220703 146.039993286133 145.990005493164 145.960006713867 145.860000610352 145.619995117188 145.350006103516 145.110000610352 -9999 -9999 -9999 144.100006103516 143.960006713867 143.809997558594 143.649993896484 143.360000610352 143.130004882812 -9999 -9999 -9999 -9999 -9999 -9999 141.330001831055 141.020004272461 140.610000610352 140.139999389648 139.919998168945 140 140.130004882812 140.130004882812 139.940002441406 -9999 -9999 -9999 -9999 -9999 -9999 -9999 -9999 -9999 -9999 -9999 -9999 138.570007324219 138.350006103516 137.979995727539 138.160003662109 138.520004272461 138.679992675781 138.580001831055 137.839996337891 137.130004882812 -9999 -9999 -9999 136.720001220703 136.490005493164 136.289993286133
148.360000610352 148.410003662109 147.990005493164 147.320007324219 146.979995727539 146.899993896484 146.830001831055 146.809997558594 146.639999389648 146 145.860000610352 145.740005493164 145.460006713867 -9999 -9999 -9999 144.369995117188 144.169998168945 143.979995727539 143.759994506836 143.529998779297 143.229995727539 142.050003051758 141.770004272461 141.720001220703 141.880004882812 142.080001831055 142.009994506836 141.830001831055 141.470001220703 140.779998779297 140.039993286133 139.889999389648 140.029998779297 140.25 140.289993286133 140.139999389648 140.050003051758 139.899993896484 139.720001220703 139.539993286133 139.360000610352 139.190002441406 139.059997558594 138.910003662109 138.820007324219 138.699996948242 138.669998168945 138.600006103516 138.509994506836 138.369995117188 138.119995117188 138.229995727539 138.389999389648 138.360000610352 138.119995117188 137.649993896484 137.240005493164 137.039993286133 136.869995117188 136.75 136.669998168945 136.509994506836 136.270004272461
148.330001831055 148.380004882812 148.089996337891 147.580001831055 147.220001220703 147.149993896484 147.119995117188 147.110000610352 146.929992675781 146.100006103516 145.919998168945 145.949996948242 145.839996337891 -9999 -9999 -9999 144.559997558594 144.330001831055 144.139999389648 143.860000610352 143.729995727539 143.5 142.220001220703 141.929992675781 141.990005493164 142.300003051758 142.490005493164 142.380004882812 142.229995727539 141.929992675781 140.949996948242 140.289993286133 140.479995727539 140.860000610352 140.869995117188 140.630004882812 140.389999389648 140.320007324219 140.160003662109 139.979995727539 139.809997558594 139.630004882812 139.460006713867 139.300003051758 139.130004882812 139.039993286133 138.820007324219 138.679992675781 138.589996337891 138.529998779297 138.389999389648 138.210006713867 138.300003051758 138.369995117188 138.210006713867 137.850006103516 137.5 137.300003051758 137.080001831055 136.869995117188 136.729995727539 136.639999389648 136.5 136.259994506836
148.570007324219 148.410003662109 148.199996948242 147.990005493164 147.360000610352 147.050003051758 147.009994506836 147 146.910003662109 146.220001220703 145.949996948242 146.070007324219 146.179992675781 -9999 -9999 -9999 144.809997558594 144.529998779297 144.369995117188 144.059997558594 143.970001220703 143.889999389648 143.089996337891 142.679992675781 142.770004272461 143.100006103516 142.839996337891 142.550003051758 142.5 142.309997558594 141.539993286133 141.350006103516 141.820007324219 142.029998779297 141.649993896484 141.080001831055 140.610000610352 140.490005493164 140.389999389648 140.229995727539 140.070007324219 139.940002441406 139.759994506836 139.559997558594 139.399993896484 139.25 138.940002441406 138.660003662109 138.619995117188 138.559997558594 138.419998168945 138.240005493164 138.270004272461 138.279998779297 138.100006103516 137.759994506836 137.470001220703 137.350006103516 137.130004882812 136.880004882812 136.669998168945 136.619995117188 136.440002441406 136.240005493164
149.389999389648 148.789993286133 148.380004882812 148.289993286133 147.520004272461 146.979995727539 146.919998168945 146.929992675781 146.919998168945 146.339996337891 145.960006713867 146.080001831055 146.259994506836 145.949996948242 145.580001831055 145.529998779297 145.169998168945 144.75 144.520004272461 144.300003051758 144.179992675781 144.160003662109 144.039993286133 143.789993286133 143.800003051758 143.729995727539 143.100006103516 142.660003662109 -9999 -9999 -9999 -9999 -9999 -9999 141.600006103516 141.149993896484 140.770004272461 140.649993896484 140.639999389648 140.600006103516 140.330001831055 140.130004882812 139.889999389648 139.539993286133 139.350006103516 139.240005493164 139.080001831055 138.740005493164 138.710006713867 138.720001220703 138.479995727539 138.210006713867 138.240005493164 138.279998779297 138.110000610352 -9999 -9999 -9999 -9999 -9999 -9999 -9999 -9999 -9999
150.149993896484 149.309997558594 148.570007324219 148.360000610352 147.720001220703 147.160003662109 147.160003662109 147.210006713867 147.190002441406 146.460006713867 145.949996948242 146.039993286133 146.270004272461 146.139999389648 145.910003662109 145.850006103516 145.440002441406 144.979995727539 144.699996948242 144.559997558594 144.460006713867 144.389999389648 144.330001831055 144.240005493164 144.320007324219 144.070007324219 143.449996948242 142.949996948242 -9999 -9999 -9999 -9999 -9999 -9999 141.740005493164 141.220001220703 140.860000610352 140.729995727539 140.75 140.779998779297 140.449996948242 140.169998168945 139.880004882812 139.470001220703 139.339996337891 139.300003051758 139.279998779297 138.929992675781 138.770004272461 138.839996337891 138.580001831055 138.169998168945 138.199996948242 138.320007324219 138.149993896484 -9999 -9999 -9999 -9999 -9999 -9999 -9999 -9999 -9999
150.710006713867 149.809997558594 148.809997558594 148.330001831055 147.919998168945 147.619995117188 147.630004882812 147.660003662109 147.580001831055 146.759994506836 146.160003662109 146.240005493164 146.479995727539 146.490005493164 146.360000610352 146.229995727539 145.800003051758 145.440002441406 145.020004272461 144.820007324219 144.720001220703 144.630004882812 144.570007324219 144.529998779297 144.470001220703 144.279998779297 143.869995117188 143.559997558594 -9999 -9999 -9999 -9999 -9999 -9999 141.929992675781 141.380004882812 141.029998779297 140.820007324219 140.789993286133 140.669998168945 140.360000610352 140.149993896484 139.949996948242 139.559997558594 139.509994506836 139.429992675781 139.380004882812 138.970001220703 138.729995727539 138.759994506836 138.5 138.039993286133 138.020004272461 138.089996337891 137.910003662109 -9999 -9999 -9999 -9999 -9999 -9999 -9999 -9999 -9999
151.199996948242 150.320007324219 149.339996337891 148.669998168945 -9999 -9999 -9999 -9999 -9999 -9999 -9999 -9999 -9999 147.149993896484 146.960006713867 146.880004882812 146.669998168945 146.610000610352 145.610000610352 145.149993896484 145.029998779297 144.899993896484 144.830001831055 144.929992675781 144.850006103516 -9999 -9999 -9999 -9999 -9999 -9999 -9999 -9999 -9999 -9999 -9999 -9999 -9999 -9999 -9999 -9999 -9999 -9999 -9999 -9999 -9999 -9999 -9999 -9999 -9999 -9999 -9999 -9999 -9999 -9999 -9999 -9999 -9999 136.910003662109 136.740005493164 136.580001831055 136.399993896484 136.220001220703 136.050003051758
151.550003051758 150.860000610352 150.259994506836 149.850006103516 -9999 -9999 -9999 -9999 -9999 -9999 -9999 -9999 -9999 147.860000610352 147.600006103516 147.720001220703 148.009994506836 148.279998779297 146.490005493164 145.669998168945 145.550003051758 145.259994506836 145.119995117188 145.300003051758 145.350006103516 -9999 -9999 -9999 -9999 -9999 -9999 -9999 -9999 -9999 -9999 -9999 -9999 -9999 -9999 -9999 -9999 -9999 -9999 -9999 -9999 -9999 -9999 -9999 -9999 -9999 -9999 -9999 -9999 -9999 -9999 -9999 -9999 -9999 137.059997558594 136.919998168945 136.75 136.520004272461 136.360000610352 136.210006713867
151.800003051758 151.350006103516 151.100006103516 150.940002441406 -9999 -9999 -9999 -9999 -9999 -9999 -9999 -9999 -9999 148.380004882812 148.220001220703 148.369995117188 149.029998779297 149.410003662109 147.539993286133 146.369995117188 146.190002441406 145.949996948242 145.75 145.809997558594 145.820007324219 -9999 -9999 -9999 -9999 -9999 -9999 -9999 -9999 -9999 -9999 -9999 -9999 -9999 -9999 -9999 -9999 -9999 -9999 -9999 -9999 -9999 -9999 -9999 -9999 -9999 -9999 -9999 -9999 -9999 -9999 -9999 -9999 -9999 137.220001220703 137.169998168945 137.009994506836 136.669998168945 136.520004272461 136.440002441406
152.139999389648 -9999 -9999 -9999 151.289993286133 151.100006103516 150.610000610352 -9999 -9999 -9999 -9999 -9999 -9999 -9999 -9999 -9999 -9999 -9999 -9999 -9999 -9999 -9999 -9999 -9999 -9999 -9999 -9999 -9999 144.789993286133 144.410003662109 144.009994506836 143.649993896484 143.259994506836 142.880004882812 142.509994506836 142.119995117188 141.419998168945 140.949996948242 140.820007324219 140.660003662109 140.229995727539 139.929992675781 139.740005493164 139.589996337891 139.589996337891 139.600006103516 139.580001831055 139.369995117188 138.850006103516 138.320007324219 138.110000610352 138.039993286133 137.820007324219 137.690002441406 137.630004882812 -9999 -9999 -9999 -9999 -9999 -9999 -9999 -9999 -9999
152.779998779297 -9999 -9999 -9999 151.770004272461 151.699996948242 151.119995117188 -9999 -9999 -9999 -9999 -9999 -9999 -9999 -9999 -9999 -9999 -9999 -9999 -9999 -9999 -9999 -9999 -9999 -9999 -9999 -9999 -9999 145.240005493164 144.770004272461 144.380004882812 144.100006103516 143.779998779297 143.440002441406 142.919998168945 142.270004272461 141.440002441406 141.029998779297 140.910003662109 140.649993896484 140.259994506836 140.009994506836 139.820007324219 139.690002441406 139.720001220703 139.800003051758 139.850006103516 139.690002441406 138.979995727539 138.330001831055 138.259994506836 138.279998779297 137.880004882812 137.669998168945 137.649993896484 -9999 -9999 -9999 -9999 -9999 -9999 -9999 -9999 -9999
153.380004882812 -9999 -9999 -9999 152.149993896484 152.169998168945 151.690002441406 -9999 -9999 -9999 -9999 -9999 -9999 -9999 -9999 -9999 -9999 -9999 -9999 -9999 -9999 -9999 -9999 -9999 -9999 -9999 -9999 -9999 145.320007324219 144.869995117188 144.630004882812 144.479995727539 144.220001220703 143.710006713867 142.839996337891 142.039993286133 141.309997558594 141.059997558594 140.869995117188 140.619995117188 140.520004272461 140.389999389648 140.039993286133 139.690002441406 139.699996948242 139.75 139.779998779297 139.729995727539 138.979995727539 138.309997558594 138.320007324219 138.350006103516 137.850006103516 137.690002441406 137.669998168945 -9999 -9999 -9999 -9999 -9999 -9999 -9999 -9999 -9999
-9999 -9999 -9999 -9999 -9999 -9999 -9999 -9999 -9999 -9999 -9999 -9999 -9999 150.449996948242 150.149993896484 149.779998779297 149.410003662109 149.229995727539 149.229995727539 149.070007324219 148.440002441406 147.979995727539 147.720001220703 147.649993896484 147.399993896484 146.880004882812 146.270004272461 145.729995727539 145.240005493164 144.910003662109 144.839996337891 144.740005493164 144.490005493164 143.800003051758 -9999 -9999 -9999 141.110000610352 140.929992675781 140.880004882812 140.889999389648 140.779998779297 140.339996337891 -9999 -9999 -9999 -9999 -9999 -9999 138.300003051758 138.279998779297 138.149993896484 137.75 137.759994506836 137.669998168945 137.759994506836 137.820007324219 137.529998779297 137.470001220703 137.429992675781 137.149993896484 136.770004272461 136.720001220703 136.520004272461
-9999 -9999 -9999 -9999 -9999 -9999 -9999 -9999 -9999 -9999 -9999 -9999 -9999 150.380004882812 149.990005493164 149.470001220703 149.199996948242 149.279998779297 149.259994506836 148.899993896484 148.100006103516 147.639999389648 147.490005493164 147.630004882812 147.539993286133 146.889999389648 146.110000610352 145.669998168945 145.309997558594 145.100006103516 145.089996337891 144.929992675781 144.570007324219 143.850006103516 -9999 -9999 -9999 141.289993286133 141.300003051758 141.389999389648 141.259994506836 140.970001220703 140.460006713867 -9999 -9999 -9999 -9999 -9999 -9999 138.360000610352 138.259994506836 137.970001220703 137.820007324219 137.839996337891 137.679992675781 137.710006713867 137.729995727539 137.559997558594 137.539993286133 137.5 137.149993896484 136.899993896484 136.809997558594 136.490005493164
-9999 -9999 -9999 -9999 -9999 -9999 -9999 -9999 -9999 -9999 -9999 -9999 -9999 149.710006713867 149.270004272461 148.860000610352 148.789993286133 148.880004882812 148.179992675781 147.960006713867 147.490005493164 147.179992675781 147.460006713867 147.830001831055 147.559997558594 146.619995117188 145.869995117188 145.520004272461 145.240005493164 145.100006103516 145.020004272461 144.830001831055 144.529998779297 143.860000610352 -9999 -9999 -9999 141.460006713867 141.539993286133 141.630004882812 141.320007324219 140.850006103516 140.330001831055 -9999 -9999 -9999 -9999 -9999 -9999 138.309997558594 138.240005493164 138.059997558594 138 137.919998168945 137.779998779297 137.690002441406 137.600006103516 137.520004272461 137.470001220703 137.399993896484 137.130004882812 136.960006713867 136.809997558594 136.479995727539
