Inputs/dem_urban.asc
NCOLS 413 
NROWS 307 
XLLCORNER 341179.518085095 
YLLCORNER 4516729.65873464 
CELLSIZE 10 
NODATA_value -9999 
[rows 84 to 111 of 307, columns 128 to 191 of 413]
-9999 -9999 -9999 -9999 -9999 -9999 -9999 -9999 -9999 -9999 -9999 -9999 -9999 -9999 -9999 -9999 -9999 -9999 136.639999389648 136.970001220703 137.139999389648 137.339996337891 137.330001831055 137.289993286133 137.360000610352 137.520004272461 137.809997558594 138.089996337891 138.389999389648 138.429992675781 138.389999389648 138.740005493164 139.039993286133 139.130004882812 139.279998779297 139.380004882812 -9999 -9999 -9999 139.410003662109 139.350006103516 139.300003051758 139.369995117188 139.429992675781 139.360000610352 139.259994506836 138.860000610352 138.199996948242 137.809997558594 137.419998168945 137.229995727539 137.149993896484 136.990005493164 136.740005493164 136.610000610352 136.699996948242 136.710006713867 136.600006103516 136.419998168945 136.440002441406 136.270004272461 136.089996337891 135.979995727539 135.509994506836
-9999 -9999 -9999 -9999 -9999 -9999 -9999 -9999 -9999 -9999 -9999 -9999 -9999 -9999 -9999 -9999 -9999 -9999 136.690002441406 136.929992675781 137.119995117188 137.279998779297 137.229995727539 137.130004882812 137.229995727539 137.479995727539 137.740005493164 137.910003662109 138.089996337891 138.139999389648 138.350006103516 138.75 138.929992675781 139.059997558594 139.279998779297 139.399993896484 -9999 -9999 -9999 139.25 139.169998168945 139.169998168945 139.259994506836 139.289993286133 139.059997558594 138.850006103516 138.470001220703 137.880004882812 137.589996337891 137.210006713867 137.25 137.300003051758 137.050003051758 136.649993896484 136.610000610352 136.720001220703 136.690002441406 136.619995117188 136.350006103516 136.179992675781 136.039993286133 136.070007324219 135.970001220703 135.710006713867
-9999 -9999 -9999 -9999 -9999 -9999 -9999 -9999 -9999 -9999 -9999 -9999 -9999 -9999 -9999 -9999 -9999 -9999 136.740005493164 136.910003662109 137.130004882812 137.169998168945 137.059997558594 137.009994506836 137.100006103516 137.350006103516 137.610000610352 137.759994506836 137.889999389648 137.960006713867 138.369995117188 138.729995727539 138.75 138.839996337891 139.110000610352 139.300003051758 -9999 -9999 -9999 139.130004882812 139.009994506836 139 138.940002441406 138.860000610352 138.580001831055 138.259994506836 137.929992675781 137.570007324219 137.330001831055 137.110000610352 137.169998168945 137.190002441406 136.889999389648 136.580001831055 136.669998168945 136.720001220703 136.550003051758 136.449996948242 136.190002441406 135.929992675781 135.880004882812 135.919998168945 135.759994506836 135.570007324219
-9999 -9999 -9999 -9999 -9999 -9999 -9999 -9999 -9999 -9999 -9999 -9999 -9999 -9999 -9999 -9999 -9999 -9999 136.699996948242 136.899993896484 137.110000610352 137.100006103516 136.970001220703 136.940002441406 137.059997558594 137.259994506836 137.429992675781 137.600006103516 137.720001220703 137.880004882812 138.259994506836 138.539993286133 138.529998779297 138.649993896484 138.899993896484 139.100006103516 139.369995117188 139.330001831055 139.210006713867 138.979995727539 138.839996337891 138.869995117188 138.619995117188 138.350006103516 138.089996337891 137.779998779297 137.5 137.309997558594 137.089996337891 137.080001831055 136.990005493164 136.880004882812 136.619995117188 136.570007324219 136.720001220703 136.630004882812 136.350006103516 136.139999389648 136 135.779998779297 135.690002441406 135.669998168945 135.600006103516 135.410003662109
-9999 -9999 -9999 -9999 -9999 -9999 -9999 -9999 -9999 -9999 -9999 -9999 -9999 -9999 -9999 -9999 -9999 -9999 136.669998168945 136.850006103516 136.940002441406 136.910003662109 136.860000610352 136.869995117188 137.020004272461 137.229995727539 137.380004882812 137.490005493164 137.589996337891 137.809997558594 138.050003051758 138.220001220703 138.309997558594 138.5 138.690002441406 138.869995117188 139.179992675781 139.149993896484 139.029998779297 138.699996948242 138.690002441406 138.770004272461 138.539993286133 138.169998168945 137.759994506836 137.419998168945 137.210006713867 137.119995117188 137.009994506836 137.050003051758 136.960006713867 136.649993896484 136.490005493164 136.559997558594 136.589996337891 136.460006713867 136.179992675781 136.070007324219 135.970001220703 135.759994506836 135.589996337891 135.529998779297 135.410003662109 135.179992675781
-9999 -9999 -9999 -9999 -9999 -9999 -9999 -9999 -9999 -9999 -9999 -9999 -9999 -9999 -9999 -9999 -9999 -9999 136.660003662109 136.779998779297 136.779998779297 136.759994506836 136.770004272461 136.789993286133 136.949996948242 137.190002441406 137.360000610352 137.380004882812 137.520004272461 137.720001220703 137.860000610352 138 138.139999389648 138.309997558594 138.440002441406 138.639999389648 138.830001831055 138.869995117188 138.660003662109 138.410003662109 138.570007324219 138.600006103516 138.460006713867 138.119995117188 137.669998168945 137.240005493164 137 136.880004882812 136.869995117188 136.919998168945 136.830001831055 136.529998779297 136.470001220703 136.570007324219 136.470001220703 136.240005493164 136.089996337891 136.039993286133 135.960006713867 135.809997558594 135.520004272461 135.339996337891 135.199996948242 135.009994506836
-9999 -9999 -9999 -9999 -9999 -9999 -9999 -9999 -9999 -9999 -9999 -9999 -9999 -9999 -9999 -9999 -9999 -9999 136.639999389648 136.690002441406 136.669998168945 136.660003662109 136.710006713867 136.770004272461 136.839996337891 137.039993286133 137.210006713867 137.25 137.460006713867 137.639999389648 137.729995727539 137.839996337891 137.970001220703 138.130004882812 138.259994506836 138.410003662109 138.490005493164 138.5 138.240005493164 138.220001220703 138.449996948242 138.490005493164 138.339996337891 137.869995117188 137.470001220703 137.130004882812 136.889999389648 136.759994506836 136.690002441406 136.639999389648 136.600006103516 136.419998168945 136.460006713867 136.5 136.300003051758 136.139999389648 136.039993286133 -9999 -9999 -9999 135.520004272461 135.259994506836 135 134.720001220703
-9999 -9999 -9999 -9999 -9999 -9999 -9999 -9999 -9999 -9999 -9999 -9999 -9999 -9999 -9999 -9999 -9999 -9999 136.580001831055 136.589996337891 136.570007324219 136.610000610352 136.699996948242 136.779998779297 136.830001831055 136.960006713867 137.039993286133 137.169998168945 137.389999389648 137.529998779297 137.589996337891 137.630004882812 137.779998779297 137.979995727539 138.100006103516 138.160003662109 138.190002441406 138.070007324219 137.929992675781 138.080001831055 138.210006713867 138.270004272461 138.100006103516 137.610000610352 137.289993286133 137.039993286133 136.779998779297 136.710006713867 136.720001220703 136.570007324219 136.369995117188 136.339996337891 136.309997558594 136.259994506836 136.119995117188 136.029998779297 135.990005493164 -9999 -9999 -9999 135.440002441406 135.25 134.919998168945 134.509994506836
-9999 -9999 -9999 -9999 -9999 -9999 -9999 -9999 -9999 -9999 -9999 -9999 -9999 -9999 -9999 -9999 -9999 -9999 136.559997558594 136.509994506836 136.490005493164 136.589996337891 136.720001220703 136.839996337891 136.899993896484 136.899993896484 136.910003662109 137.080001831055 137.229995727539 137.350006103516 137.360000610352 137.389999389648 137.589996337891 137.75 137.860000610352 137.919998168945 137.889999389648 137.690002441406 137.710006713867 137.919998168945 137.919998168945 137.869995117188 137.710006713867 137.369995117188 137.139999389648 136.889999389648 136.660003662109 136.669998168945 136.740005493164 136.570007324219 136.320007324219 136.279998779297 136.179992675781 136.070007324219 135.990005493164 135.919998168945 135.910003662109 -9999 -9999 -9999 135.259994506836 135.020004272461 134.669998168945 134.330001831055
-9999 -9999 -9999 -9999 -9999 -9999 -9999 -9999 -9999 -9999 -9999 -9999 -9999 -9999 -9999 -9999 -9999 -9999 -9999 -9999 -9999 136.589996337891 136.690002441406 136.820007324219 136.889999389648 136.809997558594 136.839996337891 136.940002441406 136.949996948242 137.020004272461 137.050003051758 137.139999389648 137.309997558594 137.479995727539 137.580001831055 137.649993896484 137.529998779297 137.419998168945 137.509994506836 137.630004882812 137.699996948242 137.649993896484 137.410003662109 137.169998168945 136.940002441406 136.699996948242 136.610000610352 136.619995117188 136.610000610352 136.399993896484 136.300003051758 136.270004272461 136.130004882812 136.029998779297 135.919998168945 135.789993286133 135.740005493164 135.880004882812 135.759994506836 135.410003662109 135.199996948242 135.029998779297 134.529998779297 134.210006713867
-9999 -9999 -9999 -9999 -9999 -9999 -9999 -9999 -9999 -9999 -9999 -9999 -9999 -9999 -9999 -9999 -9999 -9999 -9999 -9999 -9999 136.639999389648 136.649993896484 136.720001220703 136.779998779297 136.720001220703 136.789993286133 136.839996337891 136.759994506836 136.710006713867 136.759994506836 136.919998168945 137.039993286133 137.229995727539 137.339996337891 137.360000610352 137.240005493164 137.259994506836 137.330001831055 137.300003051758 137.360000610352 137.369995117188 137.210006713867 137.009994506836 136.759994506836 136.600006103516 136.610000610352 136.600006103516 136.5 136.309997558594 136.330001831055 136.300003051758 136.100006103516 136.050003051758 136.080001831055 135.910003662109 135.649993896484 135.479995727539 135.320007324219 135.130004882812 135.020004272461 134.839996337891 134.289993286133 134.149993896484
-9999 -9999 -9999 -9999 -9999 -9999 -9999 -9999 -9999 -9999 -9999 -9999 -9999 -9999 -9999 -9999 -9999 -9999 -9999 -9999 -9999 136.679992675781 136.679992675781 136.690002441406 136.660003662109 136.649993896484 136.729995727539 136.75 136.669998168945 136.550003051758 136.589996337891 136.789993286133 136.910003662109 137.020004272461 137.149993896484 137.130004882812 137.070007324219 137.149993896484 137.220001220703 137.25 137.259994506836 137.190002441406 137.039993286133 136.839996337891 136.619995117188 136.559997558594 136.550003051758 136.5 136.360000610352 136.300003051758 136.380004882812 136.279998779297 136.110000610352 136.169998168945 136.190002441406 136.009994506836 135.789993286133 135.529998779297 135.160003662109 134.820007324219 134.630004882812 134.419998168945 134.110000610352 134.050003051758
-9999 -9999 -9999 -9999 -9999 -9999 -9999 -9999 -9999 -9999 -9999 -9999 136.110000610352 136.179992675781 136.199996948242 136.179992675781 136.229995727539 136.25 -9999 -9999 -9999 -9999 -9999 -9999 -9999 -9999 -9999 -9999 -9999 -9999 136.509994506836 136.699996948242 136.830001831055 136.919998168945 136.990005493164 136.949996948242 136.990005493164 137.100006103516 137.119995117188 137.139999389648 137.199996948242 137.070007324219 136.860000610352 136.660003662109 136.509994506836 136.550003051758 136.619995117188 136.399993896484 136.220001220703 136.220001220703 136.309997558594 136.160003662109 136.089996337891 136.210006713867 136.190002441406 135.979995727539 135.789993286133 135.479995727539 135.279998779297 135.029998779297 134.570007324219 134.160003662109 133.990005493164 133.919998168945
-9999 -9999 -9999 -9999 -9999 -9999 -9999 -9999 -9999 -9999 -9999 -9999 136.050003051758 136.139999389648 136.169998168945 136.119995117188 136.199996948242 136.199996948242 -9999 -9999 -9999 -9999 -9999 -9999 -9999 -9999 -9999 -9999 -9999 -9999 136.460006713867 136.600006103516 136.729995727539 136.830001831055 136.850006103516 136.820007324219 136.979995727539 137.100006103516 137.110000610352 137.089996337891 136.990005493164 136.880004882812 136.699996948242 136.520004272461 136.470001220703 136.559997558594 136.550003051758 136.300003051758 136.130004882812 136.070007324219 136.110000610352 136.119995117188 136.220001220703 136.210006713867 136.050003051758 135.869995117188 135.630004882812 135.360000610352 135.220001220703 135.110000610352 134.539993286133 134.100006103516 133.979995727539 133.789993286133
-9999 -9999 -9999 -9999 -9999 -9999 -9999 -9999 -9999 -9999 -9999 -9999 135.960006713867 136.070007324219 136.050003051758 136 136.039993286133 136.059997558594 -9999 -9999 -9999 -9999 -9999 -9999 -9999 -9999 -9999 -9999 -9999 -9999 136.399993896484 136.5 136.619995117188 136.699996948242 136.699996948242 136.729995727539 136.960006713867 137.059997558594 137.130004882812 137.119995117188 136.929992675781 136.729995727539 136.630004882812 136.490005493164 136.440002441406 136.449996948242 136.380004882812 136.169998168945 136.029998779297 136.029998779297 136.009994506836 136.169998168945 136.369995117188 136.270004272461 135.929992675781 135.690002441406 135.440002441406 135.330001831055 135.220001220703 134.940002441406 134.369995117188 134.160003662109 134.059997558594 133.820007324219
-9999 -9999 -9999 -9999 -9999 -9999 -9999 -9999 -9999 -9999 -9999 -9999 -9999 -9999 -9999 -9999 -9999 -9999 136.110000610352 136.25 136.300003051758 136.369995117188 136.300003051758 136.320007324219 136.479995727539 136.440002441406 136.300003051758 -9999 -9999 -9999 -9999 -9999 -9999 -9999 -9999 -9999 -9999 -9999 -9999 137.020004272461 136.800003051758 136.550003051758 136.389999389648 136.339996337891 136.330001831055 136.300003051758 136.190002441406 136.100006103516 136.009994506836 136.009994506836 135.960006713867 136.179992675781 136.399993896484 136.190002441406 135.809997558594 135.509994506836 135.320007324219 135.399993896484 135.339996337891 134.789993286133 134.300003051758 134.220001220703 134 133.729995727539
-9999 -9999 -9999 -9999 -9999 -9999 -9999 -9999 -9999 -9999 -9999 -9999 -9999 -9999 -9999 -9999 -9999 -9999 136.100006103516 136.190002441406 136.210006713867 136.210006713867 136.139999389648 136.259994506836 136.389999389648 136.399993896484 136.240005493164 -9999 -9999 -9999 -9999 -9999 -9999 -9999 -9999 -9999 -9999 -9999 -9999 136.779998779297 136.630004882812 136.460006713867 136.289993286133 136.240005493164 136.25 136.190002441406 136.080001831055 136.029998779297 136.009994506836 136.039993286133 135.970001220703 136.059997558594 136.110000610352 135.960006713867 135.710006713867 135.389999389648 135.220001220703 135.289993286133 135.179992675781 134.589996337891 134.279998779297 134.119995117188 133.850006103516 133.509994506836
-9999 -9999 -9999 -9999 -9999 -9999 -9999 -9999 -9999 -9999 -9999 -9999 -9999 -9999 -9999 -9999 -9999 -9999 136.100006103516 136.149993896484 136.130004882812 136.029998779297 136.050003051758 136.179992675781 136.160003662109 136.130004882812 136.050003051758 -9999 -9999 -9999 -9999 -9999 -9999 -9999 -9999 -9999 -9999 -9999 -9999 136.630004882812 136.570007324219 136.559997558594 136.369995117188 136.380004882812 136.300003051758 136.110000610352 136.039993286133 135.990005493164 136.020004272461 136.029998779297 136.149993896484 136.220001220703 135.979995727539 135.779998779297 135.610000610352 135.399993896484 135.199996948242 135.020004272461 134.830001831055 134.470001220703 134.240005493164 133.860000610352 133.529998779297 133.240005493164
-9999 -9999 -9999 -9999 -9999 -9999 -9999 -9999 -9999 -9999 -9999 -9999 -9999 -9999 -9999 -9999 -9999 -9999 136.070007324219 136.100006103516 135.990005493164 135.880004882812 135.979995727539 136.020004272461 135.940002441406 135.889999389648 135.899993896484 136.020004272461 136.139999389648 136.240005493164 136.399993896484 136.539993286133 136.380004882812 136.380004882812 136.5 136.539993286133 -9999 -9999 -9999 -9999 -9999 -9999 -9999 -9999 -9999 136.070007324219 136.029998779297 136.050003051758 -9999 -9999 -9999 -9999 -9999 -9999 135.460006713867 135.350006103516 135.190002441406 134.940002441406 134.639999389648 134.490005493164 134.339996337891 133.880004882812 133.309997558594 133.009994506836
-9999 -9999 -9999 -9999 -9999 -9999 -9999 -9999 -9999 -9999 -9999 -9999 -9999 -9999 -9999 -9999 -9999 -9999 135.990005493164 135.990005493164 135.800003051758 135.789993286133 135.869995117188 135.770004272461 135.699996948242 135.720001220703 135.820007324219 135.949996948242 136.050003051758 136.149993896484 136.270004272461 136.350006103516 136.210006713867 136.350006103516 136.520004272461 136.539993286133 -9999 -9999 -9999 -9999 -9999 -9999 -9999 -9999 -9999 136.039993286133 136.059997558594 136.059997558594 -9999 -9999 -9999 -9999 -9999 -9999 135.339996337891 135.229995727539 135.059997558594 134.850006103516 134.559997558594 134.509994506836 134.389999389648 133.919998168945 133.25 132.929992675781
-9999 -9999 -9999 -9999 -9999 -9999 -9999 -9999 -9999 -9999 -9999 -9999 -9999 -9999 -9999 -9999 -9999 -9999 135.899993896484 135.800003051758 135.619995117188 135.729995727539 135.720001220703 135.570007324219 135.509994506836 135.600006103516 135.740005493164 135.860000610352 135.970001220703 136.050003051758 136.110000610352 136.080001831055 136.080001831055 136.360000610352 136.520004272461 136.479995727539 -9999 -9999 -9999 -9999 -9999 -9999 -9999 -9999 -9999 136.020004272461 136.020004272461 135.990005493164 -9999 -9999 -9999 -9999 -9999 -9999 135.270004272461 135.149993896484 134.970001220703 134.679992675781 134.479995727539 134.449996948242 134.330001831055 133.759994506836 133.169998168945 132.940002441406
-9999 -9999 -9999 -9999 -9999 -9999 -9999 -9999 -9999 -9999 -9999 -9999 136.070007324219 136.130004882812 135.880004882812 135.710006713867 135.690002441406 135.770004272461 135.759994506836 135.559997558594 135.520004272461 135.649993896484 135.570007324219 135.429992675781 135.429992675781 135.509994506836 135.610000610352 -9999 -9999 -9999 135.919998168945 135.839996337891 136.039993286133 136.350006103516 136.429992675781 136.380004882812 136.300003051758 136.139999389648 136.100006103516 136.139999389648 136.179992675781 136.270004272461 -9999 -9999 -9999 -9999 -9999 -9999 -9999 -9999 -9999 -9999 -9999 -9999 135.25 135.149993896484 134.850006103516 134.5 134.270004272461 134.130004882812 134.009994506836 133.5 133.110000610352 132.960006713867
-9999 -9999 -9999 -9999 -9999 -9999 -9999 -9999 -9999 -9999 -9999 -9999 136.070007324219 136.130004882812 135.880004882812 135.690002441406 135.669998168945 135.660003662109 135.550003051758 135.369995117188 135.490005493164 135.559997558594 135.410003662109 135.300003051758 135.320007324219 135.419998168945 135.5 -9999 -9999 -9999 135.710006713867 135.720001220703 136.020004272461 136.220001220703 136.289993286133 136.229995727539 136.059997558594 135.919998168945 135.979995727539 136.070007324219 136.149993896484 136.229995727539 -9999 -9999 -9999 -9999 -9999 -9999 -9999 -9999 -9999 -9999 -9999 -9999 135.309997558594 135.119995117188 134.639999389648 134.350006103516 134.050003051758 133.770004272461 133.589996337891 133.300003051758 133.070007324219 132.960006713867
-9999 -9999 -9999 -9999 -9999 -9999 -9999 -9999 -9999 -9999 -9999 -9999 136.059997558594 136.100006103516 135.860000610352 135.660003662109 135.660003662109 135.589996337891 135.360000610352 135.270004272461 135.479995727539 135.470001220703 135.279998779297 135.149993896484 135.190002441406 135.389999389648 135.490005493164 -9999 -9999 -9999 135.539993286133 135.710006713867 135.970001220703 136.029998779297 136.029998779297 135.910003662109 135.740005493164 135.720001220703 135.850006103516 135.990005493164 136.070007324219 136.160003662109 -9999 -9999 -9999 -9999 -9999 -9999 -9999 -9999 -9999 -9999 -9999 -9999 135.259994506836 134.929992675781 134.440002441406 134.279998779297 134 133.679992675781 133.429992675781 133.229995727539 133.070007324219 132.979995727539
-9999 -9999 -9999 -9999 -9999 -9999 -9999 -9999 -9999 -9999 -9999 -9999 135.970001220703 135.970001220703 135.770004272461 135.570007324219 135.559997558594 135.460006713867 135.210006713867 135.210006713867 135.360000610352 135.320007324219 135.119995117188 134.949996948242 135.029998779297 135.25 135.419998168945 135.509994506836 135.490005493164 135.389999389648 135.410003662109 135.710006713867 135.889999389648 135.789993286133 135.559997558594 135.539993286133 135.460006713867 135.539993286133 135.660003662109 135.889999389648 136.059997558594 136.020004272461 135.809997558594 135.899993896484 136.070007324219 135.899993896484 135.559997558594 135.419998168945 135.429992675781 135.490005493164 135.520004272461 -9999 -9999 -9999 -9999 -9999 -9999 -9999 -9999 -9999 -9999 -9999 -9999 133.080001831055
-9999 -9999 -9999 -9999 -9999 -9999 -9999 -9999 -9999 -9999 -9999 -9999 135.809997558594 135.729995727539 135.580001831055 135.429992675781 135.389999389648 135.229995727539 135.089996337891 135.179992675781 135.190002441406 135.080001831055 134.910003662109 134.710006713867 134.759994506836 134.979995727539 135.229995727539 135.380004882812 135.339996337891 135.229995727539 135.320007324219 135.529998779297 135.479995727539 135.360000610352 135.220001220703 135.179992675781 135.179992675781 135.320007324219 135.570007324219 135.850006103516 136 135.850006103516 135.770004272461 135.970001220703 135.990005493164 135.669998168945 135.380004882812 135.309997558594 135.360000610352 135.449996948242 135.550003051758 -9999 -9999 -9999 -9999 -9999 -9999 -9999 -9999 -9999 -9999 -9999 -9999 133.119995117188
-9999 -9999 -9999 -9999 -9999 -9999 -9999 -9999 -9999 -9999 -9999 -9999 135.850006103516 135.639999389648 135.429992675781 135.320007324219 135.210006713867 135.050003051758 135 135.089996337891 135.089996337891 134.949996948242 134.720001220703 134.600006103516 134.630004882812 134.789993286133 135.070007324219 135.149993896484 135.089996337891 135.080001831055 135.169998168945 135.210006713867 134.970001220703 134.809997558594 134.880004882812 134.949996948242 135.050003051758 135.25 135.509994506836 135.729995727539 135.820007324219 135.690002441406 135.800003051758 135.990005493164 135.850006103516 135.539993286133 135.350006103516 135.289993286133 135.330001831055 135.380004882812 135.419998168945 -9999 -9999 -9999 -9999 -9999 -9999 -9999 -9999 -9999 -9999 -9999 -9999 133.029998779297
-9999 -9999 -9999 137.610000610352 137.080001831055 136.919998168945 136.729995727539 136.580001831055 136.520004272461 -9999 -9999 -9999 -9999 -9999 -9999 135.399993896484 135.240005493164 135.039993286133 134.960006713867 134.889999389648 134.830001831055 134.770004272461 134.610000610352 134.529998779297 134.600006103516 134.729995727539 134.850006103516 134.960006713867 134.940002441406 134.970001220703 134.979995727539 134.860000610352 134.639999389648 134.589996337891 134.75 134.850006103516 134.990005493164 135.259994506836 135.520004272461 135.669998168945 135.639999389648 135.639999389648 135.800003051758 135.860000610352 135.690002441406 135.479995727539 135.350006103516 135.229995727539 135.25 135.25 135.169998168945 135.059997558594 135.029998779297 134.839996337891 134.490005493164 134.080001831055 133.639999389648 133.570007324219 133.440002441406 133.320007324219 -9999 -9999 -9999 -9999
