Inputs/dem_urban.asc
NCOLS 400 
NROWS 288 
XLLCORNER 341244.004906891 
YLLCORNER 4516825.80519417 
CELLSIZE 10 
NODATA_value -9999 
[rows 140 to 167 of 288, columns 124 to 185 of 400]
135.690002441406 135.179992675781 134.669998168945 135.020004272461 135.110000610352 135.190002441406 135.210006713867 -9999 -9999 -9999 134.559997558594 134.399993896484 134.380004882812 134.360000610352 134.440002441406 134.679992675781 134.830001831055 134.880004882812 134.979995727539 134.880004882812 134.679992675781 134.520004272461 134.330001831055 134.240005493164 134.25 134.169998168945 134.179992675781 134.029998779297 133.639999389648 133.710006713867 133.580001831055 133.589996337891 133.720001220703 133.979995727539 134.179992675781 134.279998779297 134.639999389648 134.990005493164 135.139999389648 135.539993286133 136.130004882812 136.119995117188 136.160003662109 136.270004272461 136.320007324219 136.479995727539 -9999 -9999 -9999 135.220001220703 134.25 133.589996337891 133.259994506836 133.149993896484 133.100006103516 132.869995117188 132.610000610352 132.419998168945 132.369995117188 132.25 132.050003051758 131.940002441406
135.690002441406 -9999 -9999 -9999 -9999 -9999 -9999 -9999 -9999 -9999 134.75 134.550003051758 134.429992675781 134.399993896484 134.429992675781 134.580001831055 134.710006713867 134.880004882812 135.020004272461 134.919998168945 134.630004882812 134.380004882812 134.229995727539 134.190002441406 134.229995727539 134.179992675781 134.169998168945 133.830001831055 133.649993896484 133.699996948242 133.589996337891 133.630004882812 133.800003051758 134.25 134.440002441406 134.509994506836 134.789993286133 135.080001831055 135.300003051758 135.690002441406 136.110000610352 136.119995117188 136.270004272461 136.440002441406 136.610000610352 136.729995727539 -9999 -9999 -9999 135.139999389648 134.259994506836 133.600006103516 133.270004272461 133.169998168945 133.039993286133 132.779998779297 132.529998779297 132.350006103516 132.289993286133 132.210006713867 132.039993286133 131.869995117188
135.800003051758 -9999 -9999 -9999 -9999 -9999 -9999 -9999 -9999 -9999 134.779998779297 134.669998168945 134.589996337891 134.600006103516 134.570007324219 134.550003051758 134.570007324219 134.699996948242 134.830001831055 134.800003051758 134.570007324219 134.339996337891 134.210006713867 134.149993896484 134.169998168945 134.160003662109 133.979995727539 133.649993896484 133.75 133.690002441406 133.669998168945 133.610000610352 133.860000610352 134.389999389648 134.559997558594 134.75 135 135.169998168945 135.360000610352 135.649993896484 135.929992675781 136.080001831055 136.320007324219 136.580001831055 136.850006103516 136.910003662109 -9999 -9999 -9999 134.889999389648 134.059997558594 133.570007324219 133.309997558594 133.160003662109 132.940002441406 132.699996948242 132.509994506836 132.350006103516 132.25 132.179992675781 132.029998779297 131.800003051758
135.720001220703 -9999 -9999 -9999 -9999 -9999 -9999 -9999 -9999 -9999 134.770004272461 134.660003662109 134.699996948242 134.75 134.580001831055 134.419998168945 134.399993896484 134.410003662109 134.440002441406 134.470001220703 134.440002441406 134.350006103516 134.229995727539 134.050003051758 133.940002441406 134 133.669998168945 133.729995727539 133.779998779297 133.789993286133 133.779998779297 133.690002441406 133.979995727539 134.479995727539 134.669998168945 135.050003051758 135.479995727539 135.660003662109 135.660003662109 135.919998168945 136.029998779297 136.130004882812 136.300003051758 136.479995727539 136.619995117188 136.660003662109 -9999 -9999 -9999 134.789993286133 134.020004272461 133.660003662109 133.440002441406 133.149993896484 132.869995117188 132.619995117188 132.529998779297 132.479995727539 132.389999389648 132.190002441406 132.050003051758 131.789993286133
135.919998168945 135.679992675781 135.440002441406 135.130004882812 -9999 -9999 -9999 -9999 -9999 -9999 134.809997558594 134.669998168945 134.690002441406 134.710006713867 134.490005493164 134.320007324219 134.320007324219 134.289993286133 134.240005493164 134.279998779297 134.380004882812 134.330001831055 134.220001220703 134 133.729995727539 133.880004882812 133.770004272461 133.910003662109 133.770004272461 133.800003051758 133.770004272461 133.800003051758 134.100006103516 134.509994506836 134.779998779297 135.220001220703 135.600006103516 135.850006103516 135.910003662109 136.320007324219 136.240005493164 136.300003051758 136.470001220703 136.619995117188 136.639999389648 136.600006103516 -9999 -9999 -9999 134.979995727539 134.270004272461 133.809997558594 133.470001220703 133.169998168945 132.899993896484 132.690002441406 132.690002441406 132.649993896484 132.479995727539 132.190002441406 132.059997558594 131.809997558594
136.029998779297 135.990005493164 135.869995117188 135.460006713867 -9999 -9999 -9999 -9999 -9999 -9999 134.910003662109 134.800003051758 134.729995727539 134.580001831055 134.389999389648 134.309997558594 134.300003051758 134.229995727539 134.210006713867 134.339996337891 134.449996948242 134.350006103516 134.240005493164 134.300003051758 134.300003051758 134.369995117188 134.119995117188 133.940002441406 133.809997558594 133.839996337891 133.820007324219 133.929992675781 134.229995727539 134.649993896484 134.910003662109 135.369995117188 135.639999389648 135.940002441406 136.110000610352 136.429992675781 136.309997558594 136.460006713867 136.639999389648 136.770004272461 136.779998779297 136.679992675781 -9999 -9999 -9999 134.789993286133 134.25 133.779998779297 133.399993896484 133.160003662109 132.960006713867 132.800003051758 132.800003051758 132.699996948242 132.449996948242 132.179992675781 131.940002441406 131.669998168945
136.080001831055 136.110000610352 136.139999389648 135.75 -9999 -9999 -9999 -9999 -9999 -9999 135.029998779297 134.979995727539 134.910003662109 134.600006103516 134.399993896484 134.449996948242 134.410003662109 134.330001831055 134.339996337891 134.449996948242 134.470001220703 134.339996337891 134.289993286133 134.429992675781 134.389999389648 134.240005493164 134.100006103516 133.970001220703 133.899993896484 133.940002441406 133.960006713867 134.149993896484 134.419998168945 134.759994506836 135.050003051758 135.559997558594 135.809997558594 136.089996337891 136.380004882812 136.570007324219 136.460006713867 136.600006103516 136.710006713867 136.759994506836 136.779998779297 136.669998168945 -9999 -9999 -9999 134.320007324219 133.940002441406 133.610000610352 133.309997558594 133.139999389648 132.990005493164 132.830001831055 132.759994506836 132.610000610352 132.369995117188 132.160003662109 131.850006103516 131.5
-9999 -9999 -9999 -9999 -9999 -9999 -9999 -9999 -9999 -9999 -9999 -9999 -9999 -9999 -9999 -9999 -9999 -9999 -9999 -9999 -9999 -9999 -9999 -9999 -9999 134.199996948242 134.139999389648 134 133.990005493164 134.009994506836 134.089996337891 134.369995117188 134.619995117188 134.839996337891 135.080001831055 135.550003051758 135.960006713867 136.339996337891 136.610000610352 136.660003662109 136.610000610352 136.779998779297 136.899993896484 -9999 -9999 -9999 -9999 -9999 -9999 134.169998168945 133.759994506836 133.479995727539 133.279998779297 133.149993896484 133.009994506836 132.759994506836 132.639999389648 132.490005493164 132.289993286133 132.119995117188 131.830001831055 131.440002441406
-9999 -9999 -9999 -9999 -9999 -9999 -9999 -9999 -9999 -9999 -9999 -9999 -9999 -9999 -9999 -9999 -9999 -9999 -9999 -9999 -9999 -9999 -9999 -9999 -9999 134.270004272461 134.199996948242 134.039993286133 134.110000610352 134.210006713867 134.289993286133 134.639999389648 134.850006103516 134.919998168945 135.179992675781 135.679992675781 136.160003662109 136.649993896484 136.820007324219 136.690002441406 136.710006713867 136.860000610352 136.960006713867 -9999 -9999 -9999 -9999 -9999 -9999 134.130004882812 133.679992675781 133.419998168945 133.25 132.979995727539 132.809997558594 132.619995117188 132.520004272461 132.419998168945 132.220001220703 132.070007324219 131.809997558594 131.419998168945
-9999 -9999 -9999 -9999 -9999 -9999 -9999 -9999 -9999 -9999 -9999 -9999 -9999 -9999 -9999 -9999 -9999 -9999 -9999 -9999 -9999 -9999 -9999 -9999 -9999 134.350006103516 134.229995727539 134.119995117188 134.210006713867 134.330001831055 134.460006713867 134.710006713867 134.919998168945 134.979995727539 135.300003051758 135.649993896484 135.899993896484 136.550003051758 136.899993896484 136.679992675781 136.720001220703 136.770004272461 136.830001831055 -9999 -9999 -9999 -9999 -9999 -9999 134.080001831055 133.669998168945 133.419998168945 133.210006713867 132.850006103516 132.610000610352 132.529998779297 132.479995727539 132.350006103516 132.130004882812 131.949996948242 131.690002441406 131.380004882812
135.830001831055 -9999 -9999 -9999 135.649993896484 135.610000610352 135.509994506836 135.399993896484 135.259994506836 135.380004882812 135.630004882812 135.440002441406 135.270004272461 135.110000610352 134.809997558594 134.759994506836 134.639999389648 134.389999389648 134.360000610352 134.399993896484 134.410003662109 134.410003662109 -9999 -9999 -9999 -9999 -9999 -9999 -9999 -9999 -9999 -9999 -9999 -9999 -9999 -9999 -9999 136.5 136.910003662109 136.669998168945 136.710006713867 136.75 136.720001220703 -9999 -9999 -9999 136.130004882812 135.309997558594 134.479995727539 134.070007324219 133.729995727539 133.429992675781 133.130004882812 132.860000610352 132.630004882812 132.529998779297 132.509994506836 132.270004272461 132.080001831055 131.830001831055 131.440002441406 131.169998168945
136.029998779297 -9999 -9999 -9999 135.740005493164 135.690002441406 135.580001831055 135.440002441406 135.270004272461 135.399993896484 135.529998779297 135.229995727539 134.990005493164 134.889999389648 134.720001220703 134.589996337891 134.410003662109 134.240005493164 134.240005493164 134.339996337891 134.399993896484 134.429992675781 -9999 -9999 -9999 -9999 -9999 -9999 -9999 -9999 -9999 -9999 -9999 -9999 -9999 -9999 -9999 136.509994506836 136.839996337891 136.669998168945 136.649993896484 136.660003662109 136.610000610352 -9999 -9999 -9999 135.919998168945 134.929992675781 134.339996337891 134.029998779297 133.75 133.449996948242 133.149993896484 132.820007324219 132.649993896484 132.600006103516 132.539993286133 132.190002441406 132.059997558594 131.809997558594 131.289993286133 130.880004882812
136.179992675781 -9999 -9999 -9999 135.800003051758 135.75 135.679992675781 135.479995727539 135.279998779297 135.320007324219 135.259994506836 134.910003662109 134.699996948242 134.630004882812 134.470001220703 134.240005493164 134.110000610352 134.110000610352 134.199996948242 134.339996337891 134.399993896484 134.460006713867 -9999 -9999 -9999 -9999 -9999 -9999 -9999 -9999 -9999 -9999 -9999 -9999 -9999 -9999 -9999 136.270004272461 136.509994506836 136.559997558594 136.520004272461 136.470001220703 136.429992675781 -9999 -9999 -9999 135.660003662109 134.679992675781 134.259994506836 133.949996948242 133.660003662109 133.440002441406 133.179992675781 132.740005493164 132.589996337891 132.630004882812 132.5 132.119995117188 131.990005493164 131.679992675781 131.149993896484 130.460006713867
-9999 -9999 -9999 -9999 -9999 -9999 -9999 135.509994506836 135.309997558594 135.300003051758 135.130004882812 134.75 134.539993286133 -9999 -9999 -9999 134.039993286133 134.130004882812 134.220001220703 134.399993896484 134.479995727539 134.429992675781 134.270004272461 134.190002441406 134.059997558594 133.940002441406 133.910003662109 133.949996948242 133.960006713867 134.130004882812 134.679992675781 135.039993286133 135.130004882812 135.399993896484 -9999 -9999 -9999 -9999 -9999 -9999 -9999 -9999 -9999 -9999 -9999 -9999 135.410003662109 134.639999389648 134.270004272461 133.910003662109 133.559997558594 133.389999389648 133.119995117188 132.75 132.600006103516 132.539993286133 132.330001831055 132.050003051758 131.860000610352 131.5 131.009994506836 -9999
-9999 -9999 -9999 -9999 -9999 -9999 -9999 135.5 135.350006103516 135.350006103516 135.070007324219 134.660003662109 134.399993896484 -9999 -9999 -9999 134.25 134.289993286133 134.320007324219 134.479995727539 134.520004272461 134.330001831055 134.110000610352 134.029998779297 133.919998168945 133.809997558594 133.800003051758 133.860000610352 133.929992675781 134.259994506836 134.919998168945 135.160003662109 135.259994506836 135.529998779297 -9999 -9999 -9999 -9999 -9999 -9999 -9999 -9999 -9999 -9999 -9999 -9999 135.179992675781 134.619995117188 134.25 133.850006103516 133.479995727539 133.320007324219 133.089996337891 132.839996337891 132.669998168945 132.490005493164 132.190002441406 131.990005493164 131.759994506836 131.320007324219 130.800003051758 -9999
-9999 -9999 -9999 -9999 -9999 -9999 -9999 135.419998168945 135.350006103516 135.350006103516 135.089996337891 134.800003051758 134.419998168945 -9999 -9999 -9999 134.539993286133 134.410003662109 134.490005493164 134.600006103516 134.470001220703 134.289993286133 134.070007324219 133.910003662109 133.800003051758 133.740005493164 133.800003051758 133.860000610352 134.050003051758 134.740005493164 135.309997558594 135.279998779297 135.389999389648 135.639999389648 -9999 -9999 -9999 -9999 -9999 -9999 -9999 -9999 -9999 -9999 -9999 -9999 135.020004272461 134.520004272461 134.089996337891 133.699996948242 133.380004882812 133.229995727539 133.070007324219 132.860000610352 132.690002441406 132.5 132.100006103516 131.960006713867 131.710006713867 131.199996948242 130.539993286133 -9999
136.199996948242 -9999 -9999 -9999 -9999 -9999 -9999 -9999 -9999 -9999 -9999 -9999 -9999 -9999 -9999 -9999 -9999 -9999 -9999 -9999 -9999 -9999 133.970001220703 133.850006103516 133.800003051758 133.740005493164 133.820007324219 133.919998168945 134.360000610352 135.130004882812 135.440002441406 135.330001831055 135.509994506836 135.779998779297 135.889999389648 136.149993896484 136.440002441406 136.529998779297 136.509994506836 136.440002441406 136.350006103516 136.25 136.160003662109 -9999 -9999 -9999 134.940002441406 134.449996948242 134.029998779297 133.619995117188 133.320007324219 133.130004882812 132.960006713867 132.779998779297 132.610000610352 132.389999389648 132.039993286133 131.940002441406 -9999 -9999 -9999 -9999
136.279998779297 -9999 -9999 -9999 -9999 -9999 -9999 -9999 -9999 -9999 -9999 -9999 -9999 -9999 -9999 -9999 -9999 -9999 -9999 -9999 -9999 -9999 134.029998779297 133.960006713867 133.869995117188 133.759994506836 133.820007324219 134.050003051758 134.600006103516 135.25 135.460006713867 135.380004882812 135.630004882812 135.919998168945 136.050003051758 136.240005493164 136.5 136.630004882812 136.649993896484 136.570007324219 136.470001220703 136.339996337891 136.199996948242 -9999 -9999 -9999 134.800003051758 134.410003662109 134.110000610352 133.710006713867 133.399993896484 133.130004882812 132.899993896484 132.710006713867 132.509994506836 132.25 132.009994506836 131.839996337891 -9999 -9999 -9999 -9999
136.220001220703 -9999 -9999 -9999 -9999 -9999 -9999 -9999 -9999 -9999 -9999 -9999 -9999 -9999 -9999 -9999 -9999 -9999 -9999 -9999 -9999 -9999 134.350006103516 134.25 133.960006713867 133.800003051758 133.880004882812 134.199996948242 134.800003051758 135.289993286133 135.419998168945 135.449996948242 135.740005493164 136.009994506836 136.160003662109 136.279998779297 136.589996337891 136.729995727539 136.740005493164 136.679992675781 136.580001831055 136.419998168945 136.240005493164 -9999 -9999 -9999 134.600006103516 134.320007324219 134.130004882812 133.850006103516 133.570007324219 133.119995117188 132.899993896484 132.75 132.550003051758 132.240005493164 132.029998779297 131.75 -9999 -9999 -9999 -9999
136.039993286133 135.839996337891 135.649993896484 135.470001220703 135.389999389648 135.410003662109 135.220001220703 134.990005493164 135.020004272461 135 134.839996337891 134.740005493164 134.669998168945 -9999 -9999 -9999 -9999 -9999 -9999 -9999 -9999 -9999 -9999 -9999 -9999 -9999 -9999 -9999 -9999 -9999 -9999 135.559997558594 135.839996337891 136.020004272461 136.190002441406 136.339996337891 136.720001220703 136.809997558594 136.759994506836 136.699996948242 136.660003662109 136.5 136.259994506836 -9999 -9999 -9999 134.5 134.279998779297 134.100006103516 133.970001220703 133.600006103516 132.910003662109 132.789993286133 132.710006713867 132.529998779297 132.229995727539 132.039993286133 131.669998168945 131.270004272461 131.110000610352 131.160003662109 -9999
135.789993286133 135.610000610352 135.410003662109 135.190002441406 135.089996337891 135.119995117188 134.979995727539 134.889999389648 134.910003662109 134.899993896484 134.860000610352 134.889999389648 134.919998168945 -9999 -9999 -9999 -9999 -9999 -9999 -9999 -9999 -9999 -9999 -9999 -9999 -9999 -9999 -9999 -9999 -9999 -9999 135.679992675781 135.940002441406 136.110000610352 136.360000610352 136.639999389648 136.869995117188 136.860000610352 136.720001220703 136.690002441406 136.699996948242 136.570007324219 136.259994506836 -9999 -9999 -9999 134.520004272461 134.279998779297 134.139999389648 134.050003051758 133.479995727539 132.789993286133 132.75 132.669998168945 132.449996948242 132.179992675781 132.009994506836 131.360000610352 130.610000610352 130.330001831055 130.080001831055 -9999
135.720001220703 135.479995727539 135.279998779297 135.089996337891 134.929992675781 134.860000610352 134.75 134.720001220703 134.690002441406 134.699996948242 134.839996337891 134.940002441406 134.970001220703 -9999 -9999 -9999 -9999 -9999 -9999 -9999 -9999 -9999 -9999 -9999 -9999 -9999 -9999 -9999 -9999 -9999 -9999 135.779998779297 136.070007324219 136.270004272461 136.589996337891 136.880004882812 136.929992675781 136.880004882812 136.669998168945 136.619995117188 136.649993896484 136.550003051758 136.240005493164 -9999 -9999 -9999 134.490005493164 134.220001220703 134.089996337891 134.029998779297 133.369995117188 132.889999389648 132.850006103516 132.710006713867 132.410003662109 132.169998168945 132.119995117188 131.449996948242 130.070007324219 129.399993896484 129.169998168945 -9999
136.009994506836 135.699996948242 135.399993896484 135.149993896484 134.910003662109 134.690002441406 134.550003051758 134.460006713867 134.429992675781 134.509994506836 134.729995727539 134.809997558594 134.800003051758 134.800003051758 134.839996337891 134.539993286133 133.880004882812 133.559997558594 133.809997558594 -9999 -9999 -9999 134.020004272461 134.160003662109 134.119995117188 134.369995117188 134.740005493164 135.080001831055 -9999 -9999 -9999 -9999 -9999 -9999 -9999 -9999 -9999 -9999 -9999 -9999 -9999 -9999 -9999 -9999 -9999 -9999 134.460006713867 134.199996948242 134.039993286133 133.910003662109 133.259994506836 132.889999389648 132.770004272461 132.630004882812 132.380004882812 132.160003662109 132.020004272461 131.160003662109 129.690002441406 129.100006103516 128.729995727539 -9999
136.289993286133 136.089996337891 135.830001831055 135.559997558594 135.210006713867 134.720001220703 134.410003662109 134.259994506836 134.25 134.360000610352 134.570007324219 134.639999389648 134.649993896484 134.800003051758 134.710006713867 133.960006713867 133.559997558594 133.559997558594 133.869995117188 -9999 -9999 -9999 133.880004882812 133.949996948242 133.990005493164 134.350006103516 134.860000610352 135.240005493164 -9999 -9999 -9999 -9999 -9999 -9999 -9999 -9999 -9999 -9999 -9999 -9999 -9999 -9999 -9999 -9999 -9999 -9999 134.470001220703 134.179992675781 133.979995727539 133.729995727539 133.149993896484 132.860000610352 132.699996948242 132.479995727539 132.289993286133 132 131.369995117188 129.740005493164 128.929992675781 128.850006103516 127.959999084473 -9999
136.25 136.070007324219 135.869995117188 135.690002441406 135.339996337891 134.759994506836 134.289993286133 134.130004882812 134.119995117188 134.229995727539 134.410003662109 134.520004272461 134.770004272461 134.979995727539 134.160003662109 133.619995117188 133.470001220703 133.619995117188 133.880004882812 -9999 -9999 -9999 133.910003662109 133.830001831055 133.940002441406 134.259994506836 134.740005493164 135.229995727539 -9999 -9999 -9999 -9999 -9999 -9999 -9999 -9999 -9999 -9999 -9999 -9999 -9999 -9999 -9999 -9999 -9999 -9999 134.440002441406 134.119995117188 133.869995117188 133.509994506836 133.050003051758 132.830001831055 132.699996948242 132.479995727539 132.190002441406 131.229995727539 129.820007324219 128.759994506836 128.449996948242 128.279998779297 126.669998168945 -9999
-9999 136.009994506836 135.830001831055 135.639999389648 -9999 -9999 -9999 134.139999389648 134.259994506836 134.389999389648 134.460006713867 134.699996948242 134.889999389648 -9999 -9999 -9999 -9999 -9999 -9999 134.029998779297 134.050003051758 134.059997558594 134 133.789993286133 133.889999389648 134.119995117188 134.539993286133 135.050003051758 135.309997558594 135.470001220703 135.929992675781 136.270004272461 136.5 136.740005493164 136.960006713867 136.970001220703 136.919998168945 136.910003662109 136.860000610352 136.679992675781 -9999 -9999 -9999 135.699996948242 135.179992675781 134.639999389648 134.259994506836 133.949996948242 133.710006713867 133.399993896484 133.050003051758 132.869995117188 132.729995727539 132.460006713867 132.089996337891 130.830001831055 129.300003051758 128.759994506836 -9999 -9999 -9999 -9999
-9999 135.949996948242 135.770004272461 135.589996337891 -9999 -9999 -9999 134.220001220703 134.389999389648 134.570007324219 134.910003662109 135 134.279998779297 -9999 -9999 -9999 -9999 -9999 -9999 133.960006713867 134 134.020004272461 133.940002441406 133.820007324219 134.009994506836 134.139999389648 134.479995727539 134.929992675781 135.240005493164 135.479995727539 136.020004272461 136.350006103516 136.529998779297 136.779998779297 137.029998779297 137.039993286133 137.059997558594 137.029998779297 137.020004272461 136.850006103516 -9999 -9999 -9999 135.550003051758 134.850006103516 134.470001220703 134.139999389648 133.789993286133 133.539993286133 133.300003051758 133.050003051758 132.889999389648 132.75 132.380004882812 132.009994506836 131.119995117188 129.639999389648 129 -9999 -9999 -9999 -9999
-9999 135.910003662109 135.720001220703 135.520004272461 -9999 -9999 -9999 134.360000610352 134.570007324219 135.059997558594 135.160003662109 134.360000610352 133.75 -9999 -9999 -9999 -9999 -9999 -9999 133.559997558594 133.690002441406 133.779998779297 133.789993286133 133.860000610352 134.089996337891 134.289993286133 134.639999389648 134.949996948242 135.240005493164 135.520004272461 136.059997558594 136.399993896484 136.570007324219 136.830001831055 137.149993896484 137.130004882812 137.169998168945 137.020004272461 136.919998168945 136.789993286133 -9999 -9999 -9999 135.539993286133 134.740005493164 134.460006713867 134.190002441406 133.809997558594 133.449996948242 133.160003662109 132.910003662109 132.710006713867 132.509994506836 132.190002441406 131.610000610352 130.410003662109 129.539993286133 129.070007324219 -9999 -9999 -9999 -9999
