Inputs/dem_urban.asc
NCOLS 400 
NROWS 288 
XLLCORNER 341244.004906891 
YLLCORNER 4516825.80519417 
CELLSIZE 10 
NODATA_value -9999 
[rows 168 to 195 of 288, columns 124 to 185 of 400]
136.089996337891 135.880004882812 135.679992675781 135.429992675781 135.080001831055 134.690002441406 134.440002441406 -9999 -9999 -9999 -9999 -9999 -9999 -9999 -9999 -9999 -9999 -9999 -9999 -9999 -9999 -9999 133.619995117188 133.809997558594 134.029998779297 134.369995117188 134.809997558594 135.039993286133 135.25 135.580001831055 136.110000610352 136.470001220703 136.690002441406 136.960006713867 137.25 137.190002441406 137.139999389648 136.910003662109 136.770004272461 136.669998168945 -9999 -9999 -9999 135.630004882812 135.020004272461 134.619995117188 134.220001220703 133.839996337891 133.529998779297 133.160003662109 132.869995117188 132.679992675781 132.330001831055 131.850006103516 131.009994506836 130.080001831055 129.559997558594 129.080001831055 -9999 -9999 -9999 -9999
136.029998779297 135.839996337891 135.639999389648 135.360000610352 135.020004272461 134.729995727539 134.910003662109 -9999 -9999 -9999 -9999 -9999 -9999 -9999 -9999 -9999 -9999 -9999 -9999 -9999 -9999 -9999 133.520004272461 133.690002441406 133.860000610352 134.320007324219 134.789993286133 135.089996337891 135.240005493164 135.649993896484 136.199996948242 136.580001831055 136.880004882812 137.110000610352 137.220001220703 137.169998168945 137.070007324219 136.850006103516 136.75 136.649993896484 -9999 -9999 -9999 135.589996337891 135.169998168945 134.779998779297 134.289993286133 133.839996337891 133.529998779297 133.070007324219 132.800003051758 132.649993896484 132.149993896484 131.25 130.529998779297 130.070007324219 129.529998779297 128.75 -9999 -9999 -9999 -9999
135.889999389648 135.740005493164 135.529998779297 135.229995727539 135.089996337891 135.5 135.699996948242 -9999 -9999 -9999 -9999 -9999 -9999 -9999 -9999 -9999 -9999 -9999 -9999 -9999 -9999 -9999 133.460006713867 133.539993286133 133.669998168945 134.130004882812 134.639999389648 135.070007324219 135.279998779297 135.710006713867 136.300003051758 136.679992675781 136.979995727539 137.160003662109 137.179992675781 137.110000610352 137.020004272461 136.880004882812 136.770004272461 136.639999389648 -9999 -9999 -9999 135 134.770004272461 134.610000610352 134.229995727539 133.820007324219 133.490005493164 133.009994506836 132.690002441406 132.389999389648 131.539993286133 130.570007324219 130.029998779297 129.660003662109 129.289993286133 128.100006103516 -9999 -9999 -9999 -9999
135.679992675781 135.550003051758 135.369995117188 135.479995727539 135.910003662109 135.729995727539 134.919998168945 -9999 -9999 -9999 -9999 -9999 -9999 -9999 -9999 -9999 -9999 -9999 -9999 -9999 -9999 -9999 133.419998168945 133.490005493164 133.589996337891 134 134.600006103516 135.089996337891 135.369995117188 135.800003051758 136.360000610352 136.720001220703 137 137.160003662109 137.199996948242 137.110000610352 137.009994506836 136.899993896484 136.789993286133 136.639999389648 -9999 -9999 -9999 134.789993286133 134.440002441406 134.240005493164 134.020004272461 133.800003051758 133.520004272461 133.020004272461 132.570007324219 131.990005493164 130.800003051758 130.210006713867 129.910003662109 129.529998779297 128.990005493164 127.129997253418 -9999 -9999 -9999 -9999
135.509994506836 135.589996337891 136 136.139999389648 135.509994506836 134.75 134.559997558594 -9999 -9999 -9999 -9999 -9999 -9999 -9999 -9999 -9999 -9999 -9999 -9999 -9999 -9999 -9999 133.389999389648 133.5 133.679992675781 134.080001831055 134.759994506836 135.210006713867 135.470001220703 135.940002441406 136.449996948242 136.759994506836 137.020004272461 137.179992675781 137.240005493164 137.179992675781 137.080001831055 136.960006713867 136.839996337891 136.669998168945 -9999 -9999 -9999 135.110000610352 134.520004272461 134.229995727539 133.990005493164 133.940002441406 133.869995117188 133.309997558594 132.369995117188 131.380004882812 130.320007324219 130.100006103516 129.949996948242 129.600006103516 128.449996948242 126.269996643066 -9999 -9999 -9999 -9999
136.190002441406 136.410003662109 135.929992675781 135.270004272461 134.899993896484 134.679992675781 134.550003051758 -9999 -9999 -9999 -9999 -9999 -9999 -9999 -9999 -9999 -9999 -9999 -9999 -9999 -9999 -9999 133.399993896484 133.589996337891 133.899993896484 134.330001831055 134.910003662109 135.289993286133 135.580001831055 136.100006103516 136.589996337891 136.860000610352 137.080001831055 137.229995727539 137.320007324219 137.320007324219 137.199996948242 137.070007324219 136.910003662109 136.679992675781 -9999 -9999 -9999 135.160003662109 134.460006713867 134.080001831055 133.860000610352 133.869995117188 133.860000610352 133.410003662109 132.119995117188 130.830001831055 130.089996337891 130.009994506836 129.880004882812 129.550003051758 127.5 125.830001831055 -9999 -9999 -9999 -9999
136.190002441406 135.5 135.149993896484 134.960006713867 134.869995117188 134.860000610352 134.639999389648 -9999 -9999 -9999 -9999 -9999 -9999 -9999 -9999 -9999 -9999 -9999 -9999 -9999 -9999 -9999 133.509994506836 133.839996337891 134.259994506836 134.639999389648 135.009994506836 135.330001831055 -9999 -9999 -9999 136.880004882812 137.110000610352 137.240005493164 137.350006103516 137.350006103516 137.240005493164 -9999 -9999 -9999 -9999 -9999 -9999 134.570007324219 134.220001220703 133.899993896484 133.75 133.639999389648 133.309997558594 132.770004272461 131.619995117188 130.410003662109 129.990005493164 129.979995727539 129.800003051758 -9999 -9999 -9999 -9999 -9999 -9999 -9999
135.330001831055 135.179992675781 135.070007324219 134.949996948242 134.850006103516 134.759994506836 134.639999389648 -9999 -9999 -9999 -9999 -9999 -9999 -9999 -9999 -9999 -9999 -9999 -9999 -9999 -9999 -9999 133.660003662109 134.130004882812 134.619995117188 134.910003662109 135.149993896484 135.449996948242 -9999 -9999 -9999 136.770004272461 137.029998779297 137.160003662109 137.289993286133 137.289993286133 137.229995727539 -9999 -9999 -9999 -9999 -9999 -9999 134.470001220703 134.110000610352 133.740005493164 133.75 133.639999389648 133.080001831055 132.460006713867 131.169998168945 130.050003051758 129.919998168945 129.850006103516 129.619995117188 -9999 -9999 -9999 -9999 -9999 -9999 -9999
135.360000610352 135.25 135.139999389648 135.059997558594 134.970001220703 134.839996337891 134.720001220703 -9999 -9999 -9999 -9999 -9999 -9999 -9999 -9999 -9999 -9999 -9999 -9999 -9999 -9999 -9999 133.830001831055 134.389999389648 134.869995117188 135.070007324219 135.300003051758 135.639999389648 -9999 -9999 -9999 136.789993286133 136.979995727539 137.119995117188 137.199996948242 137.190002441406 137.149993896484 -9999 -9999 -9999 -9999 -9999 -9999 134.410003662109 134.059997558594 133.649993896484 133.539993286133 133.279998779297 132.809997558594 132.080001831055 130.699996948242 129.869995117188 129.759994506836 129.539993286133 129.309997558594 -9999 -9999 -9999 -9999 -9999 -9999 -9999
-9999 135.25 135.199996948242 135.119995117188 -9999 -9999 -9999 134.539993286133 134.360000610352 134.270004272461 134.110000610352 133.919998168945 133.610000610352 133.25 133.270004272461 133.25 -9999 -9999 -9999 -9999 -9999 -9999 -9999 -9999 -9999 135.270004272461 135.419998168945 135.789993286133 136.179992675781 136.410003662109 136.600006103516 136.839996337891 137.070007324219 137.220001220703 137.300003051758 137.25 137.130004882812 -9999 -9999 -9999 136.369995117188 135.570007324219 134.820007324219 134.320007324219 133.869995117188 133.440002441406 133.149993896484 132.660003662109 132.149993896484 131.309997558594 130.229995727539 129.729995727539 129.649993896484 129.429992675781 128.860000610352 -9999 -9999 -9999 -9999 -9999 -9999 -9999
-9999 135.169998168945 135.190002441406 135.139999389648 -9999 -9999 -9999 134.559997558594 134.449996948242 134.429992675781 134.279998779297 134.089996337891 133.720001220703 133.240005493164 133.240005493164 133.210006713867 -9999 -9999 -9999 -9999 -9999 -9999 -9999 -9999 -9999 135.479995727539 135.520004272461 135.899993896484 136.169998168945 136.380004882812 136.589996337891 136.919998168945 137.190002441406 137.309997558594 137.309997558594 137.330001831055 137.289993286133 -9999 -9999 -9999 136.130004882812 135.339996337891 134.619995117188 134 133.490005493164 132.990005493164 132.529998779297 132.029998779297 131.479995727539 130.679992675781 129.889999389648 129.619995117188 129.559997558594 129.330001831055 128.259994506836 -9999 -9999 -9999 -9999 -9999 -9999 -9999
-9999 135.119995117188 135.089996337891 135.059997558594 -9999 -9999 -9999 134.550003051758 134.479995727539 134.429992675781 134.369995117188 134.289993286133 133.789993286133 133.210006713867 133.199996948242 133.210006713867 -9999 -9999 -9999 -9999 -9999 -9999 -9999 -9999 -9999 135.570007324219 135.619995117188 136.009994506836 136.240005493164 136.419998168945 136.660003662109 137.050003051758 137.309997558594 137.389999389648 137.300003051758 137.339996337891 137.350006103516 -9999 -9999 -9999 135.720001220703 135 134.460006713867 134.050003051758 133.5 132.889999389648 132.149993896484 131.419998168945 130.75 130.100006103516 129.570007324219 129.449996948242 129.380004882812 129.119995117188 127.550003051758 -9999 -9999 -9999 -9999 -9999 -9999 -9999
135.289993286133 135.130004882812 135.020004272461 135.009994506836 134.970001220703 134.779998779297 134.610000610352 134.550003051758 134.490005493164 134.410003662109 134.399993896484 134.350006103516 133.779998779297 -9999 -9999 -9999 -9999 -9999 -9999 133.350006103516 133.679992675781 134.100006103516 134.820007324219 135.410003662109 135.529998779297 135.580001831055 135.75 136.070007324219 136.300003051758 136.509994506836 136.759994506836 137.149993896484 137.369995117188 137.419998168945 137.350006103516 137.350006103516 137.330001831055 -9999 -9999 -9999 135.660003662109 134.919998168945 134.440002441406 134.089996337891 133.589996337891 132.940002441406 132.039993286133 131.110000610352 130.279998779297 -9999 -9999 -9999 -9999 -9999 -9999 -9999 -9999 -9999 -9999 -9999 -9999 -9999
135.339996337891 135.160003662109 134.940002441406 134.919998168945 134.919998168945 134.830001831055 134.690002441406 134.550003051758 134.410003662109 134.270004272461 134.240005493164 134.190002441406 133.740005493164 -9999 -9999 -9999 -9999 -9999 -9999 133.539993286133 133.779998779297 134.240005493164 134.949996948242 135.419998168945 135.520004272461 135.600006103516 135.869995117188 136.220001220703 136.369995117188 136.539993286133 136.830001831055 137.229995727539 137.460006713867 137.479995727539 137.429992675781 137.419998168945 137.360000610352 -9999 -9999 -9999 135.479995727539 134.830001831055 134.380004882812 133.960006713867 133.460006713867 132.660003662109 131.830001831055 130.729995727539 129.770004272461 -9999 -9999 -9999 -9999 -9999 -9999 -9999 -9999 -9999 -9999 -9999 -9999 -9999
135.320007324219 135.139999389648 134.869995117188 134.850006103516 134.869995117188 134.830001831055 134.690002441406 134.460006713867 134.229995727539 134.029998779297 133.949996948242 133.949996948242 133.75 -9999 -9999 -9999 -9999 -9999 -9999 133.649993896484 133.929992675781 134.460006713867 135.139999389648 135.460006713867 135.559997558594 135.649993896484 135.940002441406 136.380004882812 136.600006103516 136.690002441406 136.970001220703 137.309997558594 137.559997558594 137.550003051758 137.539993286133 137.520004272461 137.389999389648 -9999 -9999 -9999 135.25 134.669998168945 134.240005493164 133.770004272461 133.289993286133 132.389999389648 131.529998779297 130.289993286133 129.429992675781 -9999 -9999 -9999 -9999 -9999 -9999 -9999 -9999 -9999 -9999 -9999 -9999 -9999
135.270004272461 -9999 -9999 -9999 -9999 -9999 -9999 -9999 -9999 -9999 -9999 -9999 -9999 -9999 -9999 -9999 -9999 -9999 -9999 -9999 -9999 -9999 135.210006713867 135.470001220703 135.570007324219 135.690002441406 135.949996948242 136.320007324219 136.589996337891 136.779998779297 137.130004882812 137.369995117188 137.610000610352 137.720001220703 137.669998168945 137.600006103516 137.470001220703 -9999 -9999 -9999 135.080001831055 134.520004272461 134.070007324219 133.539993286133 133.139999389648 132.050003051758 130.910003662109 129.729995727539 129.229995727539 -9999 -9999 -9999 -9999 -9999 -9999 -9999 -9999 -9999 -9999 -9999 -9999 -9999
135.259994506836 -9999 -9999 -9999 -9999 -9999 -9999 -9999 -9999 -9999 -9999 -9999 -9999 -9999 -9999 -9999 -9999 -9999 -9999 -9999 -9999 -9999 135.229995727539 135.460006713867 135.529998779297 135.710006713867 136.029998779297 136.330001831055 136.559997558594 136.860000610352 137.190002441406 137.360000610352 137.429992675781 137.539993286133 137.699996948242 137.600006103516 137.429992675781 -9999 -9999 -9999 135.059997558594 134.389999389648 133.809997558594 133.259994506836 132.839996337891 131.729995727539 130.589996337891 129.350006103516 129 -9999 -9999 -9999 -9999 -9999 -9999 -9999 -9999 -9999 -9999 -9999 -9999 -9999
135.160003662109 -9999 -9999 -9999 -9999 -9999 -9999 -9999 -9999 -9999 -9999 -9999 -9999 -9999 -9999 -9999 -9999 -9999 -9999 -9999 -9999 -9999 135.130004882812 135.369995117188 135.479995727539 135.770004272461 136.210006713867 136.5 136.660003662109 136.940002441406 137.210006713867 137.360000610352 137.380004882812 137.660003662109 137.899993896484 137.710006713867 137.399993896484 -9999 -9999 -9999 134.940002441406 134.220001220703 133.520004272461 133 132.240005493164 131.350006103516 130.589996337891 129.289993286133 128.850006103516 -9999 -9999 -9999 -9999 -9999 -9999 -9999 -9999 -9999 -9999 -9999 -9999 -9999
-9999 -9999 -9999 -9999 134.369995117188 134.190002441406 133.940002441406 133.649993896484 133.520004272461 133.589996337891 133.679992675781 133.649993896484 133.559997558594 133.490005493164 133.449996948242 133.539993286133 133.820007324219 133.979995727539 134.039993286133 -9999 -9999 -9999 -9999 -9999 -9999 -9999 -9999 -9999 -9999 -9999 -9999 -9999 -9999 -9999 -9999 -9999 -9999 -9999 -9999 -9999 134.759994506836 134.009994506836 133.270004272461 132.800003051758 131.949996948242 130.899993896484 129.880004882812 129.050003051758 128.779998779297 -9999 -9999 -9999 -9999 -9999 -9999 -9999 -9999 -9999 -9999 -9999 -9999 -9999
-9999 -9999 -9999 -9999 134.220001220703 134.070007324219 133.809997558594 133.5 133.399993896484 133.580001831055 133.710006713867 133.720001220703 133.630004882812 133.539993286133 133.479995727539 133.399993896484 133.520004272461 133.830001831055 133.949996948242 -9999 -9999 -9999 -9999 -9999 -9999 -9999 -9999 -9999 -9999 -9999 -9999 -9999 -9999 -9999 -9999 -9999 -9999 -9999 -9999 -9999 134.479995727539 133.690002441406 132.979995727539 132.639999389648 131.919998168945 130.479995727539 129.259994506836 128.880004882812 128.740005493164 -9999 -9999 -9999 -9999 -9999 -9999 -9999 -9999 -9999 -9999 -9999 -9999 -9999
-9999 -9999 -9999 -9999 134.199996948242 134.050003051758 133.75 133.429992675781 133.330001831055 133.589996337891 133.800003051758 133.830001831055 133.789993286133 133.740005493164 133.639999389648 133.440002441406 133.350006103516 133.699996948242 133.899993896484 -9999 -9999 -9999 -9999 -9999 -9999 -9999 -9999 -9999 -9999 -9999 -9999 -9999 -9999 -9999 -9999 -9999 -9999 -9999 -9999 -9999 134.139999389648 133.229995727539 132.619995117188 132.020004272461 130.830001831055 129.850006103516 129.160003662109 128.949996948242 128.759994506836 -9999 -9999 -9999 -9999 -9999 -9999 -9999 -9999 -9999 -9999 -9999 -9999 -9999
134.949996948242 134.679992675781 134.399993896484 134.210006713867 -9999 -9999 -9999 133.369995117188 133.270004272461 133.559997558594 133.830001831055 133.899993896484 133.899993896484 133.860000610352 133.759994506836 133.5 133.339996337891 133.630004882812 133.929992675781 134.350006103516 134.820007324219 135.149993896484 135.270004272461 135.380004882812 135.630004882812 136.059997558594 136.309997558594 136.690002441406 137.029998779297 137.279998779297 137.520004272461 -9999 -9999 -9999 -9999 -9999 -9999 137.029998779297 135.940002441406 134.830001831055 133.75 132.770004272461 132.179992675781 131.190002441406 130.009994506836 129.679992675781 129.410003662109 129.050003051758 128.789993286133 -9999 -9999 -9999 -9999 -9999 -9999 -9999 -9999 -9999 -9999 -9999 -9999 -9999
134.869995117188 134.610000610352 134.309997558594 134.100006103516 -9999 -9999 -9999 133.360000610352 133.300003051758 133.520004272461 133.789993286133 133.899993896484 133.850006103516 133.75 133.660003662109 133.479995727539 133.309997558594 133.630004882812 133.990005493164 134.320007324219 134.759994506836 135.070007324219 135.25 135.350006103516 135.649993896484 135.910003662109 136.289993286133 136.740005493164 137.139999389648 137.429992675781 137.690002441406 -9999 -9999 -9999 -9999 -9999 -9999 136.809997558594 135.610000610352 134.460006713867 133.350006103516 132.339996337891 131.580001831055 130.600006103516 129.820007324219 129.720001220703 129.520004272461 129.039993286133 128.820007324219 -9999 -9999 -9999 -9999 -9999 -9999 -9999 -9999 -9999 -9999 -9999 -9999 -9999
134.690002441406 134.470001220703 134.240005493164 134.070007324219 -9999 -9999 -9999 133.410003662109 133.380004882812 133.479995727539 133.720001220703 133.830001831055 133.740005493164 133.669998168945 133.649993896484 133.570007324219 133.449996948242 133.660003662109 134.059997558594 134.320007324219 134.699996948242 134.929992675781 135.169998168945 135.320007324219 135.570007324219 135.869995117188 136.300003051758 136.820007324219 137.410003662109 137.630004882812 137.800003051758 -9999 -9999 -9999 -9999 -9999 -9999 136.570007324219 135.369995117188 134.100006103516 132.960006713867 131.949996948242 131.050003051758 130.25 129.710006713867 129.520004272461 129.309997558594 128.990005493164 128.850006103516 -9999 -9999 -9999 -9999 -9999 -9999 -9999 -9999 -9999 -9999 -9999 -9999 -9999
134.559997558594 134.369995117188 134.220001220703 134.119995117188 134.059997558594 133.869995117188 133.589996337891 133.470001220703 133.399993896484 133.399993896484 133.529998779297 133.610000610352 133.639999389648 133.710006713867 133.759994506836 133.729995727539 -9999 -9999 -9999 134.259994506836 134.910003662109 135.160003662109 135.169998168945 135.300003051758 135.520004272461 135.869995117188 136.300003051758 136.889999389648 137.589996337891 137.720001220703 137.839996337891 137.889999389648 137.940002441406 137.889999389648 -9999 -9999 -9999 136.270004272461 135.179992675781 133.679992675781 132.470001220703 131.429992675781 130.309997558594 129.669998168945 129.440002441406 129.339996337891 -9999 -9999 -9999 -9999 -9999 -9999 -9999 -9999 -9999 -9999 -9999 -9999 -9999 -9999 -9999 -9999
134.529998779297 134.339996337891 134.199996948242 134.119995117188 134.059997558594 133.899993896484 133.580001831055 133.440002441406 133.350006103516 133.309997558594 133.389999389648 133.509994506836 133.619995117188 133.759994506836 133.820007324219 133.830001831055 -9999 -9999 -9999 134.160003662109 134.820007324219 135.130004882812 135.110000610352 135.380004882812 135.669998168945 135.990005493164 136.419998168945 137.080001831055 137.669998168945 137.820007324219 137.899993896484 137.910003662109 137.949996948242 137.940002441406 -9999 -9999 -9999 135.809997558594 134.949996948242 133.320007324219 131.979995727539 130.820007324219 129.490005493164 128.979995727539 129.029998779297 129.149993896484 -9999 -9999 -9999 -9999 -9999 -9999 -9999 -9999 -9999 -9999 -9999 -9999 -9999 -9999 -9999 -9999
134.550003051758 134.360000610352 134.220001220703 134.139999389648 134.039993286133 133.839996337891 133.479995727539 133.360000610352 133.300003051758 133.289993286133 133.460006713867 133.589996337891 133.630004882812 133.740005493164 133.860000610352 133.860000610352 -9999 -9999 -9999 134.190002441406 134.770004272461 135 135.059997558594 135.389999389648 135.729995727539 136.070007324219 136.589996337891 137.259994506836 137.669998168945 137.869995117188 137.990005493164 137.979995727539 137.979995727539 137.929992675781 -9999 -9999 -9999 135.270004272461 134.360000610352 132.839996337891 131.479995727539 130.220001220703 129 128.679992675781 128.830001831055 128.919998168945 -9999 -9999 -9999 -9999 -9999 -9999 -9999 -9999 -9999 -9999 -9999 -9999 -9999 -9999 -9999 -9999
-9999 -9999 -9999 -9999 -9999 -9999 -9999 133.350006103516 133.309997558594 133.339996337891 133.630004882812 133.770004272461 133.729995727539 133.779998779297 133.899993896484 133.830001831055 -9999 -9999 -9999 134.309997558594 134.789993286133 134.869995117188 135.110000610352 135.419998168945 135.690002441406 136.050003051758 136.679992675781 137.320007324219 137.639999389648 137.899993896484 138.050003051758 -9999 -9999 -9999 -9999 -9999 -9999 134.75 133.490005493164 132.160003662109 130.929992675781 129.639999389648 128.770004272461 128.649993896484 128.830001831055 128.809997558594 -9999 -9999 -9999 -9999 -9999 -9999 -9999 -9999 -9999 -9999 -9999 -9999 -9999 -9999 -9999 -9999
