LISFLOOD/results/run1.inittm
ncols         134
nrows         96
xllcorner     341244.004907
yllcorner     4516825.805194
cellsize      30.000000
NODATA_value  -9999.000000
[rows 0 to 28 of 96, columns 65 to 129 of 134]
-9999.000 -9999.000 -9999.000 -9999.000 -9999.000 -9999.000 -9999.000 -9999.000 -9999.000 -9999.000 -9999.000 -9999.000 -9999.000 -9999.000 -9999.000 -9999.000 -9999.000 -9999.000 -9999.000 -9999.000 -9999.000 -9999.000 -9999.000 -9999.000 -9999.000 -9999.000 -9999.000 -9999.000 -9999.000 -9999.000 -9999.000 -9999.000 -9999.000 -9999.000 -9999.000 -9999.000 -9999.000 -9999.000 -9999.000 -9999.000 -9999.000 -9999.000 -9999.000 -9999.000 -9999.000 -9999.000 -9999.000 -9999.000 -9999.000 -9999.000 -9999.000 -9999.000 -9999.000 -9999.000 -9999.000 -9999.000 -9999.000 -9999.000 -9999.000 -9999.000 -9999.000 -9999.000 -9999.000 -9999.000 -9999.000
-9999.000 -9999.000 -9999.000 -9999.000 -9999.000 -9999.000 -9999.000 -9999.000 -9999.000 -9999.000 -9999.000 -9999.000 -9999.000 -9999.000 -9999.000 -9999.000 -9999.000 -9999.000 -9999.000 -9999.000 -9999.000 -9999.000 -9999.000 -9999.000 -9999.000 -9999.000 -9999.000 -9999.000 -9999.000 -9999.000 -9999.000 -9999.000 -9999.000 -9999.000 -9999.000 -9999.000 -9999.000 -9999.000 -9999.000 -9999.000 -9999.000 -9999.000 -9999.000 -9999.000 -9999.000 -9999.000 -9999.000 -9999.000 -9999.000 -9999.000 -9999.000 -9999.000 -9999.000 -9999.000 -9999.000 -9999.000 -9999.000 -9999.000 -9999.000 -9999.000 -9999.000 -9999.000 -9999.000 -9999.000 -9999.000
-9999.000 -9999.000 -9999.000 -9999.000 -9999.000 -9999.000 -9999.000 -9999.000 -9999.000 -9999.000 -9999.000 -9999.000 -9999.000 -9999.000 -9999.000 -9999.000 -9999.000 -9999.000 -9999.000 -9999.000 -9999.000 -9999.000 -9999.000 -9999.000 -9999.000 -9999.000 -9999.000 -9999.000 -9999.000 -9999.000 -9999.000 -9999.000 -9999.000 -9999.000 -9999.000 -9999.000 -9999.000 -9999.000 -9999.000 -9999.000 -9999.000 -9999.000 -9999.000 -9999.000 -9999.000 -9999.000 -9999.000 -9999.000 -9999.000 -9999.000 -9999.000 -9999.000 -9999.000 -9999.000 -9999.000 -9999.000 -9999.000 -9999.000 -9999.000 -9999.000 -9999.000 -9999.000 -9999.000 -9999.000 -9999.000
6.638 6.446 6.182 6.154 6.134 6.085 5.443 5.194 5.406 17.880 9.399 5.418 2.818 2.342 2.347 2.329 2.230 2.194 2.159 1.906 1.874 1.952 1.647 1.449 1.378 1.358 1.342 1.181 0.991 1.052 0.715 0.696 0.675 0.584 0.184 0.176 0.095 0.080 0.071 0.063 0.056 -9999.000 -9999.000 -9999.000 -9999.000 -9999.000 -9999.000 -9999.000 -9999.000 -9999.000 -9999.000 -9999.000 -9999.000 -9999.000 -9999.000 -9999.000 -9999.000 -9999.000 -9999.000 -9999.000 -9999.000 -9999.000 -9999.000 -9999.000 -9999.000
13.460 6.813 6.211 6.171 6.125 5.231 5.041 5.183 8.645 12.187 8.890 5.052 2.921 2.323 2.359 2.344 2.261 2.230 2.193 1.994 1.722 1.727 1.529 1.461 1.438 1.414 1.396 1.141 0.946 1.318 0.703 0.696 0.681 0.282 0.208 0.199 0.088 0.072 0.063 0.055 0.048 0.041 0.036 0.032 0.029 0.031 0.036 0.031 0.199 0.322 0.284 0.104 0.046 0.052 0.068 0.103 0.110 0.118 0.129 0.142 0.156 0.173 0.189 0.222 0.387
-9999.000 10.159 7.194 6.349 5.136 4.734 5.029 6.567 9.509 9.646 7.354 4.589 2.745 2.281 2.376 2.412 2.214 2.179 2.138 1.883 1.614 1.583 1.524 1.500 1.456 1.435 1.476 1.079 0.932 0.918 0.683 0.683 0.381 0.249 0.241 0.182 0.077 0.065 0.056 0.047 0.040 0.034 0.028 0.024 0.021 0.022 0.028 0.024 0.182 0.183 0.089 0.033 0.039 0.056 0.111 0.119 0.118 0.126 0.137 0.147 0.161 0.175 0.192 0.231 0.590
-9999.000 13.622 10.599 7.301 5.073 4.712 5.068 6.077 7.735 7.807 5.951 4.032 2.568 2.221 2.346 2.332 2.178 2.138 2.080 1.797 1.648 1.577 1.551 1.594 1.427 1.406 1.574 0.987 0.968 0.727 0.661 0.712 0.237 0.242 0.254 0.136 0.068 0.058 0.049 0.041 0.033 0.027 0.022 0.018 0.014 0.013 0.022 0.014 0.098 0.071 0.024 0.026 0.037 0.096 0.113 0.122 0.127 0.135 0.144 0.155 0.166 0.180 0.193 0.365 0.696
-9999.000 -9999.000 14.323 8.463 4.463 4.362 4.784 4.661 6.134 4.989 4.227 3.021 2.342 2.177 2.329 2.327 2.189 2.152 2.012 1.778 1.679 1.603 1.623 1.491 1.384 1.376 1.515 0.959 1.225 0.724 0.599 0.287 0.201 0.193 0.212 0.082 0.063 0.052 0.043 0.035 0.028 0.022 0.017 0.013 0.009 0.008 0.015 0.008 0.031 0.018 0.016 0.021 0.066 0.132 0.132 0.132 0.136 0.144 0.153 0.162 0.172 0.182 0.199 0.557 0.760
-9999.000 -9999.000 12.290 8.412 4.720 4.258 4.232 4.466 4.951 4.078 3.596 2.553 2.148 2.159 2.296 2.215 2.100 2.051 1.878 1.783 1.665 1.633 1.615 1.386 1.366 1.351 1.326 0.943 0.928 0.755 0.498 0.210 0.189 0.181 0.094 0.069 0.058 0.047 0.038 0.030 0.023 0.017 0.013 0.009 0.006 0.004 0.009 0.004 0.007 0.008 0.012 0.027 0.121 0.132 0.141 0.137 0.130 0.139 0.149 0.159 0.169 0.180 0.284 0.691 0.869
-9999.000 -9999.000 12.178 6.576 4.704 4.253 4.099 4.218 4.168 3.461 3.083 2.209 2.093 2.149 2.443 2.159 2.052 1.919 1.787 1.712 1.677 1.665 1.464 1.382 1.372 1.439 0.967 1.069 0.785 0.663 0.265 0.223 0.322 0.395 0.087 0.064 0.053 0.043 0.034 0.026 0.019 0.013 0.009 0.006 0.003 0.002 0.001 0.002 0.003 0.006 0.009 0.058 0.132 0.156 0.152 0.111 0.118 0.127 0.137 0.148 0.160 0.172 0.422 0.732 1.001
-9999.000 -9999.000 10.743 7.130 4.866 4.441 4.068 4.033 3.716 3.071 2.551 2.043 2.064 2.102 2.180 2.141 1.951 1.802 1.738 1.693 1.672 1.599 1.369 1.352 1.342 1.655 0.901 1.143 0.749 0.418 0.273 0.299 0.547 0.339 0.070 0.059 0.048 0.039 0.031 0.023 0.016 0.011 0.006 0.003 0.001 0.001 0.001 0.001 0.001 0.003 0.017 0.092 0.106 0.119 0.117 0.098 0.107 0.116 0.127 0.138 0.150 0.177 0.585 0.727 1.160
-9999.000 -9999.000 10.602 6.682 5.369 4.602 4.048 3.978 3.312 2.993 2.251 1.967 2.042 2.019 1.890 1.854 1.787 1.767 1.747 1.736 1.782 1.389 1.360 1.333 1.316 1.164 0.888 0.836 0.676 0.309 0.302 0.627 0.622 0.228 0.068 0.057 0.047 0.038 0.029 0.022 0.016 0.011 0.007 0.004 0.002 0.001 0.001 0.001 0.002 0.006 0.041 0.078 0.088 0.096 0.081 0.088 0.096 0.107 0.117 0.129 0.142 0.242 0.676 0.707 1.385
-9999.000 -9999.000 11.169 6.243 5.799 5.153 4.327 3.898 3.106 2.536 1.966 1.941 2.729 1.872 1.843 1.820 1.780 1.758 1.755 1.708 1.521 1.397 1.379 1.367 1.814 0.929 1.119 0.759 0.424 0.318 0.571 0.628 0.609 0.148 0.068 0.057 0.047 0.038 0.030 0.023 0.017 0.012 0.008 0.004 0.002 0.001 0.001 0.001 0.002 0.017 0.046 0.052 0.060 0.067 0.071 0.079 0.088 0.098 0.109 0.122 0.136 0.339 0.670 0.737 1.635
-9999.000 -9999.000 15.514 6.806 6.144 4.972 4.424 4.383 3.784 2.222 1.930 1.919 1.952 1.861 1.836 1.798 1.738 1.668 1.606 1.474 1.457 1.382 1.361 1.343 1.258 0.911 0.898 0.721 0.410 0.401 0.643 0.622 0.462 0.092 0.069 0.058 0.048 0.039 0.032 0.024 0.018 0.013 0.009 0.004 0.002 0.001 0.001 0.001 0.002 0.034 0.038 0.043 0.048 0.053 0.062 0.071 0.081 0.091 0.103 0.117 0.129 0.448 0.640 0.799 1.931
-9999.000 -9999.000 11.841 7.489 6.321 4.927 4.547 4.166 3.428 2.011 1.914 1.900 1.879 1.826 1.793 1.724 1.680 1.631 1.579 1.565 1.594 1.524 1.573 1.763 0.997 1.093 0.819 0.528 0.442 0.659 0.674 0.663 0.369 0.082 0.070 0.059 0.050 0.041 0.033 0.026 0.020 0.014 0.009 0.004 0.002 0.001 0.001 0.001 0.020 0.036 0.039 0.044 0.048 0.053 0.061 0.069 0.078 0.089 0.101 0.113 0.151 0.568 0.617 0.789 2.329
-9999.000 -9999.000 8.542 8.034 5.887 4.967 4.613 3.803 2.358 1.936 1.917 1.906 1.827 1.796 1.738 1.720 1.697 1.641 1.637 1.641 1.592 1.563 1.541 1.193 0.899 1.113 0.682 0.475 0.465 0.659 0.646 0.622 0.230 0.083 0.072 0.061 0.052 0.043 0.035 0.028 0.021 0.015 0.009 0.004 0.002 0.001 0.001 0.001 0.036 0.038 0.042 0.046 0.049 0.054 0.061 0.069 0.078 0.088 0.100 0.112 0.256 0.589 0.602 0.838 3.184
-9999.000 12.944 8.592 7.370 5.131 4.896 4.762 4.276 2.139 1.920 1.903 1.884 1.796 1.776 1.749 1.734 1.702 1.661 1.686 1.677 1.614 1.646 1.614 0.901 0.887 0.783 0.511 0.536 0.474 0.650 0.638 0.565 0.177 0.086 0.074 0.064 0.054 0.046 0.037 0.029 0.022 0.015 0.009 0.004 0.002 0.001 0.001 0.028 0.039 0.042 0.048 0.049 0.053 0.058 0.064 0.071 0.079 0.089 0.099 0.111 0.348 0.559 0.581 0.903 -9999.000
-9999.000 9.675 8.176 6.632 5.279 5.145 4.800 4.159 2.062 1.937 1.921 1.900 1.806 1.774 1.754 1.735 1.708 1.676 1.658 1.610 1.598 1.692 1.199 0.916 1.196 0.743 0.496 0.504 0.488 0.633 0.617 0.528 0.112 0.088 0.077 0.067 0.057 0.048 0.039 0.031 0.023 0.015 0.009 0.004 0.002 0.001 0.001 0.042 0.042 0.045 0.049 0.052 0.056 0.061 0.066 0.073 0.081 0.090 0.101 0.116 0.433 0.511 0.564 0.972 -9999.000
-9999.000 9.366 7.183 6.373 5.346 5.156 5.092 2.907 1.941 1.919 1.909 1.885 1.816 1.768 1.752 1.731 1.699 1.659 1.620 1.594 1.576 1.545 0.946 0.932 0.919 0.732 0.485 0.448 0.588 0.632 0.612 0.422 0.104 0.092 0.081 0.071 0.061 0.052 0.043 0.034 0.024 0.016 0.009 0.004 0.002 0.001 0.001 0.046 0.046 0.049 0.052 0.054 0.059 0.063 0.069 0.076 0.084 0.093 0.102 0.126 0.466 0.484 0.570 1.065 -9999.000
15.709 10.226 6.430 5.627 5.294 5.233 4.153 2.329 1.903 1.883 1.869 1.856 1.817 1.800 1.819 1.813 1.751 1.691 1.668 1.658 1.776 1.211 0.961 1.219 0.774 0.710 0.451 0.396 0.597 0.582 0.564 0.301 0.108 0.096 0.085 0.074 0.065 0.056 0.046 0.037 0.028 0.021 0.014 0.008 0.004 0.043 0.001 0.051 0.051 0.053 0.054 0.057 0.062 0.067 0.072 0.079 0.086 0.095 0.105 0.157 0.477 0.494 0.596 1.131 -9999.000
12.920 9.759 6.193 5.551 5.051 4.868 3.759 2.371 1.922 1.902 1.891 1.888 1.858 1.847 1.829 1.786 1.711 1.674 1.651 1.631 1.443 1.056 0.976 1.314 0.755 0.702 0.424 0.386 0.535 0.522 0.478 0.209 0.112 0.101 0.090 0.079 0.069 0.060 0.051 0.042 0.033 0.025 0.017 0.008 0.003 0.065 0.001 0.056 0.057 0.057 0.037 0.046 0.056 0.067 0.074 0.081 0.089 0.097 0.107 0.189 0.468 0.503 0.613 1.232 -9999.000
11.153 7.805 5.608 5.351 4.889 4.471 3.294 2.477 1.946 1.929 1.912 1.908 1.869 1.851 1.826 1.787 1.767 1.761 1.754 1.725 1.155 0.975 0.962 0.942 0.706 0.682 0.522 0.377 0.512 0.528 0.448 0.151 0.117 0.106 0.095 0.085 0.075 0.066 0.057 0.047 0.036 0.022 0.009 0.003 0.001 0.001 0.062 0.061 0.060 0.022 0.027 0.035 0.045 0.060 0.074 0.083 0.091 0.100 0.111 0.224 0.453 0.500 0.604 1.326 -9999.000
9.726 7.168 6.233 5.688 4.907 4.386 3.073 2.479 1.936 1.924 1.915 1.960 1.871 1.847 1.824 1.780 1.751 1.743 1.788 1.388 1.054 1.019 1.374 0.819 0.712 0.668 0.645 0.368 0.361 0.512 0.367 0.136 0.123 0.111 0.101 0.091 0.081 0.072 0.063 0.054 0.045 0.034 0.022 0.033 0.079 0.001 0.065 0.018 0.011 0.014 0.021 0.028 0.042 0.086 0.094 0.091 0.098 0.107 0.116 0.248 0.444 0.494 0.617 1.589 -9999.000
8.622 6.385 6.298 5.596 4.861 4.400 2.937 2.494 1.926 1.915 1.879 1.869 1.846 1.818 1.784 1.752 1.726 1.721 1.693 1.133 1.067 1.220 1.208 0.845 0.771 0.666 0.629 0.458 0.314 0.486 0.285 0.140 0.128 0.118 0.107 0.097 0.088 0.079 0.071 0.063 0.054 0.046 0.038 0.089 0.089 0.001 0.001 0.002 0.008 0.011 0.016 0.024 0.072 0.102 0.109 0.099 0.106 0.114 0.123 0.269 0.444 0.493 0.629 2.069 -9999.000
7.301 6.321 6.256 5.613 4.753 4.321 2.954 2.455 1.904 1.887 1.871 1.855 1.828 1.768 1.742 1.718 1.709 1.956 1.350 1.127 1.110 1.368 0.884 0.837 0.829 0.694 0.597 0.509 0.301 0.334 0.213 0.146 0.135 0.124 0.114 0.104 0.095 0.087 0.079 0.071 0.064 0.057 0.086 0.097 0.090 0.001 0.001 0.002 0.009 0.014 0.021 0.031 0.090 0.113 0.120 0.109 0.115 0.122 0.130 0.270 0.446 0.489 0.649 7.489 -9999.000
6.231 6.198 6.163 5.496 4.762 4.262 3.289 2.353 1.922 1.973 2.102 2.191 2.104 1.975 1.729 1.704 1.688 1.613 1.211 1.134 1.131 1.359 0.815 0.819 0.792 0.669 0.627 0.533 0.291 0.259 0.168 0.153 0.142 0.131 0.121 0.112 0.103 0.094 0.087 0.080 0.074 0.076 0.101 0.097 0.001 0.001 0.001 0.102 0.016 0.021 0.029 0.049 0.123 0.143 0.149 0.119 0.124 0.131 0.138 0.277 0.452 0.500 0.689 -9999.000 -9999.000
6.154 6.063 6.203 5.163 4.972 4.838 3.377 2.263 1.939 1.994 2.202 2.166 2.089 2.043 1.939 1.918 1.889 1.393 1.151 1.128 1.111 1.086 0.797 0.773 0.751 0.639 0.621 0.569 0.296 0.221 0.170 0.158 0.148 0.138 0.128 0.119 0.111 0.103 0.096 0.089 0.084 0.109 0.106 0.001 0.001 0.001 0.106 0.106 0.026 0.031 0.038 0.105 0.147 0.167 0.174 0.130 0.134 0.140 0.146 0.289 0.462 0.513 0.753 -9999.000 -9999.000
6.753 5.859 5.449 5.111 5.052 4.876 2.956 2.157 1.956 2.098 2.801 2.120 2.026 1.973 1.937 1.936 1.547 1.217 1.206 1.197 1.575 0.962 0.840 0.706 0.686 0.629 0.607 0.572 0.268 0.187 0.176 0.164 0.154 0.144 0.136 0.127 0.119 0.111 0.099 0.086 0.093 0.117 0.002 0.001 0.001 0.108 0.114 0.109 0.045 0.043 0.053 0.137 0.162 0.175 0.182 0.141 0.144 0.149 0.154 0.298 0.472 0.524 0.838 -9999.000 -9999.000
6.407 6.296 5.737 5.238 4.978 4.114 2.677 2.017 1.972 2.353 2.298 2.165 2.139 1.933 1.916 1.886 1.261 1.214 1.196 1.177 1.143 0.983 0.894 0.696 0.681 0.655 0.589 0.522 0.216 0.192 0.181 0.171 0.161 0.151 0.142 0.133 0.122 0.101 0.081 0.067 0.077 0.015 0.007 0.118 0.001 0.117 0.118 0.083 0.064 0.059 0.093 0.154 0.172 0.188 0.196 0.153 0.155 0.159 0.163 0.299 0.488 0.549 0.984 -9999.000 -9999.000
