LISFLOOD/results/run1.mxe
ncols         134
nrows         96
xllcorner     341244.004907
yllcorner     4516825.805194
cellsize      30.000000
NODATA_value  -9999.000000
[rows 56 to 83 of 96, columns 62 to 123 of 134]
134.060 134.062 134.065 -9999.000 -9999.000 134.023 134.024 134.025 134.027 134.028 134.029 134.030 134.031 134.032 134.033 134.034 134.035 134.036 134.037 134.038 134.039 134.040 134.041 134.042 134.043 134.044 134.045 134.046 134.047 134.048 134.049 134.051 134.052 134.053 134.059 134.066 134.073 134.080 134.087 134.094 134.101 134.108 134.115 134.122 134.129 134.136 134.143 134.150 134.157 134.164 134.171 134.179 -9999.000 -9999.000 -9999.000 -9999.000 -9999.000 -9999.000 -9999.000 -9999.000 -9999.000 -9999.000
134.051 134.053 134.059 -9999.000 134.013 134.016 134.018 134.019 134.020 134.021 134.022 134.023 134.024 134.025 134.025 134.026 134.027 134.027 134.028 134.029 134.029 134.030 134.030 134.031 134.032 134.032 134.033 134.034 134.035 134.036 134.037 134.038 134.040 134.043 134.049 134.055 134.062 134.068 134.075 134.082 134.089 134.095 134.102 134.109 134.116 134.123 134.131 134.138 134.145 134.152 134.158 -9999.000 -9999.000 -9999.000 -9999.000 -9999.000 -9999.000 -9999.000 -9999.000 -9999.000 -9999.000 -9999.000
134.040 134.042 -9999.000 -9999.000 134.009 134.011 134.012 134.013 134.014 134.015 134.015 134.016 134.016 134.017 134.017 134.018 134.018 134.019 134.019 134.019 134.020 134.020 134.020 134.021 134.021 134.021 134.022 134.022 134.023 134.024 134.024 134.025 134.027 134.032 134.038 134.044 134.050 134.057 134.063 134.070 134.077 134.083 134.090 134.097 134.103 134.111 134.118 134.126 134.134 134.142 134.150 -9999.000 -9999.000 -9999.000 -9999.000 -9999.000 -9999.000 -9999.000 -9999.000 -9999.000 -9999.000 -9999.000
134.030 134.031 -9999.000 -9999.000 134.005 134.005 134.006 134.007 134.008 134.008 134.009 134.009 134.009 134.009 134.010 134.010 134.010 134.010 134.010 134.010 134.010 134.010 134.010 134.010 134.010 134.010 134.010 134.011 134.011 134.011 134.012 134.012 134.010 134.021 134.026 134.032 134.039 134.045 134.051 134.058 134.064 134.071 134.077 134.084 134.091 134.098 134.105 134.114 134.123 134.133 -9999.000 -9999.000 -9999.000 -9999.000 -9999.000 -9999.000 -9999.000 -9999.000 -9999.000 -9999.000 -9999.000 -9999.000
134.021 134.021 -9999.000 133.997 133.999 134.000 134.001 134.001 134.002 134.002 134.002 134.002 134.002 134.002 134.002 134.002 134.002 134.001 134.001 134.001 134.000 134.000 134.000 133.999 133.999 133.999 133.999 133.999 133.999 133.999 133.999 134.000 134.000 134.008 134.014 134.021 134.027 134.033 134.039 134.046 134.052 134.058 134.065 134.071 134.077 134.084 134.092 134.100 134.111 -9999.000 -9999.000 -9999.000 -9999.000 -9999.000 -9999.000 -9999.000 -9999.000 -9999.000 -9999.000 -9999.000 -9999.000 -9999.000
134.011 134.011 -9999.000 133.994 133.995 133.995 133.995 133.996 133.996 133.996 133.995 133.995 133.995 133.995 133.994 133.994 133.993 133.993 133.992 133.991 133.991 133.990 133.990 133.989 133.988 133.988 133.987 133.987 133.987 133.986 133.987 133.987 133.989 133.996 134.003 134.009 134.015 134.021 134.027 134.034 134.040 134.046 134.052 134.058 134.064 134.070 134.077 134.083 -9999.000 -9999.000 -9999.000 -9999.000 -9999.000 -9999.000 -9999.000 -9999.000 -9999.000 -9999.000 -9999.000 -9999.000 -9999.000 -9999.000
134.002 134.000 133.994 133.992 133.991 133.991 133.990 133.990 133.990 133.989 133.989 133.988 133.988 133.987 133.987 133.986 133.985 133.984 133.983 133.982 133.981 133.980 133.979 133.978 133.977 133.976 133.975 133.975 133.974 133.974 133.973 133.974 133.979 133.985 133.991 133.997 134.003 134.010 134.016 134.022 134.027 134.033 134.039 134.045 134.050 134.056 134.063 134.073 -9999.000 -9999.000 -9999.000 -9999.000 -9999.000 -9999.000 -9999.000 -9999.000 -9999.000 -9999.000 -9999.000 -9999.000 -9999.000 -9999.000
133.995 133.993 133.990 133.988 133.986 133.986 133.985 133.984 133.984 133.983 133.982 133.982 133.981 133.980 133.979 133.978 133.977 133.976 133.974 133.973 133.972 133.970 133.969 133.968 133.966 133.965 133.964 133.963 133.961 133.961 133.960 133.957 133.968 133.973 133.979 133.986 133.992 133.998 134.004 134.010 134.015 134.021 134.026 134.032 134.037 134.041 134.045 -9999.000 -9999.000 -9999.000 -9999.000 -9999.000 -9999.000 -9999.000 -9999.000 -9999.000 -9999.000 -9999.000 -9999.000 -9999.000 -9999.000 -9999.000
133.988 133.987 133.985 133.983 133.982 133.981 133.980 133.979 133.978 133.977 133.976 133.975 133.974 133.973 133.972 133.970 133.969 133.967 133.966 133.964 133.962 133.961 133.959 133.957 133.955 133.953 133.952 133.950 133.949 133.947 133.947 133.947 133.955 133.961 133.968 133.974 133.980 133.986 133.992 133.998 134.003 134.009 134.014 134.019 134.023 134.027 134.030 -9999.000 -9999.000 -9999.000 -9999.000 -9999.000 -9999.000 -9999.000 -9999.000 -9999.000 -9999.000 -9999.000 -9999.000 -9999.000 -9999.000 -9999.000
133.982 133.981 133.979 133.978 133.977 133.975 133.974 133.973 133.972 133.971 133.970 133.969 133.967 133.966 133.964 133.963 133.961 133.959 133.957 133.955 133.953 133.951 133.949 133.946 133.944 133.942 133.940 133.938 133.936 133.934 133.933 133.936 133.943 133.950 133.956 133.963 133.969 133.975 133.981 133.986 133.991 133.996 134.001 134.006 134.010 134.015 134.018 -9999.000 -9999.000 -9999.000 -9999.000 -9999.000 -9999.000 -9999.000 -9999.000 -9999.000 -9999.000 -9999.000 -9999.000 -9999.000 -9999.000 -9999.000
133.976 133.975 133.974 133.973 133.971 133.970 133.969 133.968 133.966 133.965 133.964 133.962 133.961 133.959 133.957 133.955 133.953 133.951 133.948 133.946 133.943 133.941 133.938 133.936 133.933 133.930 133.928 133.925 133.923 133.920 133.915 133.925 133.932 133.939 133.945 133.951 133.958 133.964 133.969 133.975 133.980 133.985 133.989 133.994 133.998 134.003 134.010 -9999.000 -9999.000 -9999.000 -9999.000 -9999.000 -9999.000 -9999.000 -9999.000 -9999.000 -9999.000 -9999.000 -9999.000 -9999.000 -9999.000 -9999.000
133.971 133.970 133.969 133.968 133.966 133.965 133.964 133.962 133.961 133.959 133.958 133.956 133.954 133.952 133.950 133.948 133.945 133.943 133.940 133.937 133.934 133.931 133.928 133.925 133.922 133.919 133.916 133.913 133.910 133.907 133.905 133.913 133.920 133.927 133.934 133.940 133.947 133.952 133.958 133.963 133.968 133.973 133.977 133.981 133.985 133.987 -9999.000 -9999.000 -9999.000 -9999.000 -9999.000 -9999.000 -9999.000 -9999.000 -9999.000 -9999.000 -9999.000 -9999.000 -9999.000 -9999.000 -9999.000 -9999.000
133.966 133.965 133.964 133.963 133.961 133.960 133.958 133.957 133.955 133.954 133.952 133.950 133.948 133.945 133.943 133.940 133.938 133.935 133.932 133.928 133.925 133.921 133.918 133.914 133.911 133.907 133.904 133.900 133.897 133.895 133.894 133.902 133.909 133.916 133.923 133.930 133.936 133.942 133.947 133.953 133.957 133.962 133.966 133.970 133.972 133.974 -9999.000 -9999.000 -9999.000 -9999.000 -9999.000 -9999.000 -9999.000 -9999.000 -9999.000 -9999.000 -9999.000 -9999.000 -9999.000 -9999.000 -9999.000 -9999.000
133.961 133.960 133.959 133.958 133.956 133.955 133.953 133.952 133.950 133.948 133.946 133.944 133.941 133.939 133.936 133.933 133.930 133.927 133.923 133.920 133.916 133.912 133.908 133.904 133.899 133.895 133.891 133.887 133.884 133.881 133.884 133.891 133.899 133.906 133.913 133.919 133.926 133.931 133.937 133.942 133.947 133.951 133.955 133.958 133.961 133.963 -9999.000 -9999.000 -9999.000 -9999.000 -9999.000 -9999.000 -9999.000 -9999.000 -9999.000 -9999.000 -9999.000 -9999.000 -9999.000 -9999.000 -9999.000 -9999.000
133.956 133.955 133.954 133.953 133.951 133.950 133.948 133.946 133.945 133.942 133.940 133.938 133.935 133.932 133.929 133.926 133.923 133.919 133.915 133.911 133.907 133.902 133.898 133.893 133.888 133.883 133.879 133.874 133.869 133.863 133.873 133.881 133.888 133.896 133.903 133.909 133.915 133.921 133.927 133.932 133.936 133.941 133.944 133.948 133.951 133.954 -9999.000 -9999.000 -9999.000 -9999.000 -9999.000 -9999.000 -9999.000 -9999.000 -9999.000 -9999.000 -9999.000 -9999.000 -9999.000 -9999.000 -9999.000 -9999.000
133.951 133.950 133.949 133.948 133.947 133.945 133.943 133.941 133.939 133.937 133.935 133.932 133.929 133.926 133.923 133.920 133.916 133.912 133.908 133.903 133.898 133.893 133.888 133.883 133.877 133.871 133.866 133.861 133.856 133.852 133.862 133.870 133.878 133.886 133.893 133.900 133.906 133.912 133.917 133.922 133.927 133.931 133.934 133.938 133.942 133.948 -9999.000 -9999.000 -9999.000 -9999.000 -9999.000 -9999.000 -9999.000 -9999.000 -9999.000 -9999.000 -9999.000 -9999.000 -9999.000 -9999.000 -9999.000 -9999.000
133.947 133.946 133.945 133.944 133.942 133.941 133.939 133.937 133.934 133.932 133.929 133.927 133.924 133.920 133.917 133.913 133.909 133.905 133.900 133.895 133.890 133.884 133.878 133.872 133.866 133.859 133.853 133.847 133.841 133.842 133.851 133.860 133.868 133.876 133.884 133.890 133.897 133.902 133.908 133.913 133.917 133.921 133.924 133.927 133.929 -9999.000 -9999.000 -9999.000 -9999.000 -9999.000 -9999.000 -9999.000 -9999.000 -9999.000 -9999.000 -9999.000 -9999.000 -9999.000 -9999.000 -9999.000 -9999.000 -9999.000
133.943 133.942 133.941 133.939 133.938 133.936 133.934 133.932 133.930 133.927 133.924 133.921 133.918 133.915 133.911 133.907 133.903 133.898 133.893 133.887 133.882 133.875 133.869 133.862 133.855 133.848 133.840 133.832 133.821 133.831 133.841 133.850 133.859 133.867 133.875 133.882 133.888 133.894 133.899 133.904 133.908 133.912 133.915 133.918 133.919 -9999.000 -9999.000 -9999.000 -9999.000 -9999.000 -9999.000 -9999.000 -9999.000 -9999.000 -9999.000 -9999.000 -9999.000 -9999.000 -9999.000 -9999.000 -9999.000 -9999.000
133.939 133.938 133.937 133.935 133.934 133.932 133.930 133.928 133.925 133.923 133.920 133.916 133.913 133.909 133.905 133.901 133.896 133.891 133.886 133.880 133.874 133.867 133.860 133.852 133.844 133.836 133.828 133.819 133.811 133.821 133.832 133.841 133.850 133.859 133.866 133.873 133.880 133.886 133.891 133.896 133.900 133.903 133.906 133.909 133.910 -9999.000 -9999.000 -9999.000 -9999.000 -9999.000 -9999.000 -9999.000 -9999.000 -9999.000 -9999.000 -9999.000 -9999.000 -9999.000 -9999.000 -9999.000 -9999.000 -9999.000
133.935 133.934 133.933 133.931 133.930 133.928 133.926 133.923 133.921 133.918 133.915 133.912 133.908 133.904 133.900 133.896 133.891 133.885 133.880 133.873 133.866 133.859 133.851 133.843 133.834 133.824 133.815 133.807 133.801 133.812 133.823 133.833 133.843 133.851 133.859 133.866 133.872 133.878 133.883 133.888 133.892 133.895 133.898 133.901 133.903 -9999.000 -9999.000 -9999.000 -9999.000 -9999.000 -9999.000 -9999.000 -9999.000 -9999.000 -9999.000 -9999.000 -9999.000 -9999.000 -9999.000 -9999.000 -9999.000 -9999.000
133.932 133.931 133.929 133.928 133.926 133.924 133.922 133.919 133.917 133.914 133.911 133.907 133.904 133.900 133.895 133.891 133.885 133.880 133.874 133.867 133.860 133.852 133.843 133.834 133.823 133.813 133.802 133.792 133.790 133.803 133.815 133.826 133.835 133.844 133.852 133.859 133.865 133.871 133.876 133.880 133.884 133.888 133.891 133.894 133.899 -9999.000 -9999.000 -9999.000 -9999.000 -9999.000 -9999.000 -9999.000 -9999.000 -9999.000 -9999.000 -9999.000 -9999.000 -9999.000 -9999.000 -9999.000 -9999.000 -9999.000
133.929 133.927 133.926 133.924 133.923 133.920 133.918 133.916 133.913 133.910 133.907 133.903 133.899 133.895 133.891 133.886 133.881 133.875 133.868 133.861 133.854 133.845 133.836 133.825 133.814 133.801 133.787 133.770 133.780 133.795 133.808 133.819 133.829 133.838 133.846 133.853 133.859 133.865 133.870 133.874 133.877 133.880 133.883 133.885 -9999.000 -9999.000 -9999.000 -9999.000 -9999.000 -9999.000 -9999.000 -9999.000 -9999.000 -9999.000 -9999.000 -9999.000 -9999.000 -9999.000 -9999.000 -9999.000 -9999.000 -9999.000
133.926 133.924 133.923 133.921 133.919 133.917 133.915 133.912 133.909 133.906 133.903 133.899 133.896 133.891 133.887 133.882 133.876 133.870 133.864 133.856 133.848 133.839 133.829 133.818 133.805 133.791 133.776 133.760 133.775 133.790 133.803 133.814 133.824 133.833 133.841 133.848 133.854 133.859 133.864 133.868 133.871 133.874 133.876 133.877 -9999.000 -9999.000 -9999.000 -9999.000 -9999.000 -9999.000 -9999.000 -9999.000 -9999.000 -9999.000 -9999.000 -9999.000 -9999.000 -9999.000 -9999.000 -9999.000 -9999.000 -9999.000
133.923 133.922 133.920 133.918 133.916 133.914 133.912 133.909 133.906 133.903 133.900 133.896 133.892 133.888 133.883 133.878 133.872 133.866 133.860 133.852 133.844 133.835 133.824 133.812 133.798 133.782 133.765 133.750 133.769 133.786 133.799 133.811 133.820 133.829 133.836 133.843 133.849 133.854 133.858 133.862 133.865 133.868 133.870 133.871 -9999.000 -9999.000 -9999.000 -9999.000 -9999.000 -9999.000 -9999.000 -9999.000 -9999.000 -9999.000 -9999.000 -9999.000 -9999.000 -9999.000 -9999.000 -9999.000 -9999.000 -9999.000
133.920 133.919 133.917 133.915 133.913 133.911 133.909 133.906 133.903 133.900 133.897 133.893 133.889 133.885 133.880 133.875 133.869 133.863 133.856 133.849 133.841 133.831 133.821 133.808 133.793 133.774 133.752 133.741 133.767 133.784 133.797 133.809 133.818 133.826 133.833 133.839 133.845 133.850 133.854 133.857 133.860 133.863 133.865 133.866 -9999.000 -9999.000 -9999.000 -9999.000 -9999.000 -9999.000 -9999.000 -9999.000 -9999.000 -9999.000 -9999.000 -9999.000 -9999.000 -9999.000 -9999.000 -9999.000 -9999.000 -9999.000
133.918 133.916 133.915 133.913 133.911 133.908 133.906 133.903 133.900 133.897 133.894 133.890 133.886 133.882 133.877 133.872 133.866 133.860 133.854 133.846 133.838 133.829 133.819 133.806 133.791 133.769 133.729 133.754 133.772 133.787 133.798 133.808 133.817 133.824 133.831 133.836 133.841 133.846 133.850 133.853 133.856 133.858 133.860 133.861 -9999.000 -9999.000 -9999.000 -9999.000 -9999.000 -9999.000 -9999.000 -9999.000 -9999.000 -9999.000 -9999.000 -9999.000 -9999.000 -9999.000 -9999.000 -9999.000 -9999.000 -9999.000
133.916 133.914 133.912 133.910 133.908 133.906 133.904 133.901 133.898 133.895 133.891 133.887 133.883 133.879 133.875 133.870 133.864 133.858 133.852 133.845 133.837 133.829 133.819 133.808 133.796 133.781 133.767 133.772 133.782 133.792 133.801 133.809 133.816 133.823 133.829 133.834 133.839 133.843 133.846 133.849 133.852 133.854 133.856 133.859 -9999.000 -9999.000 -9999.000 -9999.000 -9999.000 -9999.000 -9999.000 -9999.000 -9999.000 -9999.000 -9999.000 -9999.000 -9999.000 -9999.000 -9999.000 -9999.000 -9999.000 -9999.000
133.914 133.912 133.910 133.908 133.906 133.904 133.901 133.899 133.896 133.892 133.889 133.885 133.881 133.877 133.872 133.868 133.862 133.857 133.851 133.844 133.837 133.829 133.821 133.812 133.802 133.793 133.786 133.787 133.792 133.798 133.805 133.811 133.817 133.823 133.828 133.832 133.836 133.840 133.843 133.846 133.848 133.850 133.851 -9999.000 -9999.000 -9999.000 -9999.000 -9999.000 -9999.000 -9999.000 -9999.000 -9999.000 -9999.000 -9999.000 -9999.000 -9999.000 -9999.000 -9999.000 -9999.000 -9999.000 -9999.000 -9999.000
