LISFLOOD/results/run1.inittm
ncols         134
nrows         96
xllcorner     341244.004907
yllcorner     4516825.805194
cellsize      30.000000
NODATA_value  -9999.000000
[rows 29 to 57 of 96, columns 65 to 129 of 134]
6.678 6.851 5.930 5.327 5.071 4.030 2.441 2.029 2.022 2.782 2.414 2.579 2.153 3.467 4.181 1.528 1.260 1.319 1.367 1.529 1.002 0.981 0.891 0.712 0.726 0.653 0.597 0.429 0.208 0.197 0.186 0.176 0.166 0.156 0.146 0.135 0.111 0.084 0.067 0.056 0.049 0.019 0.128 0.126 0.001 0.124 0.123 0.086 0.079 0.076 0.124 0.166 0.193 0.213 0.221 0.166 0.167 0.171 0.173 0.310 0.501 0.571 1.224 -9999.000 -9999.000
6.331 6.136 5.416 5.367 5.088 3.869 2.237 2.046 2.369 3.092 2.789 2.368 2.343 6.099 3.746 1.394 1.239 1.295 1.368 1.088 0.994 0.958 0.893 0.729 0.732 0.633 0.588 0.303 0.211 0.201 0.191 0.181 0.171 0.161 0.151 0.138 0.115 0.093 0.078 0.068 0.056 0.092 0.137 0.132 0.001 0.131 0.126 0.049 0.071 0.091 0.143 0.173 0.210 0.249 0.258 0.179 0.179 0.182 0.184 0.323 0.518 0.602 2.071 -9999.000 -9999.000
5.986 5.586 5.457 5.431 5.133 3.158 2.093 2.067 2.893 2.843 2.779 2.388 6.466 15.522 1.717 1.377 1.208 1.275 1.256 1.035 1.012 0.978 0.846 0.704 0.689 0.607 0.491 0.217 0.203 0.192 0.183 0.174 0.167 0.162 0.154 0.144 0.127 0.107 0.091 0.079 0.076 0.147 0.142 0.140 0.001 0.135 0.013 0.025 0.045 0.112 0.154 0.194 0.283 0.295 0.274 0.192 0.192 0.194 0.195 0.357 0.544 0.703 -9999.000 -9999.000 -9999.000
7.111 5.618 5.501 5.487 4.605 2.538 2.105 2.268 3.576 2.961 2.806 4.630 -9999.000 12.255 1.411 1.216 1.185 1.298 1.051 1.056 1.042 1.027 0.779 0.682 0.668 0.616 0.346 0.193 0.181 0.171 0.160 0.150 0.144 0.137 0.136 0.134 0.134 0.123 0.107 0.094 0.152 0.156 0.151 0.148 0.001 0.001 0.003 0.011 0.026 0.131 0.168 0.236 0.319 0.324 0.290 0.206 0.205 0.207 0.207 0.380 0.561 0.904 -9999.000 -9999.000 -9999.000
6.917 5.721 5.605 5.546 3.586 2.236 2.120 2.811 3.584 3.046 2.846 -9999.000 -9999.000 1.840 1.208 1.183 1.168 0.979 0.938 1.004 1.032 1.011 0.730 0.699 0.692 0.546 0.202 0.175 0.161 0.149 0.138 0.130 0.121 0.116 0.111 0.108 0.110 0.112 0.121 0.114 0.167 0.163 0.159 0.001 0.158 0.004 0.008 0.019 0.038 0.147 0.183 0.275 0.312 0.324 0.309 0.219 0.218 0.219 0.220 0.419 0.575 1.287 -9999.000 -9999.000 -9999.000
6.430 5.767 5.607 4.755 2.984 2.157 2.139 3.042 3.192 3.063 5.372 -9999.000 -9999.000 1.343 1.229 1.414 1.382 0.976 0.897 0.879 0.967 0.931 0.697 0.691 0.702 0.371 0.169 0.156 0.143 0.132 0.120 0.110 0.103 0.096 0.089 0.088 0.087 0.089 0.102 0.121 0.173 0.169 0.001 0.001 0.163 0.011 0.018 0.033 0.052 0.158 0.204 0.307 0.318 0.328 0.326 0.232 0.232 0.233 0.233 0.465 0.663 2.926 -9999.000 -9999.000 -9999.000
6.581 5.897 5.597 4.039 2.626 2.170 2.157 3.069 3.206 3.534 -9999.000 -9999.000 1.624 1.359 1.443 1.816 1.449 1.434 1.152 0.862 0.778 0.753 0.674 0.673 0.608 0.196 0.153 0.139 0.126 0.114 0.104 0.094 0.085 0.077 0.072 0.068 0.068 0.068 0.083 0.169 0.181 0.176 0.001 0.176 0.168 0.023 0.034 0.051 0.072 0.166 0.234 0.328 0.328 0.337 0.274 0.246 0.246 0.247 0.247 0.531 0.971 -9999.000 -9999.000 -9999.000 -9999.000
6.659 6.170 5.467 3.529 2.408 2.187 2.243 3.137 3.183 -9999.000 -9999.000 -9999.000 1.468 1.452 1.762 2.074 1.726 1.761 1.724 1.394 1.039 0.687 0.647 0.672 0.421 0.152 0.138 0.124 0.112 0.099 0.088 0.078 0.069 0.063 0.056 0.051 0.049 0.050 0.068 0.197 0.194 0.001 0.001 0.181 0.176 0.049 0.058 0.075 0.096 0.173 0.274 0.342 0.355 0.347 0.274 0.259 0.259 0.260 0.289 0.620 1.746 -9999.000 -9999.000 -9999.000 -9999.000
6.635 6.223 4.611 3.018 2.230 2.204 2.381 3.137 6.133 -9999.000 -9999.000 1.610 1.531 1.766 2.041 1.998 1.837 1.826 1.789 1.491 1.128 0.648 0.632 0.618 0.192 0.136 0.123 0.109 0.097 0.086 0.076 0.066 0.057 0.049 0.042 0.037 0.032 0.032 0.084 0.206 0.202 0.001 0.193 0.189 0.183 0.094 0.092 0.109 0.124 0.179 0.313 0.341 0.362 0.357 0.287 0.274 0.274 0.274 0.398 0.781 -9999.000 -9999.000 -9999.000 -9999.000 -9999.000
6.576 5.611 3.811 2.613 2.241 2.222 2.537 3.679 -9999.000 -9999.000 -9999.000 1.626 1.781 2.198 2.075 2.158 1.889 1.846 1.768 1.482 1.041 0.634 0.630 0.411 0.138 0.123 0.109 0.097 0.085 0.074 0.064 0.054 0.046 0.039 0.032 0.026 0.019 0.015 0.221 0.217 0.001 0.001 0.199 0.209 0.190 0.143 0.141 0.171 0.161 0.184 0.328 0.343 0.365 0.368 0.301 0.290 0.289 0.289 0.519 1.339 -9999.000 -9999.000 -9999.000 -9999.000 -9999.000
7.039 6.340 4.549 2.337 2.259 2.568 3.286 -9999.000 -9999.000 -9999.000 1.779 1.759 2.162 2.189 2.172 2.284 2.056 1.864 1.701 1.512 0.877 0.613 0.514 0.148 0.126 0.111 0.098 0.086 0.074 0.063 0.053 0.044 0.037 0.029 0.023 0.017 0.011 0.006 0.226 0.222 0.001 0.211 0.212 0.216 0.197 0.139 0.159 0.214 0.182 0.189 0.338 0.360 0.372 0.333 0.314 0.307 0.304 0.379 0.853 -9999.000 -9999.000 -9999.000 -9999.000 -9999.000 -9999.000
7.124 6.084 3.188 2.357 2.413 3.091 5.172 -9999.000 -9999.000 12.099 2.331 2.161 2.188 2.271 2.331 2.681 2.598 1.918 1.693 1.506 0.761 0.602 0.262 0.129 0.114 0.101 0.088 0.076 0.064 0.054 0.045 0.037 0.029 0.022 0.016 0.011 0.005 0.002 0.236 0.001 0.001 0.218 0.223 0.223 0.118 0.127 0.182 0.242 0.208 0.196 0.298 0.382 0.383 0.334 0.328 0.324 0.321 0.538 1.569 -9999.000 -9999.000 -9999.000 -9999.000 -9999.000 -9999.000
7.251 4.586 2.526 2.508 3.047 3.758 -9999.000 -9999.000 -9999.000 1.978 1.962 2.192 2.237 2.408 2.991 4.954 4.724 2.952 1.863 1.285 0.684 0.432 0.133 0.118 0.104 0.091 0.079 0.067 0.056 0.046 0.037 0.029 0.023 0.017 0.011 0.006 0.002 0.001 0.001 0.001 0.228 0.232 0.232 0.224 0.104 0.115 0.230 0.268 0.241 0.203 0.283 0.411 0.342 0.321 0.331 0.338 0.372 0.895 -9999.000 -9999.000 -9999.000 -9999.000 -9999.000 -9999.000 -9999.000
5.782 3.463 2.549 3.006 3.193 16.252 -9999.000 -9999.000 7.080 1.675 1.704 1.904 2.031 1.995 2.017 2.348 2.701 2.662 2.282 1.446 0.772 0.163 0.123 0.109 0.096 0.082 0.071 0.059 0.049 0.040 0.032 0.024 0.018 0.012 0.008 0.004 0.002 0.246 0.001 0.242 0.242 0.239 0.239 0.085 0.093 0.144 0.288 0.279 0.269 0.212 0.284 0.345 0.294 0.307 0.319 0.332 0.563 2.082 -9999.000 -9999.000 -9999.000 -9999.000 -9999.000 -9999.000 -9999.000
4.925 2.687 2.642 3.173 4.766 -9999.000 -9999.000 -9999.000 1.667 1.592 1.659 1.852 1.976 1.933 1.836 1.813 1.702 1.713 1.473 0.832 0.445 0.128 0.113 0.100 0.087 0.074 0.063 0.052 0.043 0.034 0.026 0.019 0.013 0.008 0.004 0.002 0.001 0.001 0.001 0.253 0.247 0.245 0.071 0.069 0.087 0.284 0.325 0.319 0.277 0.227 0.252 0.263 0.276 0.293 0.309 0.399 1.059 -9999.000 -9999.000 -9999.000 -9999.000 -9999.000 -9999.000 -9999.000 -9999.000
4.369 2.701 2.719 3.544 -9999.000 -9999.000 -9999.000 2.539 1.601 1.539 1.556 1.722 1.964 1.908 1.741 1.677 1.459 1.383 1.096 0.603 0.144 0.119 0.105 0.092 0.079 0.067 0.056 0.046 0.037 0.029 0.022 0.016 0.011 0.007 0.003 0.001 0.001 0.001 0.268 0.259 0.171 0.035 0.043 0.061 0.281 0.356 0.365 0.373 0.286 0.236 0.244 0.256 0.269 0.287 0.326 0.663 -9999.000 -9999.000 -9999.000 -9999.000 -9999.000 -9999.000 -9999.000 -9999.000 -9999.000
3.424 2.718 3.258 6.489 -9999.000 -9999.000 -9999.000 1.566 1.576 1.507 1.483 1.666 1.730 1.643 1.598 1.462 1.380 1.278 0.896 0.306 0.129 0.112 0.097 0.084 0.072 0.061 0.050 0.041 0.032 0.024 0.018 0.012 0.008 0.004 0.002 0.001 0.001 0.001 0.001 0.002 0.006 0.013 0.052 0.297 0.363 0.376 0.386 0.392 0.296 0.244 0.253 0.264 0.278 0.322 0.651 1.479 -9999.000 -9999.000 -9999.000 -9999.000 -9999.000 -9999.000 -9999.000 -9999.000 -9999.000
2.824 2.805 3.873 -9999.000 -9999.000 -9999.000 1.604 1.542 1.517 1.482 1.451 1.623 1.596 1.539 1.501 1.327 1.295 1.131 0.637 0.150 0.129 0.110 0.097 0.078 0.066 0.055 0.044 0.036 0.028 0.021 0.014 0.009 0.006 0.003 0.001 0.001 0.001 0.001 0.002 0.004 0.010 0.097 0.388 0.617 0.678 0.732 0.703 0.402 0.306 0.255 0.264 0.276 0.288 0.458 0.884 -9999.000 -9999.000 -9999.000 -9999.000 -9999.000 -9999.000 -9999.000 -9999.000 -9999.000 -9999.000
2.837 3.332 6.516 -9999.000 -9999.000 9.283 1.550 1.531 1.504 1.475 1.418 1.513 1.481 1.441 1.402 1.252 1.170 1.010 0.422 0.160 0.143 0.130 0.115 0.071 0.059 0.049 0.039 0.031 0.023 0.017 0.011 0.007 0.003 0.001 0.001 0.001 0.001 0.001 0.002 0.004 0.020 0.313 0.354 0.376 0.411 0.427 0.469 0.414 0.289 0.269 0.277 0.288 0.304 0.650 2.034 -9999.000 -9999.000 -9999.000 -9999.000 -9999.000 -9999.000 -9999.000 -9999.000 -9999.000 -9999.000
2.896 3.888 -9999.000 -9999.000 -9999.000 1.571 1.548 1.523 1.489 1.478 1.369 1.344 1.312 1.282 1.253 1.130 1.086 0.882 0.227 0.176 0.166 0.187 0.082 0.065 0.054 0.044 0.034 0.027 0.019 0.013 0.008 0.004 0.002 0.001 0.001 0.001 0.001 0.001 0.003 0.008 0.309 0.359 0.364 0.373 0.398 0.410 0.422 0.356 0.304 0.287 0.292 0.302 0.494 1.095 -9999.000 -9999.000 -9999.000 -9999.000 -9999.000 -9999.000 -9999.000 -9999.000 -9999.000 -9999.000 -9999.000
3.459 5.258 -9999.000 -9999.000 4.672 1.589 1.565 1.523 1.454 1.426 1.342 1.253 1.196 1.171 1.145 1.117 1.098 0.645 0.197 0.176 0.160 0.144 0.072 0.059 0.049 0.039 0.031 0.023 0.016 0.011 0.007 0.003 0.001 0.001 0.001 0.001 0.001 0.003 0.006 0.092 0.366 0.370 0.372 0.380 0.401 0.413 0.422 0.334 0.320 0.307 0.309 0.404 0.735 -9999.000 -9999.000 -9999.000 -9999.000 -9999.000 -9999.000 -9999.000 -9999.000 -9999.000 -9999.000 -9999.000 -9999.000
3.854 10.203 -9999.000 -9999.000 1.681 1.648 1.599 1.524 1.465 1.376 1.281 1.230 1.214 1.205 1.159 1.135 0.998 0.386 0.200 0.214 0.234 0.092 0.066 0.054 0.044 0.035 0.027 0.019 0.013 0.008 0.004 0.002 0.001 0.001 0.001 0.001 0.002 0.004 0.018 0.365 0.381 0.379 0.381 0.395 0.404 0.412 0.362 0.346 0.334 0.327 0.332 0.636 1.452 -9999.000 -9999.000 -9999.000 -9999.000 -9999.000 -9999.000 -9999.000 -9999.000 -9999.000 -9999.000 -9999.000 -9999.000
4.216 -9999.000 -9999.000 16.452 1.671 1.649 1.612 1.579 1.589 1.343 1.289 1.256 1.238 1.212 1.193 1.302 0.772 0.171 0.186 0.209 0.189 0.072 0.061 0.049 0.039 0.031 0.023 0.016 0.011 0.007 0.003 0.001 0.001 0.001 0.001 0.001 0.003 0.006 0.329 0.385 0.392 0.390 0.391 0.404 0.412 0.417 0.371 0.358 0.348 0.344 0.499 1.001 -9999.000 -9999.000 -9999.000 -9999.000 -9999.000 -9999.000 -9999.000 -9999.000 -9999.000 -9999.000 -9999.000 -9999.000 -9999.000
5.597 -9999.000 -9999.000 1.825 1.717 1.693 1.632 1.599 1.492 1.368 1.302 1.282 1.247 1.228 1.219 1.198 0.560 0.145 0.172 0.215 0.091 0.067 0.056 0.045 0.036 0.027 0.019 0.013 0.008 0.004 0.002 0.001 0.001 0.001 0.001 0.002 0.004 0.029 0.386 0.396 0.402 0.401 0.401 0.416 0.418 0.396 0.382 0.371 0.363 0.368 0.758 -9999.000 -9999.000 -9999.000 -9999.000 -9999.000 -9999.000 -9999.000 -9999.000 -9999.000 -9999.000 -9999.000 -9999.000 -9999.000 -9999.000
7.148 -9999.000 -9999.000 1.733 1.721 1.752 1.756 1.704 1.391 1.347 1.309 1.289 1.253 1.228 1.204 1.048 0.279 0.131 0.118 0.106 0.076 0.063 0.051 0.041 0.032 0.024 0.017 0.011 0.007 0.003 0.001 0.001 0.001 0.001 0.001 0.003 0.010 0.377 0.396 0.409 0.412 0.411 0.419 0.422 0.421 0.407 0.395 0.385 0.378 0.543 -9999.000 -9999.000 -9999.000 -9999.000 -9999.000 -9999.000 -9999.000 -9999.000 -9999.000 -9999.000 -9999.000 -9999.000 -9999.000 -9999.000 -9999.000
12.387 20.394 2.085 1.714 1.683 1.639 1.584 1.526 1.406 1.377 1.308 1.291 1.273 1.255 1.244 0.756 0.143 0.119 0.107 0.093 0.070 0.058 0.047 0.037 0.028 0.021 0.014 0.008 0.004 0.002 0.001 0.001 0.001 0.001 0.002 0.005 0.356 0.409 0.407 0.418 0.422 0.422 0.428 0.429 0.431 0.420 0.409 0.401 0.405 0.907 -9999.000 -9999.000 -9999.000 -9999.000 -9999.000 -9999.000 -9999.000 -9999.000 -9999.000 -9999.000 -9999.000 -9999.000 -9999.000 -9999.000 -9999.000
-9999.000 -9999.000 1.901 1.773 1.730 1.731 1.638 1.543 1.406 1.341 1.321 1.307 1.278 1.254 1.228 0.498 0.122 0.107 0.093 0.079 0.066 0.054 0.043 0.033 0.025 0.018 0.012 0.007 0.003 0.001 0.001 0.001 0.001 0.001 0.003 0.029 0.422 0.418 0.417 0.426 0.430 0.487 0.435 0.438 0.441 0.434 0.424 0.417 0.638 -9999.000 -9999.000 -9999.000 -9999.000 -9999.000 -9999.000 -9999.000 -9999.000 -9999.000 -9999.000 -9999.000 -9999.000 -9999.000 -9999.000 -9999.000 -9999.000
-9999.000 -9999.000 1.801 1.779 1.768 1.741 1.699 1.573 1.452 1.366 1.368 1.337 1.318 1.338 0.972 0.190 0.118 0.103 0.088 0.074 0.062 0.051 0.040 0.031 0.022 0.015 0.009 0.004 0.002 0.001 0.001 0.001 0.001 0.003 0.008 0.406 0.432 0.427 0.428 0.433 0.442 0.455 0.443 0.448 0.451 0.447 0.441 0.501 1.116 -9999.000 -9999.000 -9999.000 -9999.000 -9999.000 -9999.000 -9999.000 -9999.000 -9999.000 -9999.000 -9999.000 -9999.000 -9999.000 -9999.000 -9999.000 -9999.000
-9999.000 3.542 1.781 1.756 1.734 1.695 1.600 1.497 1.417 1.398 1.386 1.376 1.374 1.381 0.686 0.129 0.113 0.098 0.084 0.071 0.058 0.047 0.037 0.028 0.020 0.013 0.008 0.004 0.002 0.001 0.001 0.001 0.002 0.004 0.037 0.453 0.445 0.438 0.438 0.441 0.458 0.461 0.454 0.458 0.461 0.460 0.464 0.812 -9999.000 -9999.000 -9999.000 -9999.000 -9999.000 -9999.000 -9999.000 -9999.000 -9999.000 -9999.000 -9999.000 -9999.000 -9999.000 -9999.000 -9999.000 -9999.000 -9999.000
