LISFLOOD/results/run1.mxe
ncols         134
nrows         96
xllcorner     341244.004907
yllcorner     4516825.805194
cellsize      30.000000
NODATA_value  -9999.000000
[rows 28 to 55 of 96, columns 62 to 123 of 134]
134.251 134.253 134.256 134.258 134.261 134.263 134.266 134.268 134.271 134.273 134.276 134.278 134.280 134.283 134.285 134.287 134.289 134.291 134.294 134.296 134.299 134.303 134.307 134.311 134.316 134.321 134.326 134.331 134.337 134.343 134.350 134.356 134.363 134.370 134.378 134.386 134.394 134.402 134.411 134.420 134.429 134.438 134.448 134.458 134.468 134.478 134.488 134.499 134.500 134.501 134.501 134.501 134.501 134.501 134.501 134.502 134.502 134.502 134.503 134.503 134.504 134.505
134.246 134.249 134.251 134.253 134.256 134.258 134.261 134.263 134.266 134.268 134.271 134.273 134.276 134.278 134.280 134.282 134.283 134.285 134.287 134.289 134.292 134.296 134.300 134.304 134.308 134.313 134.318 134.324 134.329 134.335 134.342 134.348 134.355 134.362 134.370 134.377 134.385 134.393 134.402 134.411 134.420 134.429 134.438 134.448 134.458 134.468 134.478 134.488 134.489 134.489 134.490 134.490 134.490 134.491 134.491 134.492 134.493 134.493 134.494 134.495 134.496 134.497
134.242 134.244 134.246 134.249 134.251 134.253 134.256 134.258 134.261 134.263 134.266 134.268 134.271 134.273 134.275 134.277 134.278 134.278 134.280 134.282 134.285 134.288 134.292 134.296 134.300 134.305 134.310 134.316 134.321 134.327 134.333 134.340 134.347 134.354 134.361 134.368 134.376 134.384 134.393 134.401 134.410 134.419 134.428 134.438 134.448 134.457 134.467 134.477 134.477 134.478 134.478 134.479 134.480 134.481 134.481 134.482 134.483 134.484 134.486 134.487 134.488 134.489
134.237 134.239 134.241 134.244 134.246 134.249 134.251 134.253 134.256 134.259 134.261 134.264 134.266 134.269 134.271 134.273 134.271 134.270 134.272 134.274 134.277 134.280 134.284 134.288 134.292 134.297 134.302 134.307 134.313 134.319 134.325 134.331 134.338 134.345 134.352 134.359 134.367 134.375 134.383 134.392 134.400 134.409 134.419 134.428 134.438 134.447 134.457 134.466 134.466 134.466 134.467 134.468 134.469 134.470 134.471 134.473 134.474 134.475 134.477 134.478 134.480 134.482
134.232 134.234 134.236 134.239 134.241 134.244 134.246 134.249 134.251 134.254 134.256 134.259 134.262 134.264 134.268 -9999.000 134.258 134.260 134.263 134.265 134.268 134.272 134.275 134.280 134.284 134.289 134.294 134.299 134.304 134.310 134.316 134.322 134.329 134.336 134.343 134.350 134.358 134.365 134.373 134.382 134.390 134.399 134.408 134.418 134.427 134.437 134.447 134.454 134.454 134.455 134.456 134.457 134.458 134.460 134.461 134.463 134.464 134.466 134.468 134.470 134.472 134.474
134.227 134.229 134.231 134.234 134.236 134.239 134.241 134.244 134.246 134.249 134.252 134.254 134.257 134.259 -9999.000 -9999.000 134.249 134.251 134.253 134.256 134.259 134.263 134.267 134.271 134.275 134.280 134.285 134.290 134.296 134.301 134.307 134.313 134.320 134.326 134.333 134.340 134.348 134.356 134.363 134.372 134.380 134.389 134.398 134.407 134.417 134.427 134.439 134.440 134.441 134.443 134.444 134.446 134.447 134.449 134.451 134.453 134.455 134.457 134.459 134.461 134.464 134.466
134.222 134.224 134.226 134.229 134.231 134.234 134.236 134.239 134.241 134.244 134.247 134.250 134.253 134.256 -9999.000 -9999.000 134.238 134.240 134.243 134.247 134.250 134.254 134.258 134.262 134.266 134.271 134.276 134.281 134.286 134.292 134.298 134.304 134.310 134.317 134.324 134.331 134.338 134.345 134.353 134.361 134.370 134.378 134.387 134.397 134.406 134.416 134.427 134.427 134.429 134.430 134.432 134.434 134.436 134.438 134.441 134.443 134.445 134.448 134.450 134.453 134.455 134.458
134.217 134.219 134.221 134.224 134.226 134.228 134.231 134.234 134.236 134.239 134.242 134.245 134.249 -9999.000 -9999.000 134.218 134.225 134.229 134.233 134.237 134.241 134.244 134.249 134.253 134.257 134.262 134.267 134.272 134.277 134.283 134.288 134.294 134.300 134.307 134.314 134.320 134.328 134.335 134.343 134.351 134.359 134.367 134.376 134.385 134.395 134.405 134.411 134.413 134.416 134.418 134.420 134.423 134.425 134.428 134.430 134.433 134.436 134.438 134.441 134.444 134.447 134.450
134.212 134.214 134.216 134.218 134.221 134.223 134.226 134.228 134.231 134.234 134.237 134.239 -9999.000 -9999.000 -9999.000 134.211 134.215 134.219 134.223 134.227 134.231 134.235 134.239 134.243 134.248 134.253 134.257 134.262 134.268 134.273 134.279 134.284 134.291 134.297 134.303 134.310 134.317 134.324 134.332 134.340 134.348 134.356 134.365 134.374 134.383 134.394 134.397 134.400 134.403 134.405 134.408 134.411 134.414 134.417 134.420 134.423 134.426 134.429 134.432 134.435 134.439 134.442
134.207 134.209 134.211 134.213 134.215 134.218 134.220 134.223 134.226 134.229 134.233 134.236 -9999.000 -9999.000 134.192 134.199 134.204 134.209 134.213 134.217 134.221 134.225 134.230 134.234 134.238 134.243 134.248 134.253 134.258 134.263 134.269 134.274 134.280 134.287 134.293 134.300 134.306 134.314 134.321 134.329 134.337 134.345 134.353 134.362 134.372 134.378 134.382 134.386 134.390 134.393 134.396 134.400 134.403 134.406 134.409 134.413 134.416 134.420 134.423 134.427 134.430 134.434
134.202 134.204 134.206 134.208 134.210 134.212 134.215 134.218 134.221 134.224 134.228 -9999.000 -9999.000 -9999.000 134.185 134.190 134.194 134.199 134.203 134.207 134.212 134.216 134.220 134.224 134.229 134.233 134.238 134.243 134.248 134.253 134.259 134.264 134.270 134.276 134.282 134.289 134.295 134.302 134.310 134.317 134.325 134.333 134.341 134.350 134.361 134.365 134.369 134.373 134.377 134.381 134.384 134.388 134.392 134.395 134.399 134.403 134.406 134.410 134.414 134.418 134.422 134.426
134.197 134.198 134.200 134.202 134.204 134.207 134.210 134.212 134.215 134.218 -9999.000 -9999.000 -9999.000 134.167 134.174 134.180 134.185 134.189 134.194 134.198 134.202 134.206 134.210 134.215 134.219 134.223 134.228 134.233 134.238 134.243 134.248 134.254 134.259 134.265 134.271 134.278 134.284 134.291 134.298 134.305 134.313 134.321 134.330 134.339 134.346 134.351 134.355 134.360 134.364 134.368 134.372 134.376 134.380 134.384 134.388 134.392 134.396 134.401 134.405 134.409 134.413 134.416
134.191 134.193 134.194 134.196 134.199 134.201 134.204 134.207 134.210 134.214 -9999.000 -9999.000 134.154 134.160 134.165 134.170 134.175 134.180 134.184 134.188 134.192 134.196 134.201 134.205 134.209 134.214 134.218 134.223 134.228 134.232 134.238 134.243 134.248 134.254 134.260 134.266 134.273 134.279 134.286 134.293 134.301 134.308 134.317 134.328 134.332 134.337 134.342 134.347 134.352 134.356 134.360 134.365 134.369 134.374 134.378 134.382 134.387 134.391 134.396 134.400 134.405 134.410
134.185 134.186 134.188 134.190 134.193 134.195 134.198 134.201 134.204 -9999.000 -9999.000 -9999.000 134.149 134.152 134.157 134.161 134.166 134.170 134.174 134.179 134.183 134.187 134.191 134.195 134.199 134.203 134.208 134.212 134.217 134.222 134.227 134.232 134.237 134.243 134.249 134.255 134.261 134.268 134.274 134.281 134.288 134.295 134.306 134.313 134.318 134.324 134.329 134.334 134.339 134.344 134.349 134.353 134.358 134.363 134.367 134.372 134.377 134.381 134.386 134.391 134.395 -9999.000
134.178 134.180 134.182 134.184 134.186 134.189 134.192 134.196 134.200 -9999.000 -9999.000 134.134 134.139 134.144 134.148 134.153 134.157 134.161 134.165 134.169 134.173 134.177 134.181 134.185 134.189 134.193 134.198 134.202 134.206 134.211 134.216 134.221 134.226 134.232 134.237 134.243 134.249 134.255 134.262 134.269 134.276 134.284 134.292 134.299 134.305 134.311 134.316 134.321 134.327 134.332 134.337 134.342 134.347 134.352 134.357 134.362 134.367 134.372 134.377 134.383 134.389 -9999.000
134.171 134.173 134.175 134.177 134.180 134.183 134.186 134.191 -9999.000 -9999.000 -9999.000 134.128 134.132 134.136 134.140 134.144 134.148 134.152 134.156 134.160 134.163 134.167 134.171 134.175 134.179 134.183 134.187 134.191 134.196 134.200 134.205 134.210 134.215 134.220 134.225 134.231 134.237 134.243 134.249 134.256 134.262 134.273 134.279 134.285 134.292 134.298 134.303 134.309 134.314 134.320 134.325 134.330 134.336 134.341 134.346 134.351 134.357 134.362 134.368 134.375 -9999.000 -9999.000
134.164 134.166 134.168 134.170 134.173 134.176 134.178 -9999.000 -9999.000 -9999.000 134.113 134.119 134.123 134.127 134.131 134.135 134.139 134.143 134.146 134.150 134.154 134.158 134.161 134.165 134.169 134.173 134.177 134.181 134.185 134.189 134.194 134.198 134.203 134.208 134.213 134.219 134.225 134.231 134.237 134.243 134.251 134.259 134.266 134.272 134.279 134.285 134.291 134.296 134.302 134.308 134.313 134.319 134.325 134.330 134.336 134.341 134.346 134.352 134.356 -9999.000 -9999.000 -9999.000
134.156 134.158 134.160 134.163 134.165 134.169 134.174 -9999.000 -9999.000 -9999.000 134.108 134.111 134.115 134.119 134.123 134.126 134.130 134.134 134.137 134.141 134.144 134.148 134.151 134.155 134.159 134.162 134.166 134.170 134.174 134.178 134.182 134.187 134.191 134.196 134.201 134.206 134.212 134.218 134.224 134.230 134.240 134.247 134.253 134.259 134.266 134.272 134.278 134.284 134.290 134.296 134.302 134.308 134.313 134.319 134.325 134.331 134.336 134.342 134.349 -9999.000 -9999.000 -9999.000
134.148 134.150 134.152 134.155 134.158 134.161 -9999.000 -9999.000 -9999.000 134.093 134.099 134.103 134.107 134.111 134.114 134.118 134.121 134.125 134.128 134.131 134.135 134.138 134.141 134.145 134.148 134.152 134.155 134.159 134.163 134.167 134.171 134.175 134.179 134.184 134.189 134.194 134.199 134.205 134.211 134.219 134.227 134.233 134.240 134.247 134.253 134.259 134.266 134.272 134.278 134.284 134.290 134.296 134.302 134.308 134.314 134.320 134.326 134.331 -9999.000 -9999.000 -9999.000 -9999.000
134.140 134.142 134.144 134.147 134.150 134.155 -9999.000 -9999.000 134.083 134.087 134.091 134.095 134.099 134.102 134.106 134.109 134.112 134.116 134.119 134.122 134.125 134.128 134.131 134.135 134.138 134.141 134.145 134.148 134.152 134.155 134.159 134.163 134.167 134.171 134.176 134.180 134.185 134.191 134.197 134.208 134.214 134.221 134.227 134.234 134.240 134.247 134.253 134.260 134.266 134.272 134.279 134.285 134.291 134.298 134.304 134.310 134.317 134.324 -9999.000 -9999.000 -9999.000 -9999.000
134.132 134.134 134.136 134.138 134.140 -9999.000 -9999.000 -9999.000 134.078 134.081 134.084 134.088 134.091 134.094 134.098 134.101 134.104 134.107 134.110 134.113 134.115 134.118 134.121 134.124 134.127 134.131 134.134 134.137 134.140 134.144 134.147 134.151 134.155 134.159 134.163 134.167 134.172 134.176 134.186 134.194 134.201 134.208 134.215 134.221 134.228 134.234 134.241 134.247 134.254 134.260 134.267 134.274 134.280 134.287 134.293 134.300 134.309 -9999.000 -9999.000 -9999.000 -9999.000 -9999.000
134.123 134.125 134.127 134.130 134.132 -9999.000 -9999.000 134.067 134.071 134.074 134.077 134.081 134.084 134.086 134.089 134.092 134.095 134.098 134.100 134.103 134.106 134.109 134.111 134.114 134.117 134.120 134.123 134.126 134.129 134.132 134.135 134.139 134.142 134.146 134.150 134.154 134.158 134.165 134.173 134.181 134.188 134.195 134.202 134.209 134.215 134.222 134.229 134.235 134.242 134.249 134.255 134.262 134.269 134.276 134.283 134.288 -9999.000 -9999.000 -9999.000 -9999.000 -9999.000 -9999.000
134.115 134.116 134.119 134.121 134.127 -9999.000 -9999.000 134.063 134.065 134.068 134.071 134.073 134.076 134.079 134.081 134.084 134.086 134.089 134.091 134.094 134.096 134.099 134.101 134.104 134.106 134.109 134.112 134.114 134.117 134.120 134.123 134.126 134.129 134.133 134.136 134.140 134.143 134.154 134.161 134.168 134.175 134.182 134.189 134.196 134.203 134.210 134.216 134.223 134.230 134.237 134.244 134.251 134.258 134.266 134.273 134.281 -9999.000 -9999.000 -9999.000 -9999.000 -9999.000 -9999.000
134.106 134.107 134.109 134.110 -9999.000 -9999.000 134.052 134.057 134.059 134.061 134.064 134.066 134.068 134.071 134.073 134.075 134.078 134.080 134.082 134.084 134.087 134.089 134.091 134.094 134.096 134.098 134.101 134.103 134.106 134.108 134.111 134.114 134.117 134.120 134.123 134.127 134.132 134.141 134.148 134.155 134.163 134.170 134.177 134.184 134.190 134.197 134.204 134.211 134.218 134.225 134.232 134.239 134.247 134.256 134.264 -9999.000 -9999.000 -9999.000 -9999.000 -9999.000 -9999.000 -9999.000
134.097 134.098 134.100 134.101 -9999.000 -9999.000 134.048 134.050 134.052 134.055 134.057 134.059 134.061 134.063 134.065 134.067 134.069 134.071 134.073 134.075 134.077 134.079 134.081 134.083 134.085 134.087 134.090 134.092 134.094 134.096 134.099 134.101 134.104 134.106 134.109 134.111 134.121 134.129 134.136 134.143 134.150 134.157 134.164 134.171 134.178 134.185 134.192 134.199 134.206 134.213 134.220 134.227 134.235 134.245 -9999.000 -9999.000 -9999.000 -9999.000 -9999.000 -9999.000 -9999.000 -9999.000
134.088 134.089 134.091 134.093 -9999.000 -9999.000 134.043 134.044 134.046 134.048 134.050 134.052 134.053 134.055 134.057 134.059 134.061 134.062 134.064 134.066 134.068 134.069 134.071 134.073 134.075 134.076 134.078 134.080 134.082 134.084 134.086 134.088 134.091 134.093 134.095 134.100 134.109 134.116 134.124 134.131 134.138 134.145 134.152 134.159 134.166 134.173 134.180 134.187 134.193 134.200 134.207 134.214 134.220 -9999.000 -9999.000 -9999.000 -9999.000 -9999.000 -9999.000 -9999.000 -9999.000 -9999.000
134.079 134.080 134.083 134.086 134.069 134.035 134.036 134.038 134.040 134.041 134.043 134.044 134.046 134.048 134.049 134.051 134.052 134.054 134.055 134.056 134.058 134.059 134.061 134.062 134.064 134.066 134.067 134.069 134.071 134.072 134.074 134.076 134.078 134.079 134.079 134.089 134.097 134.104 134.111 134.118 134.125 134.132 134.139 134.146 134.153 134.160 134.167 134.174 134.181 134.188 134.195 134.202 134.211 -9999.000 -9999.000 -9999.000 -9999.000 -9999.000 -9999.000 -9999.000 -9999.000 -9999.000
134.069 134.071 134.073 -9999.000 -9999.000 134.029 134.030 134.032 134.033 134.034 134.036 134.037 134.039 134.040 134.041 134.042 134.044 134.045 134.046 134.047 134.048 134.050 134.051 134.052 134.053 134.055 134.056 134.057 134.059 134.060 134.062 134.063 134.065 134.066 134.068 134.077 134.085 134.092 134.099 134.106 134.113 134.120 134.127 134.134 134.141 134.148 134.155 134.162 134.169 134.176 134.182 134.188 -9999.000 -9999.000 -9999.000 -9999.000 -9999.000 -9999.000 -9999.000 -9999.000 -9999.000 -9999.000
