LISFLOOD/results/run1.inittm
ncols         134
nrows         96
xllcorner     341244.004907
yllcorner     4516825.805194
cellsize      30.000000
NODATA_value  -9999.000000
[rows 58 to 86 of 96, columns 65 to 129 of 134]
-9999.000 1.809 1.781 1.731 1.697 1.670 1.537 1.453 1.437 1.411 1.394 1.371 1.346 1.154 0.340 0.124 0.108 0.093 0.079 0.067 0.055 0.044 0.034 0.026 0.018 0.012 0.007 0.003 0.001 0.001 0.001 0.001 0.002 0.010 0.440 0.473 0.457 0.449 0.448 0.458 0.463 0.467 0.469 0.469 0.472 0.472 0.644 2.868 -9999.000 -9999.000 -9999.000 -9999.000 -9999.000 -9999.000 -9999.000 -9999.000 -9999.000 -9999.000 -9999.000 -9999.000 -9999.000 -9999.000 -9999.000 -9999.000 -9999.000
-9999.000 1.834 1.846 1.741 1.679 1.652 1.503 1.463 1.450 1.440 1.441 1.414 1.451 0.859 0.146 0.119 0.103 0.089 0.076 0.063 0.052 0.041 0.032 0.023 0.016 0.009 0.004 0.002 0.001 0.001 0.001 0.001 0.002 0.388 0.475 0.484 0.469 0.461 0.460 0.482 0.468 0.473 0.479 0.482 0.483 0.531 1.778 -9999.000 -9999.000 -9999.000 -9999.000 -9999.000 -9999.000 -9999.000 -9999.000 -9999.000 -9999.000 -9999.000 -9999.000 -9999.000 -9999.000 -9999.000 -9999.000 -9999.000 -9999.000
2.752 1.907 1.913 1.919 1.640 1.531 1.508 1.494 1.479 1.467 1.462 1.442 1.411 0.603 0.130 0.114 0.099 0.085 0.072 0.059 0.048 0.038 0.029 0.021 0.014 0.009 0.004 0.002 0.001 0.001 0.001 0.001 0.003 0.463 0.487 0.493 0.482 0.473 0.482 0.488 0.474 0.481 0.488 0.492 0.498 0.922 -9999.000 -9999.000 -9999.000 -9999.000 -9999.000 -9999.000 -9999.000 -9999.000 -9999.000 -9999.000 -9999.000 -9999.000 -9999.000 -9999.000 -9999.000 -9999.000 -9999.000 -9999.000 -9999.000
1.954 1.941 2.042 1.914 1.588 1.540 1.528 1.508 1.504 1.472 1.439 1.409 1.176 0.207 0.125 0.109 0.094 0.081 0.068 0.056 0.046 0.036 0.027 0.019 0.013 0.008 0.004 0.002 0.001 0.001 0.001 0.002 0.072 0.486 0.497 0.502 0.496 0.498 0.529 0.494 0.485 0.491 0.497 0.501 0.654 -9999.000 -9999.000 -9999.000 -9999.000 -9999.000 -9999.000 -9999.000 -9999.000 -9999.000 -9999.000 -9999.000 -9999.000 -9999.000 -9999.000 -9999.000 -9999.000 -9999.000 -9999.000 -9999.000 -9999.000
1.968 2.042 2.037 1.748 1.583 1.553 1.539 1.523 1.520 1.504 1.477 1.554 0.876 0.140 0.120 0.105 0.091 0.077 0.064 0.053 0.042 0.033 0.024 0.018 0.012 0.007 0.003 0.001 0.001 0.001 0.001 0.002 0.480 0.499 0.504 0.511 0.509 0.532 0.538 0.502 0.499 0.502 0.506 0.523 1.532 -9999.000 -9999.000 -9999.000 -9999.000 -9999.000 -9999.000 -9999.000 -9999.000 -9999.000 -9999.000 -9999.000 -9999.000 -9999.000 -9999.000 -9999.000 -9999.000 -9999.000 -9999.000 -9999.000 -9999.000
2.049 2.015 1.951 1.647 1.599 1.572 1.554 1.551 1.567 1.541 1.531 1.553 0.642 0.132 0.116 0.100 0.086 0.073 0.061 0.049 0.039 0.030 0.022 0.015 0.009 0.004 0.002 0.001 0.001 0.001 0.001 0.002 0.503 0.508 0.515 0.518 0.526 0.550 0.546 0.514 0.511 0.513 0.517 0.661 -9999.000 -9999.000 -9999.000 -9999.000 -9999.000 -9999.000 -9999.000 -9999.000 -9999.000 -9999.000 -9999.000 -9999.000 -9999.000 -9999.000 -9999.000 -9999.000 -9999.000 -9999.000 -9999.000 -9999.000 -9999.000
2.054 2.018 1.942 1.651 1.610 1.588 1.572 1.570 1.556 1.528 1.500 1.259 0.217 0.128 0.112 0.096 0.082 0.069 0.058 0.047 0.037 0.028 0.020 0.013 0.008 0.004 0.002 0.001 0.001 0.001 0.001 0.483 0.511 0.516 0.523 0.526 0.549 0.556 0.551 0.528 0.523 0.524 0.527 0.850 -9999.000 -9999.000 -9999.000 -9999.000 -9999.000 -9999.000 -9999.000 -9999.000 -9999.000 -9999.000 -9999.000 -9999.000 -9999.000 -9999.000 -9999.000 -9999.000 -9999.000 -9999.000 -9999.000 -9999.000 -9999.000
2.096 1.841 1.738 1.638 1.621 1.604 1.599 1.578 1.553 1.526 1.498 0.903 0.142 0.123 0.107 0.093 0.079 0.066 0.054 0.044 0.034 0.026 0.018 0.012 0.007 0.003 0.001 0.001 0.001 0.001 0.002 0.516 0.521 0.523 0.529 0.544 0.581 0.562 0.552 0.540 0.537 0.537 0.540 1.218 -9999.000 -9999.000 -9999.000 -9999.000 -9999.000 -9999.000 -9999.000 -9999.000 -9999.000 -9999.000 -9999.000 -9999.000 -9999.000 -9999.000 -9999.000 -9999.000 -9999.000 -9999.000 -9999.000 -9999.000 -9999.000
1.907 1.697 1.677 1.656 1.645 1.620 1.605 1.579 1.558 1.527 1.502 0.652 0.135 0.118 0.103 0.088 0.075 0.063 0.052 0.041 0.032 0.023 0.016 0.009 0.004 0.002 0.001 0.001 0.001 0.001 0.017 0.531 0.528 0.531 0.535 0.558 0.591 0.570 0.563 0.552 0.550 0.549 0.573 2.838 -9999.000 -9999.000 -9999.000 -9999.000 -9999.000 -9999.000 -9999.000 -9999.000 -9999.000 -9999.000 -9999.000 -9999.000 -9999.000 -9999.000 -9999.000 -9999.000 -9999.000 -9999.000 -9999.000 -9999.000 -9999.000
1.833 1.713 1.702 1.683 1.712 1.638 1.589 1.566 1.544 1.515 1.363 0.270 0.131 0.114 0.099 0.085 0.071 0.059 0.048 0.038 0.029 0.021 0.014 0.009 0.004 0.002 0.001 0.001 0.001 0.001 0.522 0.537 0.536 0.537 0.552 0.578 0.587 0.580 0.573 0.565 0.564 0.563 0.648 -9999.000 -9999.000 -9999.000 -9999.000 -9999.000 -9999.000 -9999.000 -9999.000 -9999.000 -9999.000 -9999.000 -9999.000 -9999.000 -9999.000 -9999.000 -9999.000 -9999.000 -9999.000 -9999.000 -9999.000 -9999.000 -9999.000
1.764 1.736 1.733 1.722 1.737 1.646 1.632 1.631 1.606 1.554 0.998 0.151 0.126 0.109 0.094 0.081 0.068 0.056 0.046 0.036 0.027 0.019 0.013 0.008 0.004 0.002 0.001 0.001 0.001 0.002 0.545 0.544 0.544 0.553 0.580 0.614 0.596 0.591 0.583 0.579 0.577 0.577 0.752 -9999.000 -9999.000 -9999.000 -9999.000 -9999.000 -9999.000 -9999.000 -9999.000 -9999.000 -9999.000 -9999.000 -9999.000 -9999.000 -9999.000 -9999.000 -9999.000 -9999.000 -9999.000 -9999.000 -9999.000 -9999.000 -9999.000
1.778 1.769 1.769 1.756 1.698 1.657 1.646 1.621 1.593 1.472 0.695 0.138 0.121 0.106 0.091 0.077 0.064 0.053 0.042 0.033 0.025 0.018 0.012 0.007 0.003 0.001 0.001 0.001 0.001 0.012 0.554 0.551 0.556 0.574 0.591 0.636 0.609 0.602 0.593 0.592 0.591 0.591 0.882 -9999.000 -9999.000 -9999.000 -9999.000 -9999.000 -9999.000 -9999.000 -9999.000 -9999.000 -9999.000 -9999.000 -9999.000 -9999.000 -9999.000 -9999.000 -9999.000 -9999.000 -9999.000 -9999.000 -9999.000 -9999.000 -9999.000
1.813 1.820 1.794 1.742 1.690 1.681 1.672 1.638 1.612 1.317 0.231 0.134 0.117 0.101 0.087 0.073 0.061 0.050 0.039 0.031 0.022 0.015 0.009 0.004 0.002 0.001 0.001 0.001 0.001 0.552 0.558 0.559 0.572 0.582 0.597 0.648 0.626 0.612 0.607 0.606 0.605 0.605 1.095 -9999.000 -9999.000 -9999.000 -9999.000 -9999.000 -9999.000 -9999.000 -9999.000 -9999.000 -9999.000 -9999.000 -9999.000 -9999.000 -9999.000 -9999.000 -9999.000 -9999.000 -9999.000 -9999.000 -9999.000 -9999.000 -9999.000
1.856 1.844 1.783 1.721 1.704 1.729 1.702 1.668 1.652 1.063 0.152 0.130 0.113 0.098 0.083 0.070 0.058 0.047 0.037 0.028 0.020 0.013 0.008 0.004 0.002 0.001 0.001 0.001 0.001 0.561 0.563 0.573 0.579 0.591 0.626 0.636 0.639 0.622 0.621 0.619 0.619 0.652 1.430 -9999.000 -9999.000 -9999.000 -9999.000 -9999.000 -9999.000 -9999.000 -9999.000 -9999.000 -9999.000 -9999.000 -9999.000 -9999.000 -9999.000 -9999.000 -9999.000 -9999.000 -9999.000 -9999.000 -9999.000 -9999.000 -9999.000
1.888 1.811 1.753 1.732 1.737 1.759 1.643 1.618 1.591 0.838 0.144 0.126 0.109 0.094 0.080 0.067 0.055 0.044 0.034 0.026 0.018 0.012 0.007 0.003 0.001 0.001 0.001 0.001 0.003 0.563 0.579 0.578 0.593 0.631 0.654 0.645 0.647 0.634 0.633 0.633 0.633 0.730 -9999.000 -9999.000 -9999.000 -9999.000 -9999.000 -9999.000 -9999.000 -9999.000 -9999.000 -9999.000 -9999.000 -9999.000 -9999.000 -9999.000 -9999.000 -9999.000 -9999.000 -9999.000 -9999.000 -9999.000 -9999.000 -9999.000 -9999.000
1.853 1.780 1.767 1.770 1.753 1.734 1.645 1.622 1.581 0.598 0.140 0.123 0.106 0.091 0.076 0.063 0.052 0.041 0.032 0.023 0.016 0.009 0.004 0.002 0.001 0.001 0.001 0.001 0.555 0.576 0.584 0.608 0.627 0.642 0.689 0.657 0.657 0.647 0.647 0.647 0.647 0.833 -9999.000 -9999.000 -9999.000 -9999.000 -9999.000 -9999.000 -9999.000 -9999.000 -9999.000 -9999.000 -9999.000 -9999.000 -9999.000 -9999.000 -9999.000 -9999.000 -9999.000 -9999.000 -9999.000 -9999.000 -9999.000 -9999.000 -9999.000
1.807 1.794 1.851 1.921 1.862 1.779 1.674 2.008 1.418 0.254 0.137 0.119 0.102 0.087 0.073 0.061 0.049 0.039 0.029 0.021 0.014 0.009 0.004 0.002 0.001 0.001 0.001 0.001 0.584 0.585 0.601 0.631 0.636 0.657 0.721 0.675 0.668 0.661 0.661 0.661 0.661 0.984 -9999.000 -9999.000 -9999.000 -9999.000 -9999.000 -9999.000 -9999.000 -9999.000 -9999.000 -9999.000 -9999.000 -9999.000 -9999.000 -9999.000 -9999.000 -9999.000 -9999.000 -9999.000 -9999.000 -9999.000 -9999.000 -9999.000 -9999.000
1.821 1.817 1.895 1.979 2.022 1.751 1.728 1.756 1.177 0.170 0.134 0.117 0.099 0.084 0.070 0.057 0.046 0.036 0.028 0.019 0.013 0.008 0.004 0.002 0.001 0.001 0.001 0.002 0.594 0.604 0.634 0.639 0.645 0.682 0.714 0.698 0.679 0.677 0.676 0.676 0.676 1.247 -9999.000 -9999.000 -9999.000 -9999.000 -9999.000 -9999.000 -9999.000 -9999.000 -9999.000 -9999.000 -9999.000 -9999.000 -9999.000 -9999.000 -9999.000 -9999.000 -9999.000 -9999.000 -9999.000 -9999.000 -9999.000 -9999.000 -9999.000
1.863 1.885 1.926 2.017 1.926 1.766 1.779 1.747 0.944 0.154 0.132 0.113 0.096 0.081 0.067 0.055 0.043 0.034 0.026 0.018 0.012 0.007 0.003 0.001 0.001 0.001 0.001 0.002 0.609 0.641 0.643 0.647 0.660 0.702 0.719 0.721 0.691 0.691 0.691 0.690 0.699 1.884 -9999.000 -9999.000 -9999.000 -9999.000 -9999.000 -9999.000 -9999.000 -9999.000 -9999.000 -9999.000 -9999.000 -9999.000 -9999.000 -9999.000 -9999.000 -9999.000 -9999.000 -9999.000 -9999.000 -9999.000 -9999.000 -9999.000 -9999.000
1.966 1.980 1.961 1.857 1.808 1.791 1.815 1.711 0.761 0.150 0.131 0.112 0.094 0.078 0.064 0.052 0.041 0.031 0.023 0.016 0.009 0.004 0.002 0.001 0.001 0.001 0.001 0.002 0.639 0.649 0.651 0.656 0.677 0.714 0.726 0.732 0.704 0.704 0.705 0.704 0.748 -9999.000 -9999.000 -9999.000 -9999.000 -9999.000 -9999.000 -9999.000 -9999.000 -9999.000 -9999.000 -9999.000 -9999.000 -9999.000 -9999.000 -9999.000 -9999.000 -9999.000 -9999.000 -9999.000 -9999.000 -9999.000 -9999.000 -9999.000 -9999.000
1.925 1.878 1.861 1.846 1.828 1.833 1.831 1.496 0.339 0.149 0.129 0.110 0.093 0.077 0.063 0.049 0.038 0.029 0.021 0.014 0.009 0.004 0.002 0.001 0.001 0.001 0.001 0.003 0.654 0.657 0.660 0.666 0.690 0.715 0.724 0.732 0.718 0.719 0.719 0.719 0.843 -9999.000 -9999.000 -9999.000 -9999.000 -9999.000 -9999.000 -9999.000 -9999.000 -9999.000 -9999.000 -9999.000 -9999.000 -9999.000 -9999.000 -9999.000 -9999.000 -9999.000 -9999.000 -9999.000 -9999.000 -9999.000 -9999.000 -9999.000 -9999.000
1.918 1.906 1.983 2.009 1.966 1.929 1.897 1.209 0.181 0.150 0.129 0.110 0.092 0.076 0.061 0.048 0.036 0.027 0.018 0.012 0.008 0.004 0.002 0.001 0.001 0.001 0.002 0.004 0.670 0.668 0.669 0.686 0.707 0.757 0.736 0.742 0.734 0.734 0.734 0.734 0.997 -9999.000 -9999.000 -9999.000 -9999.000 -9999.000 -9999.000 -9999.000 -9999.000 -9999.000 -9999.000 -9999.000 -9999.000 -9999.000 -9999.000 -9999.000 -9999.000 -9999.000 -9999.000 -9999.000 -9999.000 -9999.000 -9999.000 -9999.000 -9999.000
2.357 2.415 2.768 2.706 2.613 2.464 1.987 0.932 0.171 0.149 0.129 0.109 0.092 0.076 0.061 0.047 0.035 0.024 0.017 0.010 0.006 0.003 0.001 0.001 0.001 0.001 0.002 0.033 0.684 0.678 0.681 0.701 0.721 0.809 0.748 0.753 0.749 0.749 0.749 0.749 1.193 -9999.000 -9999.000 -9999.000 -9999.000 -9999.000 -9999.000 -9999.000 -9999.000 -9999.000 -9999.000 -9999.000 -9999.000 -9999.000 -9999.000 -9999.000 -9999.000 -9999.000 -9999.000 -9999.000 -9999.000 -9999.000 -9999.000 -9999.000 -9999.000
3.454 3.556 3.036 2.846 2.555 2.497 1.896 0.667 0.173 0.151 0.130 0.111 0.092 0.075 0.060 0.047 0.034 0.024 0.016 0.008 0.003 0.001 0.001 0.001 0.001 0.662 0.005 0.673 0.695 0.687 0.688 0.711 0.745 0.820 0.764 0.765 0.766 0.765 0.765 0.766 1.499 -9999.000 -9999.000 -9999.000 -9999.000 -9999.000 -9999.000 -9999.000 -9999.000 -9999.000 -9999.000 -9999.000 -9999.000 -9999.000 -9999.000 -9999.000 -9999.000 -9999.000 -9999.000 -9999.000 -9999.000 -9999.000 -9999.000 -9999.000 -9999.000
2.457 2.447 2.389 2.344 2.292 2.210 1.626 0.291 0.177 0.154 0.133 0.113 0.094 0.077 0.062 0.048 0.036 0.026 0.017 0.011 0.006 0.003 0.001 0.001 0.663 0.048 0.021 0.709 0.704 0.696 0.696 0.734 0.781 0.797 0.784 0.778 0.779 0.780 0.780 0.801 3.653 -9999.000 -9999.000 -9999.000 -9999.000 -9999.000 -9999.000 -9999.000 -9999.000 -9999.000 -9999.000 -9999.000 -9999.000 -9999.000 -9999.000 -9999.000 -9999.000 -9999.000 -9999.000 -9999.000 -9999.000 -9999.000 -9999.000 -9999.000 -9999.000
2.177 2.207 2.214 2.251 2.217 2.178 1.371 0.218 0.181 0.158 0.136 0.116 0.098 0.081 0.066 0.052 0.039 0.029 0.021 0.014 0.009 0.005 0.003 0.002 0.706 0.054 0.674 0.718 0.713 0.704 0.706 0.759 0.877 0.816 0.805 0.793 0.794 0.794 0.795 0.944 -9999.000 -9999.000 -9999.000 -9999.000 -9999.000 -9999.000 -9999.000 -9999.000 -9999.000 -9999.000 -9999.000 -9999.000 -9999.000 -9999.000 -9999.000 -9999.000 -9999.000 -9999.000 -9999.000 -9999.000 -9999.000 -9999.000 -9999.000 -9999.000 -9999.000
2.116 2.176 2.177 2.291 2.237 2.029 1.156 0.211 0.185 0.162 0.141 0.122 0.103 0.086 0.071 0.057 0.044 0.034 0.026 0.018 0.013 0.009 0.006 0.020 0.782 0.064 0.698 0.722 0.724 0.714 0.715 0.794 1.062 0.844 0.820 0.808 0.809 0.809 0.810 1.157 -9999.000 -9999.000 -9999.000 -9999.000 -9999.000 -9999.000 -9999.000 -9999.000 -9999.000 -9999.000 -9999.000 -9999.000 -9999.000 -9999.000 -9999.000 -9999.000 -9999.000 -9999.000 -9999.000 -9999.000 -9999.000 -9999.000 -9999.000 -9999.000 -9999.000
2.160 2.148 2.141 2.302 2.268 1.892 0.992 0.216 0.192 0.169 0.148 0.128 0.109 0.093 0.077 0.063 0.052 0.041 0.032 0.024 0.018 0.013 0.010 0.704 0.801 0.075 0.715 0.736 0.738 0.723 0.726 0.844 1.062 0.881 0.834 0.827 0.825 0.825 0.825 1.417 -9999.000 -9999.000 -9999.000 -9999.000 -9999.000 -9999.000 -9999.000 -9999.000 -9999.000 -9999.000 -9999.000 -9999.000 -9999.000 -9999.000 -9999.000 -9999.000 -9999.000 -9999.000 -9999.000 -9999.000 -9999.000 -9999.000 -9999.000 -9999.000 -9999.000
2.146 2.126 2.109 2.088 2.051 1.788 0.789 0.226 0.201 0.178 0.157 0.137 0.118 0.101 0.086 0.072 0.059 0.049 0.040 0.032 0.026 0.020 0.017 0.812 0.821 0.086 0.732 0.748 0.753 0.733 0.738 0.870 0.931 0.924 0.848 0.844 0.842 0.842 0.871 2.966 -9999.000 -9999.000 -9999.000 -9999.000 -9999.000 -9999.000 -9999.000 -9999.000 -9999.000 -9999.000 -9999.000 -9999.000 -9999.000 -9999.000 -9999.000 -9999.000 -9999.000 -9999.000 -9999.000 -9999.000 -9999.000 -9999.000 -9999.000 -9999.000 -9999.000
