LISFLOOD/results/run1.mxe
ncols         134
nrows         96
xllcorner     341244.004907
yllcorner     4516825.805194
cellsize      30.000000
NODATA_value  -9999.000000
[rows 0 to 27 of 96, columns 62 to 123 of 134]
-9999.000 -9999.000 -9999.000 -9999.000 -9999.000 -9999.000 -9999.000 -9999.000 -9999.000 -9999.000 -9999.000 -9999.000 -9999.000 -9999.000 -9999.000 -9999.000 -9999.000 -9999.000 -9999.000 -9999.000 -9999.000 -9999.000 -9999.000 -9999.000 -9999.000 -9999.000 -9999.000 -9999.000 -9999.000 -9999.000 -9999.000 -9999.000 -9999.000 -9999.000 -9999.000 -9999.000 -9999.000 -9999.000 -9999.000 -9999.000 -9999.000 -9999.000 -9999.000 -9999.000 -9999.000 -9999.000 -9999.000 -9999.000 -9999.000 -9999.000 -9999.000 -9999.000 -9999.000 -9999.000 -9999.000 -9999.000 -9999.000 -9999.000 -9999.000 -9999.000 -9999.000 -9999.000
-9999.000 -9999.000 -9999.000 -9999.000 -9999.000 -9999.000 -9999.000 -9999.000 -9999.000 -9999.000 -9999.000 -9999.000 -9999.000 -9999.000 -9999.000 -9999.000 -9999.000 -9999.000 -9999.000 -9999.000 -9999.000 -9999.000 -9999.000 -9999.000 -9999.000 -9999.000 -9999.000 -9999.000 -9999.000 -9999.000 -9999.000 -9999.000 -9999.000 -9999.000 -9999.000 -9999.000 -9999.000 -9999.000 -9999.000 -9999.000 -9999.000 -9999.000 -9999.000 -9999.000 -9999.000 -9999.000 -9999.000 -9999.000 -9999.000 -9999.000 -9999.000 -9999.000 -9999.000 -9999.000 -9999.000 -9999.000 -9999.000 -9999.000 -9999.000 -9999.000 -9999.000 -9999.000
-9999.000 -9999.000 -9999.000 -9999.000 -9999.000 -9999.000 -9999.000 -9999.000 -9999.000 -9999.000 -9999.000 -9999.000 -9999.000 -9999.000 -9999.000 -9999.000 -9999.000 -9999.000 -9999.000 -9999.000 -9999.000 -9999.000 -9999.000 -9999.000 -9999.000 -9999.000 -9999.000 -9999.000 -9999.000 -9999.000 -9999.000 -9999.000 -9999.000 -9999.000 -9999.000 -9999.000 -9999.000 -9999.000 -9999.000 -9999.000 -9999.000 -9999.000 -9999.000 -9999.000 -9999.000 -9999.000 -9999.000 -9999.000 -9999.000 -9999.000 -9999.000 -9999.000 -9999.000 -9999.000 -9999.000 -9999.000 -9999.000 -9999.000 -9999.000 -9999.000 -9999.000 -9999.000
-9999.000 -9999.000 134.350 134.350 134.350 134.351 134.351 134.352 134.353 134.354 134.355 134.357 134.360 134.363 134.366 134.369 134.372 134.375 134.379 134.383 134.388 134.393 134.398 134.403 134.409 134.415 134.421 134.427 134.434 134.441 134.449 134.456 134.464 134.473 134.481 134.490 134.499 134.508 134.517 134.526 134.535 134.544 134.551 134.557 -9999.000 -9999.000 -9999.000 -9999.000 -9999.000 -9999.000 -9999.000 -9999.000 -9999.000 -9999.000 -9999.000 -9999.000 -9999.000 -9999.000 -9999.000 -9999.000 -9999.000 -9999.000
-9999.000 -9999.000 -9999.000 134.350 134.350 134.350 134.351 134.352 134.352 134.354 134.355 134.357 134.360 134.362 134.365 134.368 134.371 134.375 134.379 134.383 134.388 134.392 134.397 134.403 134.408 134.414 134.421 134.427 134.434 134.441 134.448 134.456 134.464 134.472 134.481 134.490 134.498 134.508 134.517 134.526 134.535 134.545 134.554 134.563 134.575 134.586 134.595 134.604 134.611 134.616 134.620 134.622 134.623 134.623 134.622 134.620 134.618 134.616 134.614 134.612 134.610 134.608
-9999.000 -9999.000 -9999.000 -9999.000 134.350 134.350 134.350 134.351 134.352 134.353 134.355 134.357 134.359 134.362 134.364 134.368 134.371 134.374 134.378 134.383 134.387 134.392 134.397 134.402 134.408 134.414 134.420 134.427 134.433 134.441 134.448 134.456 134.464 134.472 134.480 134.489 134.498 134.507 134.517 134.526 134.536 134.546 134.555 134.566 134.577 134.587 134.597 134.605 134.612 134.618 134.621 134.624 134.624 134.624 134.622 134.621 134.618 134.616 134.614 134.611 134.609 134.608
-9999.000 -9999.000 -9999.000 -9999.000 134.350 134.349 134.350 134.350 134.351 134.352 134.354 134.356 134.358 134.361 134.364 134.367 134.370 134.374 134.378 134.382 134.386 134.391 134.396 134.401 134.407 134.413 134.419 134.426 134.433 134.440 134.447 134.455 134.463 134.471 134.480 134.488 134.498 134.507 134.516 134.526 134.536 134.546 134.557 134.568 134.579 134.589 134.599 134.608 134.615 134.621 134.625 134.626 134.627 134.625 134.624 134.621 134.619 134.616 134.614 134.611 134.609 134.607
-9999.000 -9999.000 -9999.000 -9999.000 -9999.000 134.348 134.348 134.349 134.350 134.351 134.353 134.355 134.357 134.360 134.362 134.365 134.369 134.372 134.376 134.381 134.385 134.390 134.395 134.400 134.406 134.412 134.418 134.425 134.431 134.439 134.446 134.454 134.462 134.470 134.479 134.488 134.497 134.506 134.516 134.526 134.536 134.547 134.558 134.569 134.581 134.592 134.603 134.613 134.620 134.625 134.630 134.631 134.630 134.628 134.625 134.622 134.619 134.616 134.613 134.611 134.608 134.606
-9999.000 -9999.000 -9999.000 -9999.000 -9999.000 134.347 134.347 134.348 134.349 134.350 134.351 134.353 134.356 134.358 134.361 134.364 134.367 134.371 134.375 134.379 134.384 134.388 134.393 134.399 134.404 134.410 134.417 134.423 134.430 134.437 134.445 134.452 134.460 134.469 134.477 134.486 134.496 134.505 134.515 134.526 134.536 134.547 134.559 134.571 134.583 134.595 134.608 134.619 134.628 134.630 134.638 134.638 134.635 134.631 134.627 134.623 134.619 134.616 134.613 134.610 134.608 134.605
-9999.000 -9999.000 -9999.000 -9999.000 -9999.000 134.345 134.345 134.346 134.347 134.348 134.350 134.352 134.354 134.356 134.359 134.362 134.366 134.369 134.373 134.377 134.382 134.387 134.392 134.397 134.403 134.409 134.415 134.421 134.428 134.435 134.443 134.451 134.459 134.467 134.476 134.485 134.494 134.504 134.514 134.525 134.536 134.547 134.559 134.572 134.585 134.599 134.614 134.628 134.641 134.731 134.655 134.648 134.641 134.634 134.629 134.624 134.619 134.615 134.612 134.609 134.606 134.604
-9999.000 -9999.000 -9999.000 -9999.000 -9999.000 134.343 134.343 134.344 134.345 134.346 134.348 134.350 134.352 134.354 134.357 134.360 134.364 134.367 134.371 134.375 134.380 134.385 134.390 134.395 134.401 134.407 134.413 134.419 134.426 134.433 134.441 134.449 134.457 134.465 134.474 134.483 134.493 134.503 134.513 134.524 134.535 134.547 134.559 134.572 134.587 134.602 134.619 134.639 134.667 134.718 134.678 134.658 134.646 134.637 134.630 134.624 134.619 134.614 134.611 134.607 134.605 134.602
-9999.000 -9999.000 -9999.000 -9999.000 -9999.000 134.340 134.341 134.341 134.342 134.344 134.345 134.347 134.350 134.352 134.355 134.358 134.362 134.365 134.369 134.373 134.378 134.382 134.388 134.393 134.398 134.404 134.411 134.417 134.424 134.431 134.439 134.446 134.454 134.463 134.472 134.481 134.491 134.501 134.511 134.522 134.533 134.545 134.558 134.572 134.587 134.603 134.621 134.643 134.670 134.705 134.680 134.661 134.648 134.637 134.629 134.623 134.617 134.613 134.609 134.606 134.603 134.600
-9999.000 -9999.000 -9999.000 -9999.000 -9999.000 134.337 134.338 134.339 134.340 134.341 134.343 134.345 134.347 134.350 134.353 134.356 134.359 134.363 134.367 134.371 134.375 134.380 134.385 134.390 134.396 134.402 134.408 134.415 134.421 134.428 134.436 134.444 134.452 134.460 134.469 134.478 134.488 134.498 134.509 134.520 134.531 134.544 134.557 134.570 134.586 134.602 134.621 134.642 134.666 134.693 134.675 134.659 134.646 134.636 134.628 134.621 134.615 134.611 134.607 134.603 134.600 134.598
-9999.000 -9999.000 -9999.000 -9999.000 -9999.000 134.334 134.335 134.335 134.337 134.338 134.340 134.342 134.344 134.347 134.350 134.353 134.356 134.360 134.364 134.368 134.372 134.377 134.382 134.387 134.393 134.399 134.405 134.412 134.418 134.425 134.433 134.441 134.449 134.457 134.466 134.475 134.485 134.495 134.506 134.517 134.529 134.541 134.554 134.568 134.583 134.599 134.617 134.637 134.658 134.681 134.667 134.654 134.642 134.633 134.625 134.618 134.612 134.608 134.603 134.600 134.597 134.595
-9999.000 -9999.000 -9999.000 -9999.000 -9999.000 134.330 134.331 134.332 134.333 134.335 134.337 134.339 134.341 134.344 134.347 134.350 134.353 134.357 134.361 134.365 134.369 134.374 134.379 134.384 134.390 134.396 134.402 134.408 134.415 134.422 134.430 134.437 134.446 134.454 134.463 134.472 134.482 134.492 134.502 134.513 134.525 134.537 134.550 134.564 134.579 134.595 134.612 134.630 134.649 134.669 134.657 134.646 134.636 134.628 134.620 134.614 134.608 134.604 134.600 134.597 134.594 134.591
-9999.000 -9999.000 -9999.000 -9999.000 -9999.000 134.326 134.327 134.328 134.330 134.331 134.333 134.336 134.338 134.341 134.344 134.347 134.350 134.354 134.358 134.362 134.366 134.371 134.376 134.381 134.386 134.392 134.398 134.405 134.412 134.419 134.426 134.434 134.442 134.450 134.459 134.468 134.478 134.488 134.498 134.509 134.521 134.533 134.546 134.560 134.574 134.589 134.605 134.622 134.639 134.657 134.648 134.638 134.630 134.622 134.615 134.609 134.604 134.599 134.596 134.592 134.590 134.588
-9999.000 -9999.000 -9999.000 -9999.000 134.318 134.321 134.323 134.324 134.326 134.328 134.330 134.332 134.334 134.337 134.340 134.343 134.347 134.350 134.354 134.358 134.362 134.367 134.372 134.377 134.383 134.389 134.395 134.401 134.408 134.415 134.422 134.430 134.438 134.446 134.455 134.464 134.474 134.484 134.494 134.505 134.516 134.528 134.541 134.554 134.568 134.582 134.598 134.613 134.629 134.646 134.637 134.629 134.622 134.615 134.609 134.603 134.598 134.594 134.591 134.588 134.585 134.583
-9999.000 -9999.000 -9999.000 -9999.000 134.316 134.317 134.319 134.320 134.322 134.324 134.326 134.328 134.331 134.333 134.336 134.339 134.343 134.346 134.350 134.354 134.359 134.363 134.368 134.373 134.379 134.384 134.390 134.397 134.403 134.410 134.418 134.425 134.433 134.442 134.450 134.459 134.469 134.479 134.489 134.500 134.511 134.523 134.535 134.548 134.561 134.575 134.590 134.604 134.619 134.634 134.627 134.620 134.613 134.607 134.602 134.597 134.592 134.588 134.585 134.583 134.580 134.578
-9999.000 -9999.000 -9999.000 -9999.000 134.312 134.313 134.314 134.316 134.318 134.320 134.322 134.324 134.327 134.330 134.332 134.336 134.339 134.342 134.346 134.350 134.355 134.359 134.364 134.369 134.374 134.380 134.386 134.392 134.399 134.406 134.413 134.421 134.429 134.437 134.445 134.454 134.464 134.474 134.484 134.494 134.506 134.517 134.529 134.542 134.554 134.568 134.581 134.595 134.609 134.622 134.616 134.610 134.604 134.599 134.594 134.589 134.586 134.582 134.579 134.577 134.575 134.573
-9999.000 -9999.000 -9999.000 134.304 134.307 134.308 134.310 134.312 134.314 134.316 134.318 134.320 134.323 134.325 134.328 134.331 134.335 134.338 134.342 134.346 134.350 134.355 134.359 134.365 134.370 134.375 134.381 134.388 134.394 134.401 134.408 134.416 134.424 134.432 134.440 134.449 134.458 134.468 134.478 134.489 134.499 134.511 134.522 134.534 134.547 134.560 134.573 134.586 134.599 134.611 134.605 134.600 134.595 134.590 134.586 134.582 134.579 134.576 134.573 134.571 134.569 134.568
-9999.000 -9999.000 -9999.000 134.301 134.302 134.304 134.306 134.307 134.309 134.311 134.314 134.316 134.318 134.321 134.324 134.327 134.330 134.334 134.338 134.341 134.346 134.350 134.355 134.360 134.365 134.371 134.376 134.383 134.389 134.396 134.403 134.410 134.418 134.426 134.435 134.443 134.453 134.462 134.472 134.482 134.493 134.504 134.515 134.527 134.539 134.552 134.564 134.577 134.590 134.599 134.593 134.589 134.585 134.581 134.577 134.574 134.571 134.568 134.566 134.564 134.563 134.562
-9999.000 -9999.000 -9999.000 134.297 134.298 134.299 134.301 134.303 134.305 134.307 134.309 134.312 134.314 134.317 134.320 134.323 134.326 134.329 134.333 134.337 134.341 134.345 134.350 134.355 134.360 134.365 134.371 134.377 134.384 134.390 134.397 134.405 134.412 134.420 134.429 134.437 134.446 134.456 134.465 134.475 134.486 134.497 134.508 134.519 134.531 134.543 134.556 134.569 134.583 134.584 134.581 134.578 134.574 134.571 134.568 134.566 134.563 134.561 134.559 134.558 134.556 134.555
-9999.000 -9999.000 134.291 134.292 134.293 134.295 134.296 134.298 134.300 134.302 134.305 134.307 134.309 134.312 134.315 134.318 134.321 134.324 134.328 134.332 134.336 134.340 134.344 134.349 134.354 134.360 134.366 134.372 134.378 134.384 134.391 134.399 134.406 134.414 134.422 134.431 134.440 134.449 134.459 134.468 134.479 134.489 134.500 134.511 134.523 134.534 134.547 134.559 134.572 134.571 134.569 134.567 134.564 134.562 134.559 134.557 134.555 134.553 134.552 134.550 134.550 134.549
-9999.000 -9999.000 134.288 134.287 134.288 134.290 134.291 134.293 134.295 134.298 134.300 134.302 134.305 134.307 134.310 134.313 134.316 134.319 134.323 134.326 134.330 134.334 134.339 134.344 134.349 134.354 134.360 134.366 134.372 134.378 134.385 134.392 134.400 134.408 134.416 134.424 134.433 134.442 134.451 134.461 134.471 134.481 134.492 134.503 134.514 134.525 134.537 134.549 134.561 134.559 134.558 134.556 134.554 134.552 134.550 134.548 134.547 134.545 134.544 134.543 134.542 134.542
-9999.000 -9999.000 134.281 134.281 134.282 134.284 134.286 134.288 134.290 134.293 134.295 134.297 134.300 134.303 134.305 134.308 134.311 134.314 134.317 134.321 134.325 134.329 134.333 134.338 134.343 134.348 134.353 134.359 134.365 134.372 134.379 134.386 134.393 134.401 134.409 134.417 134.426 134.435 134.444 134.453 134.463 134.473 134.484 134.494 134.505 134.516 134.527 134.538 134.549 134.548 134.546 134.545 134.543 134.542 134.540 134.539 134.538 134.537 134.536 134.536 134.535 134.535
-9999.000 134.265 134.268 134.273 134.276 134.279 134.281 134.283 134.286 134.288 134.290 134.293 134.295 134.298 134.300 134.303 134.306 134.309 134.312 134.315 134.319 134.323 134.327 134.332 134.336 134.342 134.347 134.353 134.359 134.365 134.372 134.379 134.386 134.394 134.401 134.410 134.418 134.427 134.436 134.445 134.455 134.465 134.475 134.485 134.496 134.507 134.517 134.528 134.538 134.536 134.535 134.534 134.533 134.532 134.531 134.530 134.529 134.528 134.528 134.528 134.528 134.528
-9999.000 134.263 134.265 134.268 134.271 134.273 134.276 134.278 134.281 134.283 134.285 134.288 134.290 134.293 134.295 134.298 134.300 134.303 134.306 134.309 134.313 134.317 134.321 134.325 134.330 134.335 134.340 134.346 134.352 134.358 134.365 134.372 134.379 134.386 134.394 134.402 134.410 134.419 134.428 134.437 134.446 134.456 134.466 134.476 134.487 134.497 134.508 134.518 134.526 134.525 134.524 134.523 134.522 134.522 134.521 134.521 134.520 134.520 134.520 134.520 134.520 134.520
134.254 134.258 134.260 134.263 134.266 134.268 134.271 134.273 134.276 134.278 134.280 134.283 134.285 134.288 134.290 134.292 134.295 134.297 134.300 134.303 134.306 134.310 134.314 134.318 134.323 134.328 134.333 134.339 134.345 134.351 134.357 134.364 134.371 134.378 134.386 134.394 134.402 134.411 134.419 134.428 134.438 134.447 134.457 134.467 134.477 134.488 134.499 134.511 134.512 134.513 134.512 134.512 134.512 134.511 134.511 134.511 134.511 134.511 134.511 134.512 134.512 134.513
