LISFLOOD/results/run3.mxe
ncols         400
nrows         288
xllcorner     341244.004907
yllcorner     4516825.805194
cellsize      10.000000
NODATA_value  -9999.000000
[rows 0 to 26 of 288, columns 310 to 371 of 400]
-9999.000 -9999.000 -9999.000 -9999.000 -9999.000 -9999.000 -9999.000 -9999.000 -9999.000 -9999.000 -9999.000 -9999.000 -9999.000 -9999.000 -9999.000 -9999.000 -9999.000 -9999.000 -9999.000 -9999.000 -9999.000 -9999.000 -9999.000 -9999.000 -9999.000 -9999.000 -9999.000 -9999.000 -9999.000 -9999.000 -9999.000 -9999.000 -9999.000 -9999.000 -9999.000 -9999.000 -9999.000 -9999.000 -9999.000 -9999.000 -9999.000 -9999.000 -9999.000 -9999.000 -9999.000 -9999.000 -9999.000 -9999.000 -9999.000 -9999.000 -9999.000 -9999.000 -9999.000 -9999.000 -9999.000 -9999.000 -9999.000 -9999.000 -9999.000 -9999.000 -9999.000 -9999.000
-9999.000 -9999.000 -9999.000 -9999.000 -9999.000 -9999.000 -9999.000 -9999.000 -9999.000 -9999.000 -9999.000 -9999.000 -9999.000 -9999.000 -9999.000 -9999.000 -9999.000 -9999.000 -9999.000 -9999.000 -9999.000 -9999.000 -9999.000 -9999.000 -9999.000 -9999.000 -9999.000 -9999.000 -9999.000 -9999.000 -9999.000 -9999.000 -9999.000 -9999.000 -9999.000 -9999.000 -9999.000 -9999.000 -9999.000 -9999.000 -9999.000 -9999.000 -9999.000 -9999.000 -9999.000 -9999.000 -9999.000 -9999.000 -9999.000 -9999.000 -9999.000 -9999.000 -9999.000 -9999.000 -9999.000 -9999.000 -9999.000 -9999.000 -9999.000 -9999.000 -9999.000 -9999.000
-9999.000 -9999.000 -9999.000 -9999.000 -9999.000 -9999.000 -9999.000 -9999.000 -9999.000 -9999.000 -9999.000 -9999.000 -9999.000 -9999.000 -9999.000 -9999.000 -9999.000 -9999.000 -9999.000 -9999.000 -9999.000 -9999.000 -9999.000 -9999.000 -9999.000 -9999.000 -9999.000 -9999.000 -9999.000 -9999.000 -9999.000 -9999.000 -9999.000 -9999.000 -9999.000 -9999.000 -9999.000 -9999.000 -9999.000 -9999.000 -9999.000 -9999.000 -9999.000 -9999.000 -9999.000 -9999.000 -9999.000 -9999.000 -9999.000 -9999.000 -9999.000 -9999.000 -9999.000 -9999.000 -9999.000 -9999.000 -9999.000 -9999.000 -9999.000 -9999.000 -9999.000 -9999.000
-9999.000 -9999.000 -9999.000 -9999.000 -9999.000 -9999.000 -9999.000 -9999.000 -9999.000 -9999.000 -9999.000 -9999.000 -9999.000 -9999.000 -9999.000 -9999.000 -9999.000 -9999.000 -9999.000 -9999.000 -9999.000 -9999.000 -9999.000 -9999.000 -9999.000 -9999.000 -9999.000 -9999.000 -9999.000 -9999.000 -9999.000 -9999.000 -9999.000 -9999.000 -9999.000 -9999.000 -9999.000 -9999.000 -9999.000 -9999.000 -9999.000 -9999.000 -9999.000 -9999.000 -9999.000 -9999.000 -9999.000 -9999.000 -9999.000 -9999.000 -9999.000 -9999.000 -9999.000 -9999.000 -9999.000 -9999.000 -9999.000 -9999.000 -9999.000 -9999.000 -9999.000 -9999.000
-9999.000 -9999.000 -9999.000 -9999.000 -9999.000 -9999.000 -9999.000 -9999.000 -9999.000 -9999.000 -9999.000 -9999.000 -9999.000 -9999.000 -9999.000 -9999.000 -9999.000 -9999.000 -9999.000 -9999.000 -9999.000 -9999.000 -9999.000 -9999.000 -9999.000 -9999.000 -9999.000 -9999.000 -9999.000 -9999.000 -9999.000 -9999.000 -9999.000 -9999.000 -9999.000 -9999.000 -9999.000 -9999.000 -9999.000 -9999.000 -9999.000 -9999.000 -9999.000 -9999.000 -9999.000 -9999.000 -9999.000 -9999.000 -9999.000 -9999.000 -9999.000 -9999.000 -9999.000 -9999.000 -9999.000 -9999.000 -9999.000 -9999.000 -9999.000 -9999.000 -9999.000 -9999.000
-9999.000 -9999.000 -9999.000 -9999.000 -9999.000 -9999.000 -9999.000 -9999.000 -9999.000 -9999.000 -9999.000 -9999.000 -9999.000 -9999.000 -9999.000 -9999.000 -9999.000 -9999.000 -9999.000 -9999.000 -9999.000 -9999.000 -9999.000 -9999.000 -9999.000 -9999.000 -9999.000 -9999.000 -9999.000 -9999.000 -9999.000 -9999.000 -9999.000 -9999.000 -9999.000 -9999.000 -9999.000 -9999.000 -9999.000 -9999.000 -9999.000 -9999.000 -9999.000 -9999.000 -9999.000 -9999.000 -9999.000 -9999.000 -9999.000 -9999.000 -9999.000 -9999.000 -9999.000 -9999.000 -9999.000 -9999.000 -9999.000 -9999.000 -9999.000 -9999.000 -9999.000 -9999.000
-9999.000 -9999.000 -9999.000 -9999.000 -9999.000 -9999.000 -9999.000 -9999.000 -9999.000 -9999.000 -9999.000 -9999.000 -9999.000 -9999.000 -9999.000 -9999.000 -9999.000 -9999.000 -9999.000 -9999.000 -9999.000 -9999.000 -9999.000 -9999.000 -9999.000 -9999.000 -9999.000 -9999.000 -9999.000 -9999.000 -9999.000 -9999.000 -9999.000 -9999.000 -9999.000 -9999.000 -9999.000 -9999.000 -9999.000 -9999.000 -9999.000 -9999.000 -9999.000 -9999.000 -9999.000 -9999.000 -9999.000 -9999.000 -9999.000 -9999.000 -9999.000 -9999.000 -9999.000 -9999.000 -9999.000 -9999.000 -9999.000 -9999.000 -9999.000 -9999.000 -9999.000 -9999.000
-9999.000 -9999.000 -9999.000 -9999.000 -9999.000 -9999.000 -9999.000 -9999.000 -9999.000 -9999.000 -9999.000 -9999.000 -9999.000 -9999.000 -9999.000 -9999.000 -9999.000 -9999.000 -9999.000 -9999.000 -9999.000 -9999.000 -9999.000 -9999.000 -9999.000 -9999.000 -9999.000 -9999.000 -9999.000 -9999.000 -9999.000 -9999.000 -9999.000 -9999.000 -9999.000 -9999.000 -9999.000 -9999.000 -9999.000 -9999.000 -9999.000 -9999.000 -9999.000 -9999.000 -9999.000 -9999.000 -9999.000 -9999.000 -9999.000 -9999.000 -9999.000 -9999.000 -9999.000 -9999.000 -9999.000 -9999.000 -9999.000 -9999.000 -9999.000 -9999.000 -9999.000 -9999.000
-9999.000 -9999.000 -9999.000 -9999.000 -9999.000 -9999.000 -9999.000 -9999.000 -9999.000 -9999.000 -9999.000 -9999.000 -9999.000 -9999.000 -9999.000 -9999.000 -9999.000 -9999.000 -9999.000 -9999.000 -9999.000 -9999.000 -9999.000 -9999.000 -9999.000 -9999.000 -9999.000 -9999.000 -9999.000 -9999.000 -9999.000 -9999.000 -9999.000 -9999.000 -9999.000 -9999.000 -9999.000 -9999.000 -9999.000 -9999.000 -9999.000 -9999.000 -9999.000 -9999.000 -9999.000 -9999.000 -9999.000 -9999.000 -9999.000 -9999.000 -9999.000 -9999.000 -9999.000 -9999.000 -9999.000 -9999.000 -9999.000 -9999.000 -9999.000 -9999.000 -9999.000 -9999.000
-9999.000 -9999.000 -9999.000 -9999.000 -9999.000 -9999.000 -9999.000 -9999.000 -9999.000 -9999.000 -9999.000 -9999.000 -9999.000 -9999.000 -9999.000 -9999.000 -9999.000 -9999.000 -9999.000 -9999.000 -9999.000 -9999.000 -9999.000 -9999.000 -9999.000 -9999.000 -9999.000 -9999.000 -9999.000 -9999.000 -9999.000 -9999.000 -9999.000 -9999.000 -9999.000 -9999.000 -9999.000 -9999.000 -9999.000 -9999.000 -9999.000 -9999.000 -9999.000 -9999.000 -9999.000 -9999.000 -9999.000 -9999.000 -9999.000 -9999.000 -9999.000 -9999.000 -9999.000 -9999.000 -9999.000 -9999.000 -9999.000 -9999.000 -9999.000 -9999.000 -9999.000 -9999.000
-9999.000 -9999.000 -9999.000 -9999.000 -9999.000 -9999.000 -9999.000 -9999.000 -9999.000 -9999.000 -9999.000 -9999.000 -9999.000 -9999.000 -9999.000 -9999.000 -9999.000 -9999.000 -9999.000 -9999.000 -9999.000 -9999.000 -9999.000 -9999.000 -9999.000 -9999.000 -9999.000 -9999.000 -9999.000 -9999.000 -9999.000 -9999.000 -9999.000 -9999.000 -9999.000 -9999.000 -9999.000 -9999.000 -9999.000 -9999.000 -9999.000 -9999.000 -9999.000 -9999.000 -9999.000 -9999.000 -9999.000 -9999.000 -9999.000 -9999.000 -9999.000 -9999.000 -9999.000 -9999.000 -9999.000 -9999.000 -9999.000 -9999.000 -9999.000 -9999.000 -9999.000 -9999.000
132.716 132.721 132.727 132.732 132.737 132.742 132.745 -9999.000 -9999.000 -9999.000 -9999.000 -9999.000 -9999.000 -9999.000 -9999.000 -9999.000 -9999.000 -9999.000 -9999.000 -9999.000 -9999.000 -9999.000 -9999.000 -9999.000 -9999.000 -9999.000 -9999.000 -9999.000 -9999.000 -9999.000 -9999.000 -9999.000 -9999.000 -9999.000 -9999.000 -9999.000 -9999.000 -9999.000 -9999.000 -9999.000 -9999.000 -9999.000 -9999.000 -9999.000 -9999.000 -9999.000 -9999.000 -9999.000 -9999.000 -9999.000 -9999.000 -9999.000 -9999.000 -9999.000 -9999.000 -9999.000 -9999.000 -9999.000 -9999.000 -9999.000 -9999.000 -9999.000
132.716 132.722 132.727 132.733 132.738 132.743 132.748 132.756 132.762 132.768 132.774 132.780 132.786 132.791 132.796 132.801 132.806 132.810 132.814 132.818 132.822 132.825 132.829 132.831 132.834 132.836 132.838 132.839 132.840 132.841 132.841 132.842 132.842 132.841 132.841 132.840 132.839 132.838 132.837 132.836 132.834 132.833 132.831 132.830 132.828 132.826 132.825 132.823 132.821 132.819 132.818 132.816 132.815 132.814 -9999.000 -9999.000 -9999.000 -9999.000 -9999.000 -9999.000 -9999.000 -9999.000
132.716 132.722 132.727 132.733 132.739 132.744 132.750 132.756 132.763 132.769 132.775 132.780 132.786 132.791 132.796 132.801 132.806 132.811 132.815 132.819 132.822 132.826 132.829 132.832 132.834 132.836 132.838 132.839 132.840 132.841 132.842 132.842 132.842 132.842 132.841 132.840 132.840 132.838 132.837 132.836 132.835 132.833 132.831 132.830 132.828 132.826 132.825 132.823 132.821 132.819 132.818 132.816 132.814 132.813 132.811 132.809 132.807 132.805 132.803 132.802 132.800 132.799
132.716 132.722 132.728 132.734 132.739 132.745 132.751 132.757 132.763 132.769 132.775 132.781 132.786 132.792 132.797 132.802 132.807 132.811 132.815 132.819 132.823 132.826 132.830 132.832 132.835 132.837 132.839 132.840 132.841 132.842 132.842 132.843 132.842 132.842 132.842 132.841 132.840 132.839 132.838 132.836 132.835 132.833 132.832 132.830 132.828 132.826 132.825 132.823 132.821 132.819 132.818 132.816 132.814 132.812 132.811 132.809 132.807 132.805 132.803 132.802 132.800 132.799
132.717 132.722 132.728 132.734 132.740 132.746 132.752 132.758 132.764 132.770 132.776 132.781 132.787 132.792 132.797 132.803 132.807 132.812 132.816 132.820 132.824 132.827 132.831 132.833 132.836 132.838 132.840 132.841 132.842 132.843 132.843 132.843 132.843 132.843 132.842 132.841 132.841 132.839 132.838 132.837 132.835 132.834 132.832 132.830 132.828 132.827 132.825 132.823 132.821 132.819 132.818 132.816 132.814 132.812 132.810 132.809 132.807 132.805 132.803 132.802 132.800 132.799
132.717 132.723 132.729 132.735 132.741 132.747 132.753 132.759 132.765 132.770 132.776 132.782 132.788 132.793 132.798 132.803 132.808 132.813 132.817 132.821 132.825 132.829 132.832 132.835 132.837 132.839 132.841 132.842 132.843 132.844 132.845 132.845 132.844 132.844 132.843 132.842 132.841 132.840 132.839 132.837 132.836 132.834 132.832 132.830 132.829 132.827 132.825 132.823 132.821 132.819 132.818 132.816 132.814 132.812 132.810 132.809 132.807 132.805 132.803 132.802 132.800 132.799
132.717 132.723 132.729 132.735 132.741 132.747 132.753 132.759 132.765 132.771 132.777 132.783 132.789 132.794 132.799 132.805 132.810 132.814 132.819 132.823 132.827 132.831 132.834 132.837 132.839 132.841 132.843 132.844 132.845 132.846 132.846 132.846 132.846 132.845 132.844 132.843 132.842 132.841 132.839 132.838 132.836 132.835 132.833 132.831 132.829 132.827 132.825 132.823 132.821 132.820 132.818 132.816 132.814 132.812 132.810 132.808 132.807 132.805 132.803 132.802 132.800 132.799
132.718 132.724 132.730 132.736 132.742 132.748 132.754 132.760 132.766 132.772 132.778 132.784 132.790 132.795 132.801 132.806 132.811 132.816 132.821 132.825 132.829 132.833 132.836 132.839 132.841 132.843 132.845 132.846 132.847 132.848 132.848 132.848 132.847 132.847 132.846 132.845 132.843 132.842 132.840 132.839 132.837 132.835 132.833 132.831 132.829 132.827 132.826 132.824 132.822 132.820 132.818 132.816 132.814 132.812 132.810 132.808 132.807 132.805 132.803 132.802 132.800 132.799
132.718 132.724 132.730 132.736 132.743 132.749 132.755 132.761 132.767 132.773 132.779 132.785 132.791 132.797 132.802 132.808 132.813 132.818 132.823 132.827 132.831 132.835 132.838 132.841 132.844 132.846 132.848 132.849 132.850 132.850 132.850 132.850 132.849 132.849 132.847 132.846 132.845 132.843 132.841 132.840 132.838 132.836 132.834 132.832 132.830 132.828 132.826 132.824 132.822 132.820 132.818 132.816 132.814 132.812 132.810 132.808 132.807 132.805 132.803 132.802 132.800 132.799
132.718 132.725 132.731 132.737 132.743 132.750 132.756 132.762 132.768 132.774 132.780 132.787 132.792 132.798 132.804 132.810 132.815 132.820 132.825 132.830 132.834 132.838 132.841 132.844 132.847 132.849 132.851 132.852 132.853 132.853 132.853 132.852 132.852 132.851 132.849 132.848 132.846 132.844 132.843 132.841 132.839 132.837 132.835 132.833 132.830 132.828 132.826 132.824 132.822 132.820 132.818 132.816 132.814 132.812 132.810 132.808 132.807 132.805 132.803 132.802 132.800 132.798
132.719 132.725 132.731 132.738 132.744 132.750 132.757 132.763 132.769 132.776 132.782 132.788 132.794 132.800 132.806 132.812 132.817 132.823 132.828 132.833 132.837 132.841 132.845 132.848 132.851 132.853 132.854 132.856 132.856 132.856 132.856 132.855 132.854 132.853 132.851 132.850 132.848 132.846 132.844 132.842 132.840 132.838 132.835 132.833 132.831 132.829 132.827 132.824 132.822 132.820 132.818 132.816 132.814 132.812 132.810 132.808 132.807 132.805 132.803 132.802 132.800 132.798
132.719 132.726 132.732 132.738 132.745 132.751 132.758 132.764 132.770 132.777 132.783 132.789 132.796 132.802 132.808 132.814 132.820 132.825 132.831 132.836 132.841 132.845 132.849 132.852 132.855 132.857 132.859 132.860 132.860 132.860 132.859 132.858 132.857 132.855 132.854 132.852 132.850 132.848 132.845 132.843 132.841 132.838 132.836 132.834 132.832 132.829 132.827 132.825 132.823 132.820 132.818 132.816 132.814 132.812 132.810 132.808 132.807 132.805 132.803 132.801 132.800 132.798
132.720 132.726 132.732 132.739 132.745 132.752 132.758 132.765 132.772 132.778 132.785 132.791 132.797 132.804 132.810 132.816 132.822 132.828 132.834 132.839 132.844 132.849 132.853 132.857 132.860 132.862 132.863 132.864 132.864 132.864 132.863 132.862 132.860 132.858 132.856 132.854 132.852 132.849 132.847 132.844 132.842 132.839 132.837 132.835 132.832 132.830 132.827 132.825 132.823 132.821 132.818 132.816 132.814 132.812 132.810 132.808 132.807 132.805 132.803 132.801 132.800 132.798
132.720 132.726 132.733 132.740 132.746 132.753 132.759 132.766 132.773 132.779 132.786 132.793 132.799 132.806 132.812 132.819 132.825 132.832 132.838 132.843 132.849 132.854 132.858 132.862 132.865 132.867 132.869 132.870 132.869 132.869 132.867 132.866 132.863 132.861 132.859 132.856 132.854 132.851 132.848 132.846 132.843 132.840 132.838 132.835 132.833 132.830 132.828 132.825 132.823 132.821 132.819 132.816 132.814 132.812 132.810 132.808 132.806 132.805 132.803 132.801 132.800 132.798
132.720 132.727 132.734 132.740 132.747 132.754 132.760 132.767 132.774 132.781 132.788 132.794 132.801 132.808 132.815 132.822 132.828 132.835 132.841 132.848 132.854 132.859 132.864 132.868 132.872 132.874 132.875 132.876 132.875 132.874 132.872 132.870 132.867 132.864 132.862 132.859 132.856 132.853 132.850 132.847 132.844 132.841 132.839 132.836 132.833 132.831 132.828 132.826 132.823 132.821 132.819 132.817 132.814 132.812 132.810 132.808 132.806 132.805 132.803 132.801 132.800 132.798
132.721 132.727 132.734 132.741 132.748 132.754 132.761 132.768 132.775 132.782 132.789 132.796 132.803 132.810 132.817 132.824 132.831 132.839 132.846 132.852 132.859 132.865 132.871 132.875 132.879 132.881 132.883 132.883 132.882 132.880 132.877 132.874 132.871 132.868 132.864 132.861 132.858 132.855 132.852 132.848 132.845 132.842 132.840 132.837 132.834 132.831 132.829 132.826 132.824 132.821 132.819 132.817 132.814 132.812 132.810 132.808 132.806 132.804 132.803 132.801 132.799 132.798
