LISFLOOD/results/run3.mxe
ncols         400
nrows         288
xllcorner     341244.004907
yllcorner     4516825.805194
cellsize      10.000000
NODATA_value  -9999.000000
[rows 81 to 107 of 288, columns 248 to 309 of 400]
130.171 130.192 130.206 130.219 -9999.000 -9999.000 -9999.000 -9999.000 -9999.000 132.436 132.437 132.438 132.440 132.441 132.442 132.444 132.446 132.448 132.450 132.453 132.455 132.458 132.461 132.464 132.467 132.471 132.475 132.478 132.482 132.486 132.490 132.495 132.499 132.503 132.508 132.513 132.518 132.522 132.527 132.532 132.538 132.543 132.548 132.553 132.559 132.564 132.570 132.575 132.581 132.587 132.593 132.598 132.604 132.610 132.616 132.622 132.628 132.634 132.640 132.647 132.653 132.659
130.161 130.176 130.191 -9999.000 -9999.000 -9999.000 -9999.000 -9999.000 -9999.000 132.435 132.436 132.437 132.438 132.440 132.441 132.443 132.445 132.447 132.449 132.452 132.455 132.457 132.460 132.463 132.467 132.470 132.474 132.478 132.481 132.485 132.489 132.494 132.498 132.502 132.507 132.512 132.516 132.521 132.526 132.531 132.536 132.541 132.547 132.552 132.557 132.563 132.568 132.574 132.580 132.585 132.591 132.597 132.603 132.608 132.614 132.620 132.626 132.632 132.639 132.645 132.651 132.657
130.149 130.162 -9999.000 -9999.000 -9999.000 -9999.000 -9999.000 -9999.000 132.432 132.433 132.434 132.435 132.437 132.438 132.440 132.442 132.444 132.446 132.449 132.451 132.454 132.456 132.459 132.463 132.466 132.469 132.473 132.477 132.480 132.484 132.489 132.493 132.497 132.501 132.506 132.511 132.515 132.520 132.525 132.530 132.535 132.540 132.545 132.551 132.556 132.561 132.567 132.572 132.578 132.584 132.589 132.595 132.601 132.607 132.613 132.619 132.625 132.631 132.637 132.643 132.649 132.655
130.136 -9999.000 -9999.000 -9999.000 -9999.000 -9999.000 -9999.000 -9999.000 132.430 132.431 132.432 132.434 132.435 132.437 132.439 132.441 132.443 132.445 132.447 132.450 132.453 132.456 132.459 132.462 132.465 132.468 132.472 132.476 132.479 132.483 132.487 132.492 132.496 132.500 132.505 132.509 132.514 132.519 132.524 132.529 132.534 132.539 132.544 132.549 132.554 132.560 132.565 132.571 132.576 132.582 132.588 132.593 132.599 132.605 132.611 132.617 132.623 132.629 132.635 132.641 132.647 132.653
130.117 -9999.000 -9999.000 -9999.000 -9999.000 -9999.000 -9999.000 132.426 132.428 132.429 132.431 132.432 132.434 132.435 132.437 132.439 132.442 132.444 132.446 132.449 132.452 132.454 132.457 132.461 132.464 132.467 132.471 132.475 132.478 132.482 132.486 132.490 132.495 132.499 132.504 132.508 132.513 132.518 132.522 132.527 132.532 132.537 132.542 132.548 132.553 132.558 132.564 132.569 132.575 132.580 132.586 132.592 132.597 132.603 132.609 132.615 132.621 132.627 132.633 132.639 132.645 132.651
130.100 130.099 -9999.000 -9999.000 -9999.000 -9999.000 -9999.000 132.425 132.426 132.427 132.429 132.430 132.432 132.434 132.436 132.438 132.440 132.442 132.445 132.448 132.450 132.453 132.456 132.459 132.463 132.466 132.470 132.473 132.477 132.481 132.485 132.489 132.493 132.498 132.502 132.507 132.511 132.516 132.521 132.526 132.531 132.536 132.541 132.546 132.551 132.557 132.562 132.568 132.573 132.579 132.584 132.590 132.596 132.601 132.607 132.613 132.619 132.625 132.631 132.637 132.643 132.649
130.098 130.098 -9999.000 -9999.000 -9999.000 -9999.000 132.420 132.422 132.423 132.425 132.427 132.428 132.430 132.432 132.434 132.436 132.439 132.441 132.444 132.446 132.449 132.452 132.455 132.458 132.461 132.465 132.468 132.472 132.476 132.480 132.484 132.488 132.492 132.496 132.501 132.505 132.510 132.515 132.519 132.524 132.529 132.534 132.539 132.545 132.550 132.555 132.561 132.566 132.571 132.577 132.583 132.588 132.594 132.600 132.605 132.611 132.617 132.623 132.629 132.635 132.641 132.647
-9999.000 -9999.000 -9999.000 130.731 132.331 132.413 132.418 132.420 132.421 132.423 132.425 132.426 132.428 132.430 132.432 132.435 132.437 132.439 132.442 132.445 132.448 132.450 132.454 132.457 132.460 132.463 132.467 132.471 132.474 132.478 132.482 132.486 132.491 132.495 132.499 132.504 132.509 132.513 132.518 132.523 132.528 132.533 132.538 132.543 132.548 132.553 132.559 132.564 132.570 132.575 132.581 132.586 132.592 132.598 132.604 132.609 132.615 132.621 132.627 132.633 132.639 132.645
-9999.000 -9999.000 -9999.000 -9999.000 -9999.000 132.413 132.415 132.417 132.419 132.421 132.422 132.424 132.426 132.428 132.431 132.433 132.435 132.438 132.440 132.443 132.446 132.449 132.452 132.455 132.459 132.462 132.466 132.469 132.473 132.477 132.481 132.485 132.489 132.493 132.498 132.502 132.507 132.512 132.516 132.521 132.526 132.531 132.536 132.541 132.547 132.552 132.557 132.562 132.568 132.573 132.579 132.585 132.590 132.596 132.602 132.607 132.613 132.619 132.625 132.631 132.637 132.643
-9999.000 -9999.000 -9999.000 -9999.000 132.409 132.411 132.413 132.415 132.416 132.418 132.420 132.422 132.424 132.427 132.429 132.431 132.434 132.436 132.439 132.441 132.444 132.447 132.450 132.454 132.457 132.460 132.464 132.468 132.471 132.475 132.479 132.483 132.488 132.492 132.496 132.501 132.505 132.510 132.515 132.520 132.524 132.529 132.535 132.540 132.545 132.550 132.555 132.561 132.566 132.572 132.577 132.583 132.588 132.594 132.600 132.605 132.611 132.617 132.623 132.629 132.635 132.641
-9999.000 -9999.000 -9999.000 -9999.000 132.407 132.408 132.410 132.412 132.414 132.416 132.418 132.420 132.422 132.425 132.427 132.429 132.432 132.434 132.437 132.440 132.443 132.446 132.449 132.452 132.455 132.459 132.462 132.466 132.470 132.474 132.478 132.482 132.486 132.490 132.495 132.499 132.504 132.508 132.513 132.518 132.523 132.528 132.533 132.538 132.543 132.548 132.554 132.559 132.564 132.570 132.575 132.581 132.586 132.592 132.598 132.604 132.609 132.615 132.621 132.627 132.633 132.639
-9999.000 131.401 -9999.000 132.401 132.404 132.406 132.408 132.410 132.412 132.414 132.416 132.418 132.420 132.423 132.425 132.427 132.430 132.432 132.435 132.438 132.441 132.444 132.447 132.450 132.454 132.457 132.461 132.464 132.468 132.472 132.476 132.480 132.484 132.489 132.493 132.497 132.502 132.507 132.511 132.516 132.521 132.526 132.531 132.536 132.541 132.546 132.552 132.557 132.562 132.568 132.573 132.579 132.585 132.590 132.596 132.602 132.607 132.613 132.619 132.625 132.631 132.636
130.761 132.391 132.397 132.399 132.401 132.403 132.405 132.407 132.409 132.412 132.414 132.416 132.418 132.420 132.423 132.425 132.428 132.430 132.433 132.436 132.439 132.442 132.445 132.448 132.452 132.455 132.459 132.463 132.466 132.470 132.474 132.478 132.483 132.487 132.491 132.496 132.500 132.505 132.510 132.514 132.519 132.524 132.529 132.534 132.539 132.545 132.550 132.555 132.561 132.566 132.571 132.577 132.583 132.588 132.594 132.600 132.605 132.611 132.617 132.623 132.628 132.634
-9999.000 -9999.000 132.395 132.396 132.399 132.401 132.403 132.405 132.407 132.409 132.411 132.414 132.416 132.418 132.421 132.423 132.426 132.428 132.431 132.434 132.437 132.440 132.443 132.447 132.450 132.453 132.457 132.461 132.464 132.468 132.472 132.476 132.481 132.485 132.489 132.494 132.498 132.503 132.508 132.512 132.517 132.522 132.527 132.532 132.538 132.543 132.548 132.553 132.559 132.564 132.570 132.575 132.581 132.586 132.592 132.597 132.603 132.609 132.615 132.620 132.626 132.632
-9999.000 132.388 132.391 132.394 132.396 132.398 132.400 132.403 132.405 132.407 132.409 132.411 132.414 132.416 132.419 132.421 132.424 132.426 132.429 132.432 132.435 132.438 132.441 132.445 132.448 132.451 132.455 132.459 132.463 132.466 132.470 132.475 132.479 132.483 132.487 132.492 132.496 132.501 132.506 132.511 132.515 132.520 132.525 132.530 132.536 132.541 132.546 132.551 132.557 132.562 132.568 132.573 132.579 132.584 132.590 132.595 132.601 132.607 132.613 132.618 132.624 132.630
132.383 132.386 132.388 132.391 132.393 132.396 132.398 132.400 132.402 132.405 132.407 132.409 132.412 132.414 132.416 132.419 132.422 132.424 132.427 132.430 132.433 132.436 132.439 132.442 132.446 132.449 132.453 132.457 132.461 132.464 132.468 132.473 132.477 132.481 132.485 132.490 132.494 132.499 132.504 132.509 132.513 132.518 132.523 132.528 132.534 132.539 132.544 132.549 132.555 132.560 132.566 132.571 132.577 132.582 132.588 132.593 132.599 132.605 132.610 132.616 132.622 132.628
132.380 132.383 132.385 132.388 132.391 132.393 132.396 132.398 132.400 132.402 132.405 132.407 132.409 132.412 132.414 132.417 132.419 132.422 132.425 132.428 132.431 132.434 132.437 132.440 132.444 132.447 132.451 132.455 132.458 132.462 132.466 132.471 132.475 132.479 132.483 132.488 132.492 132.497 132.502 132.507 132.511 132.516 132.521 132.526 132.532 132.537 132.542 132.547 132.553 132.558 132.564 132.569 132.575 132.580 132.586 132.591 132.597 132.603 132.608 132.614 132.620 132.626
132.375 132.379 132.383 132.386 132.388 132.391 132.393 132.396 132.398 132.400 132.402 132.405 132.407 132.409 132.412 132.414 132.417 132.420 132.423 132.425 132.429 132.432 132.435 132.438 132.442 132.445 132.449 132.452 132.456 132.460 132.464 132.468 132.473 132.477 132.481 132.486 132.490 132.495 132.500 132.505 132.509 132.514 132.519 132.524 132.530 132.535 132.540 132.545 132.551 132.556 132.561 132.567 132.572 132.578 132.584 132.589 132.595 132.601 132.606 132.612 132.618 132.623
132.372 132.377 132.381 132.384 132.386 132.389 132.391 132.393 132.396 132.398 132.400 132.402 132.405 132.407 132.410 132.412 132.415 132.417 132.420 132.423 132.426 132.429 132.433 132.436 132.439 132.443 132.447 132.450 132.454 132.458 132.462 132.466 132.470 132.475 132.479 132.484 132.488 132.493 132.498 132.502 132.507 132.512 132.517 132.522 132.527 132.533 132.538 132.543 132.549 132.554 132.559 132.565 132.570 132.576 132.581 132.587 132.593 132.598 132.604 132.610 132.616 132.621
132.371 132.376 132.379 132.382 132.384 132.387 132.389 132.391 132.394 132.396 132.398 132.400 132.402 132.405 132.407 132.410 132.412 132.415 132.418 132.421 132.424 132.427 132.430 132.434 132.437 132.441 132.444 132.448 132.452 132.456 132.460 132.464 132.468 132.473 132.477 132.482 132.486 132.491 132.496 132.500 132.505 132.510 132.515 132.520 132.525 132.531 132.536 132.541 132.546 132.552 132.557 132.563 132.568 132.574 132.579 132.585 132.591 132.596 132.602 132.608 132.613 132.619
132.372 132.375 132.378 132.380 132.383 132.385 132.387 132.389 132.391 132.393 132.396 132.398 132.400 132.402 132.405 132.407 132.410 132.413 132.415 132.418 132.421 132.424 132.428 132.431 132.435 132.438 132.442 132.446 132.449 132.453 132.458 132.462 132.466 132.470 132.475 132.479 132.484 132.489 132.493 132.498 132.503 132.508 132.513 132.518 132.523 132.528 132.534 132.539 132.544 132.550 132.555 132.561 132.566 132.572 132.577 132.583 132.588 132.594 132.600 132.605 132.611 132.617
132.373 132.375 132.377 132.379 132.381 132.383 132.385 132.387 132.389 132.391 132.393 132.395 132.398 132.400 132.402 132.405 132.407 132.410 132.413 132.416 132.419 132.422 132.425 132.429 132.432 132.436 132.439 132.443 132.447 132.451 132.455 132.459 132.464 132.468 132.472 132.477 132.482 132.486 132.491 132.496 132.501 132.506 132.511 132.516 132.521 132.526 132.532 132.537 132.542 132.548 132.553 132.558 132.564 132.570 132.575 132.581 132.586 132.592 132.598 132.603 132.609 132.615
132.373 132.375 132.377 132.378 132.380 132.382 132.384 132.385 132.387 132.389 132.391 132.393 132.395 132.397 132.400 132.402 132.405 132.407 132.410 132.413 132.416 132.419 132.423 132.426 132.429 132.433 132.437 132.441 132.445 132.449 132.453 132.457 132.461 132.466 132.470 132.475 132.479 132.484 132.489 132.494 132.499 132.504 132.509 132.514 132.519 132.524 132.529 132.535 132.540 132.545 132.551 132.556 132.562 132.567 132.573 132.579 132.584 132.590 132.595 132.601 132.607 132.613
132.373 132.374 132.376 132.377 132.379 132.380 132.382 132.383 132.385 132.387 132.389 132.391 132.393 132.395 132.397 132.399 132.402 132.405 132.408 132.410 132.413 132.417 132.420 132.423 132.427 132.430 132.434 132.438 132.442 132.446 132.450 132.454 132.459 132.463 132.468 132.472 132.477 132.482 132.486 132.491 132.496 132.501 132.506 132.511 132.517 132.522 132.527 132.532 132.538 132.543 132.549 132.554 132.560 132.565 132.571 132.576 132.582 132.588 132.593 132.599 132.605 132.610
132.373 132.374 132.375 132.376 132.378 132.379 132.380 132.381 132.383 132.384 132.386 132.388 132.390 132.392 132.394 132.397 132.399 132.402 132.405 132.408 132.411 132.414 132.417 132.421 132.424 132.428 132.432 132.435 132.439 132.443 132.448 132.452 132.456 132.461 132.465 132.470 132.474 132.479 132.484 132.489 132.494 132.499 132.504 132.509 132.514 132.520 132.525 132.530 132.536 132.541 132.546 132.552 132.557 132.563 132.569 132.574 132.580 132.585 132.591 132.597 132.602 132.608
132.373 132.374 132.375 132.375 132.376 132.377 132.378 132.379 132.381 132.382 132.384 132.385 132.387 132.389 132.391 132.394 132.396 132.399 132.402 132.405 132.408 132.411 132.414 132.418 132.421 132.425 132.429 132.433 132.437 132.441 132.445 132.449 132.454 132.458 132.463 132.467 132.472 132.477 132.482 132.487 132.492 132.497 132.502 132.507 132.512 132.517 132.523 132.528 132.533 132.539 132.544 132.550 132.555 132.561 132.566 132.572 132.578 132.583 132.589 132.595 132.600 132.606
132.373 132.374 132.374 132.375 132.375 132.375 132.376 132.377 132.378 132.379 132.381 132.383 132.384 132.386 132.389 132.391 132.393 132.396 132.399 132.402 132.405 132.408 132.411 132.415 132.418 132.422 132.426 132.430 132.434 132.438 132.442 132.447 132.451 132.455 132.460 132.465 132.469 132.474 132.479 132.484 132.489 132.494 132.499 132.504 132.510 132.515 132.520 132.526 132.531 132.536 132.542 132.547 132.553 132.559 132.564 132.570 132.575 132.581 132.587 132.592 132.598 132.604
