LISFLOOD/results/run3.totaltm
ncols         400
nrows         288
xllcorner     341244.004907
yllcorner     4516825.805194
cellsize      10.000000
NODATA_value  -9999.000000
[rows 102 to 135 of 288, columns 308 to 384 of 400]
2.854 2.863 2.871 2.878 2.885 2.891 2.897 2.902 2.906 2.909 2.914 2.919 2.923 2.926 2.927 3.056 3.056 2.929 2.926 2.921 2.916 2.912 2.909 2.906 2.901 2.896 2.890 2.884 2.876 2.868 2.858 2.848 2.837 2.824 2.808 2.714 2.498 2.370 2.234 1.961 1.222 1.064 1.046 0.965 0.931 0.000 0.000 0.579 0.483 0.333 0.765 1.578 1.603 1.604 1.606 1.606 1.606 1.603 1.599 1.598 1.597 1.596 1.593 1.593 1.108 0.000 0.000 0.000 0.000 0.000 0.000 0.000 0.000 0.000 0.000 0.000 0.000
2.856 2.864 2.872 2.879 2.886 2.892 2.897 2.902 2.906 2.909 2.914 2.918 2.922 2.924 2.926 3.056 2.928 2.926 2.923 2.917 2.911 2.907 2.905 2.902 2.897 2.892 2.886 2.879 2.871 2.862 2.852 2.842 2.831 2.818 2.802 2.689 2.468 2.338 2.191 1.821 1.049 0.947 0.972 0.943 0.918 0.518 0.429 0.668 0.573 0.501 1.352 1.548 1.563 1.568 1.569 1.571 1.571 1.569 1.563 1.563 1.562 1.561 1.560 1.559 0.872 0.000 0.000 0.000 0.000 0.000 0.000 0.000 0.000 0.000 0.000 0.000 0.000
2.857 2.866 2.873 2.880 2.886 2.892 2.897 2.902 2.905 2.909 2.915 2.918 2.921 2.923 3.056 3.056 2.924 2.921 2.918 2.912 2.905 2.903 2.901 2.898 2.893 2.887 2.881 2.874 2.865 2.856 2.846 2.836 2.824 2.811 2.794 2.672 2.441 2.298 2.131 1.649 0.877 0.896 0.826 0.887 0.892 0.810 0.778 0.729 0.678 0.647 1.467 1.518 1.524 1.529 1.533 1.534 1.534 1.534 1.529 1.529 1.529 1.526 1.526 1.526 0.448 0.000 0.000 0.000 0.000 0.000 0.000 0.000 0.000 0.000 0.000 0.000 0.000
2.859 2.867 2.874 2.880 2.886 2.892 2.897 2.901 2.904 2.908 2.914 2.917 2.919 2.921 3.056 2.922 2.919 2.917 2.914 2.909 2.904 2.901 2.898 2.893 2.888 2.883 2.876 2.869 2.860 2.851 2.841 2.829 2.818 2.805 2.788 2.662 2.409 2.260 2.063 1.467 0.887 0.872 0.760 0.840 0.872 0.849 0.823 0.766 0.744 0.731 1.453 1.487 1.491 1.494 1.494 1.497 1.498 1.497 1.494 1.493 1.494 1.492 1.492 1.491 0.000 0.000 0.000 0.000 0.000 0.000 0.000 0.000 0.000 0.000 0.000 0.000 0.000
2.861 2.868 2.874 2.881 2.886 2.892 2.897 2.900 2.904 2.909 2.913 2.916 2.918 3.056 3.056 2.919 2.916 2.913 2.911 2.907 2.902 2.899 2.896 2.891 2.884 2.878 2.871 2.863 2.855 2.845 2.835 2.823 2.812 2.799 2.783 2.652 2.374 2.219 1.968 1.196 0.843 0.821 0.716 0.796 0.852 0.836 0.765 0.748 0.737 0.924 1.423 1.450 1.455 1.458 1.459 1.461 1.459 1.459 1.459 1.458 1.458 1.457 1.457 1.444 0.000 0.000 0.000 0.000 0.000 0.000 0.000 0.000 0.000 0.000 0.000 0.000 0.000
2.862 2.869 2.875 2.881 2.887 2.892 2.896 2.899 2.904 2.908 2.912 2.914 2.916 3.056 2.918 2.916 2.913 2.909 2.905 2.902 2.899 2.896 2.892 2.887 2.881 2.874 2.867 2.859 2.849 2.839 2.829 2.817 2.805 2.792 2.777 2.642 2.344 2.174 1.807 0.922 0.739 0.715 0.511 0.731 0.694 0.749 0.741 0.725 0.722 1.333 1.392 1.410 1.418 1.421 1.422 1.424 1.423 1.424 1.422 1.422 1.422 1.422 1.422 1.323 0.000 0.000 0.000 0.000 0.000 0.000 0.000 0.000 0.000 0.000 0.000 0.000 0.000
2.864 2.870 2.876 2.881 2.887 2.890 2.893 2.898 2.904 2.908 2.912 2.913 3.056 3.056 2.915 2.913 2.910 2.906 2.901 2.897 2.894 2.892 2.888 2.883 2.877 2.871 2.863 2.854 2.844 2.834 2.823 2.811 2.798 2.785 2.771 2.642 2.323 2.131 1.589 0.721 0.697 0.541 0.000 0.445 0.564 0.591 0.533 0.691 0.706 1.326 1.361 1.371 1.378 1.382 1.384 1.386 1.386 1.387 1.386 1.387 1.386 1.386 1.387 0.793 0.000 0.000 0.000 0.000 0.000 0.000 0.000 0.000 0.000 0.000 0.000 0.000 0.000
2.866 2.872 2.878 2.883 2.888 2.891 2.894 2.899 2.903 2.907 2.909 2.911 3.056 2.913 2.912 2.910 2.907 2.901 2.897 2.893 2.890 2.887 2.884 2.879 2.874 2.867 2.859 2.850 2.840 2.829 2.818 2.806 2.793 2.779 2.763 2.653 2.307 2.070 1.319 0.412 0.636 0.590 0.519 0.448 0.453 0.223 0.000 0.593 0.687 1.295 1.324 1.332 1.339 1.343 1.346 1.348 1.348 1.349 1.349 1.351 1.350 1.352 1.351 0.266 0.000 0.000 0.000 0.000 0.000 0.000 0.000 0.000 0.000 0.000 0.000 0.000 0.000
2.868 2.874 2.879 2.885 2.888 2.892 2.896 2.900 2.903 2.906 2.908 3.056 3.056 2.911 2.909 2.906 2.901 2.894 2.892 2.888 2.883 2.883 2.879 2.874 2.869 2.862 2.854 2.845 2.835 2.824 2.812 2.799 2.786 2.772 2.758 2.658 2.295 1.950 0.909 0.164 0.601 0.572 0.542 0.479 0.421 0.022 0.000 0.383 0.835 1.264 1.286 1.296 1.299 1.303 1.307 1.309 1.311 1.312 1.313 1.313 1.313 1.316 1.294 0.000 0.000 0.000 0.000 0.000 0.000 0.000 0.000 0.000 0.000 0.000 0.000 0.000 0.000
2.868 2.874 2.880 2.885 2.889 2.892 2.896 2.900 2.903 2.905 3.056 3.056 2.909 2.908 2.906 2.901 2.894 2.890 2.886 2.880 2.877 2.877 2.874 2.869 2.863 2.856 2.848 2.839 2.828 2.817 2.806 2.793 2.779 2.765 2.750 2.682 2.309 1.790 0.563 0.503 0.482 0.523 0.519 0.427 0.107 0.000 0.000 0.147 1.116 1.232 1.245 1.256 1.261 1.266 1.269 1.269 1.272 1.274 1.275 1.276 1.277 1.279 1.039 0.000 0.000 0.000 0.000 0.000 0.000 0.000 0.000 0.000 0.000 0.000 0.000 0.000 0.000
2.868 2.874 2.879 2.884 2.888 2.891 2.895 2.898 2.901 2.903 3.056 2.907 2.908 2.906 2.902 2.896 2.891 2.886 2.878 2.873 2.872 2.871 2.868 2.863 2.857 2.849 2.842 2.832 2.821 2.810 2.798 2.785 2.772 2.757 2.743 2.705 2.337 1.621 0.483 0.449 0.329 0.429 0.486 0.259 0.000 0.000 0.000 0.173 1.154 1.199 1.206 1.215 1.220 1.226 1.230 1.232 1.235 1.234 1.237 1.239 1.240 1.242 0.681 0.000 0.000 0.000 0.000 0.000 0.000 0.000 0.000 0.000 0.000 0.000 0.000 0.000 0.000
2.868 2.874 2.879 2.883 2.886 2.891 2.894 2.898 2.900 3.056 3.056 2.904 2.904 2.902 2.898 2.891 2.887 2.880 2.867 2.867 2.866 2.864 2.861 2.856 2.849 2.843 2.834 2.825 2.815 2.801 2.790 2.778 2.766 2.750 2.735 2.709 2.336 1.410 0.391 0.387 0.317 0.241 0.327 0.000 0.000 0.000 0.000 0.533 1.150 1.167 1.169 1.174 1.180 1.186 1.190 1.192 1.196 1.197 1.201 1.200 1.202 1.194 0.117 0.000 0.000 0.000 0.000 0.000 0.000 0.000 0.000 0.000 0.000 0.000 0.000 0.000 0.000
2.868 2.874 2.878 2.882 2.886 2.889 2.893 2.897 2.898 3.056 2.902 2.901 2.898 2.896 2.893 2.887 2.880 2.868 2.857 2.858 2.858 2.857 2.853 2.848 2.842 2.835 2.827 2.817 2.804 2.782 2.768 2.763 2.753 2.740 2.725 2.705 2.310 1.228 0.401 0.308 0.291 0.200 0.296 0.000 0.000 0.000 0.000 0.928 1.208 1.203 1.179 1.167 1.157 1.150 1.150 1.153 1.156 1.158 1.162 1.163 1.166 1.043 0.000 0.000 0.000 0.000 0.000 0.000 0.000 0.000 0.000 0.000 0.000 0.000 0.000 0.000 0.000
2.869 2.875 2.879 2.882 2.886 2.889 2.893 2.896 3.056 3.056 2.900 2.897 2.894 2.891 2.887 2.877 2.867 2.853 2.848 2.847 2.839 2.849 2.846 2.841 2.834 2.826 2.818 2.808 2.782 2.704 2.686 2.733 2.739 2.727 2.714 2.697 2.295 1.192 0.543 0.474 0.436 0.184 0.250 0.000 0.000 0.000 0.000 1.149 1.258 1.251 1.237 1.221 1.203 1.172 1.153 1.135 1.124 1.120 1.123 1.124 1.118 0.449 0.000 0.000 0.000 0.000 0.000 0.000 0.000 0.000 0.000 0.000 0.000 0.000 0.000 0.000 0.000
2.870 2.874 2.878 2.881 2.885 2.888 2.892 2.894 3.056 2.897 2.897 2.894 2.891 2.887 2.879 2.864 2.848 2.839 2.838 2.836 2.831 2.840 2.837 2.832 2.825 2.817 2.809 2.796 2.729 2.615 2.596 2.644 2.716 2.713 2.702 2.686 2.289 1.166 0.579 0.521 0.483 0.281 0.200 0.000 0.000 0.000 0.106 1.284 1.304 1.296 1.279 1.263 1.244 1.224 1.202 1.180 1.158 1.125 1.108 1.091 0.927 0.000 0.000 0.000 0.000 0.000 0.000 0.000 0.000 0.000 0.000 0.000 0.000 0.000 0.000 0.000 0.000
2.871 2.875 2.878 2.882 2.886 2.888 2.891 3.056 3.056 2.896 2.893 2.891 2.887 2.882 2.869 2.859 2.851 2.843 2.835 2.830 2.825 2.830 2.827 2.822 2.815 2.807 2.799 2.781 2.664 2.489 2.469 2.547 2.675 2.694 2.688 2.673 2.356 1.204 0.556 0.523 0.508 0.314 0.000 0.000 0.000 0.000 0.743 1.370 1.361 1.348 1.320 1.304 1.283 1.263 1.239 1.216 1.193 1.169 1.145 1.095 0.286 0.000 0.000 0.000 0.000 0.000 0.000 0.000 0.000 0.000 0.000 0.000 0.000 0.000 0.000 0.000 0.000
2.871 2.874 2.878 2.881 2.884 2.887 2.889 3.056 2.893 2.892 2.890 2.888 2.882 2.872 2.858 2.853 2.847 2.841 2.835 2.830 2.824 2.819 2.816 2.811 2.804 2.797 2.788 2.751 2.578 2.343 2.326 2.418 2.605 2.673 2.671 2.660 2.476 1.412 0.650 0.616 0.569 0.299 0.000 0.000 0.000 0.000 1.279 1.417 1.406 1.391 1.373 1.353 1.321 1.300 1.276 1.252 1.228 1.204 1.174 1.041 0.000 0.000 0.000 0.000 0.000 0.000 0.000 0.000 0.000 0.000 0.000 0.000 0.000 0.000 0.000 0.000 0.000
2.870 2.873 2.876 2.881 2.884 2.886 3.056 3.056 2.891 2.889 2.887 2.884 2.873 2.861 2.851 2.846 2.839 2.835 2.831 2.827 2.821 2.813 2.806 2.799 2.793 2.785 2.778 2.708 2.478 2.285 2.286 2.375 2.519 2.644 2.652 2.646 2.596 1.798 0.902 0.706 0.569 0.218 0.006 0.000 0.000 0.169 1.457 1.463 1.449 1.433 1.412 1.391 1.368 1.344 1.309 1.286 1.261 1.236 1.203 0.664 0.000 0.000 0.000 0.000 0.000 0.000 0.000 0.000 0.000 0.000 0.000 0.000 0.000 0.000 0.000 0.000 0.000
2.870 2.873 2.877 2.880 2.883 2.884 3.056 2.888 2.887 2.886 2.883 2.878 2.862 2.852 2.845 2.839 2.830 2.828 2.826 2.822 2.816 2.808 2.800 2.792 2.784 2.776 2.767 2.659 2.390 2.304 2.289 2.289 2.474 2.615 2.633 2.630 2.611 2.189 1.063 0.617 0.419 0.076 0.030 0.000 0.000 1.035 1.529 1.518 1.490 1.473 1.451 1.428 1.403 1.378 1.352 1.326 1.292 1.264 1.221 0.000 0.000 0.000 0.000 0.000 0.000 0.000 0.000 0.000 0.000 0.000 0.000 0.000 0.000 0.000 0.000 0.000 0.000
2.869 2.872 2.878 2.881 2.883 3.056 2.885 2.886 2.884 2.883 2.879 2.869 2.854 2.845 2.838 2.829 2.823 2.822 2.820 2.817 2.810 2.802 2.794 2.785 2.776 2.767 2.756 2.555 2.332 2.297 2.281 2.265 2.392 2.584 2.615 2.614 2.595 2.386 1.181 0.451 0.309 0.000 0.000 0.000 0.000 1.532 1.577 1.562 1.543 1.521 1.487 1.463 1.438 1.410 1.383 1.357 1.329 1.298 0.991 0.000 0.000 0.000 0.000 0.000 0.000 0.000 0.000 0.000 0.000 0.000 0.000 0.000 0.000 0.000 0.000 0.000 0.000
2.871 2.873 2.878 2.879 3.056 3.056 2.883 2.883 2.881 2.879 2.875 2.861 2.844 2.834 2.829 2.823 2.818 2.815 2.814 2.810 2.803 2.796 2.787 2.778 2.768 2.758 2.731 2.404 2.202 2.184 2.167 2.151 2.259 2.561 2.596 2.594 2.579 2.492 1.450 0.369 0.253 0.151 0.061 0.000 0.893 1.633 1.622 1.604 1.583 1.558 1.532 1.506 1.469 1.441 1.413 1.386 1.357 1.313 0.289 0.000 0.000 0.000 0.000 0.000 0.000 0.000 0.000 0.000 0.000 0.000 0.000 0.000 0.000 0.000 0.000 0.000 0.000
2.871 2.874 2.877 2.878 3.056 2.881 2.879 2.879 2.878 2.876 2.869 2.853 2.837 2.829 2.823 2.818 2.813 2.809 2.807 2.802 2.796 2.788 2.780 2.771 2.759 2.748 2.628 2.264 2.096 2.082 2.115 2.093 2.123 2.522 2.574 2.572 2.562 2.506 1.635 0.323 0.155 0.127 0.046 0.044 1.604 1.680 1.666 1.645 1.621 1.594 1.566 1.537 1.507 1.469 1.442 1.413 1.381 1.064 0.000 0.000 0.000 0.000 0.000 0.000 0.000 0.000 0.000 0.000 0.000 0.000 0.000 0.000 0.000 0.000 0.000 0.000 0.000
2.869 2.874 2.876 3.056 3.056 2.879 2.877 2.876 2.874 2.870 2.857 2.842 2.831 2.824 2.818 2.813 2.809 2.805 2.801 2.794 2.788 2.781 2.772 2.762 2.752 2.724 2.436 2.180 2.105 2.088 2.076 2.061 2.047 2.404 2.552 2.548 2.543 2.494 1.816 0.309 0.036 0.004 0.000 0.513 1.736 1.725 1.709 1.684 1.658 1.629 1.598 1.567 1.536 1.504 1.476 1.437 1.396 0.274 0.000 0.000 0.000 0.000 0.000 0.000 0.000 0.000 0.000 0.000 0.000 0.000 0.000 0.000 0.000 0.000 0.000 0.000 0.000
2.869 2.872 2.874 3.056 2.877 2.876 2.874 2.873 2.869 2.858 2.841 2.827 2.823 2.818 2.813 2.809 2.805 2.801 2.795 2.788 2.780 2.772 2.763 2.754 2.742 2.606 2.257 2.133 2.113 2.098 2.081 2.064 2.046 2.184 2.522 2.526 2.524 2.469 1.921 0.428 0.000 0.000 0.000 1.374 1.799 1.781 1.757 1.720 1.692 1.661 1.628 1.595 1.562 1.530 1.499 1.466 1.208 0.000 0.000 0.000 0.000 0.000 0.000 0.000 0.000 0.000 0.000 0.000 0.000 0.000 0.000 0.000 0.000 0.000 0.000 0.000 0.000
2.869 2.871 3.056 3.056 2.874 2.873 2.871 2.869 2.862 2.842 2.827 2.821 2.817 2.813 2.809 2.805 2.801 2.796 2.789 2.782 2.774 2.764 2.755 2.745 2.703 2.385 2.162 2.143 2.125 2.109 2.089 2.068 2.040 2.024 2.477 2.505 2.503 2.460 1.952 0.398 0.000 0.000 0.561 1.805 1.846 1.822 1.795 1.764 1.733 1.689 1.654 1.620 1.586 1.553 1.521 1.453 0.243 0.000 0.000 0.000 0.000 0.000 0.000 0.000 0.000 0.000 0.000 0.000 0.000 0.000 0.000 0.000 0.000 0.000 0.000 0.000 0.000
2.868 2.869 3.056 2.872 2.871 2.870 2.867 2.863 2.849 2.832 2.825 2.818 2.812 2.808 2.804 2.801 2.796 2.791 2.784 2.776 2.767 2.758 2.748 2.730 2.544 2.185 1.991 1.967 2.061 2.072 2.072 2.052 2.030 2.012 2.361 2.483 2.482 2.456 1.989 0.368 0.000 0.000 1.485 1.925 1.903 1.861 1.831 1.797 1.761 1.723 1.687 1.642 1.607 1.574 1.541 0.813 0.000 0.000 0.000 0.000 0.000 0.000 0.000 0.000 0.000 0.000 0.000 0.000 0.000 0.000 0.000 0.000 0.000 0.000 0.000 0.000 0.000
2.867 3.056 3.056 2.870 2.868 2.866 2.861 2.849 2.836 2.831 2.824 2.818 2.812 2.806 2.801 2.797 2.792 2.786 2.778 2.770 2.761 2.751 2.740 2.657 2.307 1.976 1.867 1.829 1.807 1.983 2.051 2.037 2.022 2.006 2.223 2.457 2.461 2.437 2.017 0.335 0.249 0.951 1.940 1.974 1.946 1.912 1.876 1.826 1.787 1.746 1.706 1.668 1.634 1.593 1.534 0.000 0.000 0.000 0.000 0.000 0.000 0.000 0.000 0.000 0.000 0.000 0.000 0.000 0.000 0.000 0.000 0.000 0.000 0.000 0.000 0.000 0.000
2.865 3.056 2.868 2.867 2.864 2.860 2.851 2.837 2.832 2.827 2.822 2.817 2.811 2.805 2.799 2.794 2.787 2.780 2.772 2.764 2.754 2.743 2.727 2.432 2.051 1.857 1.831 1.804 1.781 1.756 1.959 2.017 2.007 1.988 2.076 2.419 2.436 2.417 2.059 0.443 0.452 1.761 2.047 2.019 1.985 1.947 1.905 1.862 1.807 1.764 1.723 1.684 1.648 1.606 0.894 0.000 0.000 0.000 0.000 0.000 0.000 0.000 0.000 0.000 0.000 0.000 0.000 0.000 0.000 0.000 0.000 0.000 0.000 0.000 0.000 0.000 0.000
3.056 3.056 2.866 2.863 2.859 2.852 2.843 2.838 2.832 2.826 2.821 2.815 2.809 2.804 2.798 2.791 2.783 2.775 2.767 2.758 2.744 2.708 2.583 2.132 1.770 1.734 1.706 1.672 1.647 1.579 1.552 1.990 1.989 1.883 1.935 2.367 2.409 2.398 2.192 1.384 1.614 2.114 2.094 2.059 2.019 1.976 1.930 1.882 1.835 1.791 1.738 1.698 1.662 1.398 0.000 0.000 0.000 0.000 0.000 0.000 0.000 0.000 0.000 0.000 0.000 0.000 0.000 0.000 0.000 0.000 0.000 0.000 0.000 0.000 0.000 0.000 0.000
3.056 2.863 2.862 2.858 2.854 2.847 2.842 2.838 2.832 2.826 2.820 2.814 2.809 2.803 2.796 2.788 2.780 2.772 2.762 2.751 2.712 2.602 2.238 1.703 1.488 1.434 1.397 1.354 1.594 1.337 1.305 1.795 1.969 1.725 1.816 2.311 2.383 2.378 2.332 1.941 2.152 2.189 2.138 2.096 2.049 2.000 1.949 1.898 1.847 1.799 1.756 1.709 1.595 0.270 0.000 0.000 0.000 0.000 0.000 0.000 0.000 0.000 0.000 0.000 0.000 0.000 0.000 0.000 0.000 0.000 0.000 0.000 0.000 0.000 0.000 0.000 0.000
2.859 2.861 2.858 2.852 2.851 2.847 2.843 2.838 2.832 2.827 2.821 2.815 2.808 2.801 2.793 2.786 2.777 2.768 2.757 2.716 2.611 2.339 1.774 1.431 1.392 1.354 1.320 1.282 1.252 1.305 1.113 1.411 1.952 1.691 1.790 2.277 2.358 2.357 2.333 2.301 2.270 2.233 2.188 2.139 2.070 2.014 1.959 1.907 1.855 1.806 1.762 1.692 0.723 0.000 0.000 0.000 0.000 0.000 0.000 0.000 0.000 0.000 0.000 0.000 0.000 0.000 0.000 0.000 0.000 0.000 0.000 0.000 0.000 0.000 0.000 0.000 0.000
2.856 2.854 2.849 2.848 2.847 2.844 2.841 2.837 2.832 2.827 2.821 2.815 2.807 2.799 2.791 2.783 2.774 2.762 2.716 2.617 2.403 1.921 1.489 1.404 1.364 1.333 1.300 1.252 1.188 1.266 1.128 1.141 1.936 1.657 1.766 2.257 2.335 2.334 2.313 2.284 2.256 2.222 2.183 2.137 2.086 2.034 1.982 1.911 1.858 1.811 1.768 1.167 0.000 0.000 0.000 0.000 0.000 0.000 0.000 0.000 0.000 0.000 0.000 0.000 0.000 0.000 0.000 0.000 0.000 0.000 0.000 0.000 0.000 0.000 0.000 0.000 0.000
2.850 2.848 2.847 2.845 2.844 2.841 2.838 2.835 2.831 2.826 2.821 2.813 2.806 2.798 2.789 2.780 2.771 2.733 2.631 2.412 1.968 1.532 1.401 1.353 1.305 1.258 1.254 1.192 1.099 1.134 1.118 1.103 1.918 1.613 1.738 2.256 2.309 2.307 2.289 2.266 2.234 2.203 2.168 2.126 2.079 2.029 1.978 1.926 1.876 1.817 1.647 0.000 0.000 0.000 0.000 0.000 0.000 0.000 0.000 0.000 0.000 0.000 0.000 0.000 0.000 0.000 0.000 0.000 0.000 0.000 0.000 0.000 0.000 0.000 0.000 0.000 0.000
2.848 2.846 2.844 2.842 2.841 2.839 2.836 2.833 2.829 2.824 2.818 2.812 2.804 2.796 2.787 2.778 2.753 2.628 2.384 1.980 1.528 1.402 1.287 1.247 1.184 1.124 1.167 1.059 0.870 0.791 1.096 1.077 1.879 1.579 1.714 2.244 2.279 2.276 2.263 2.242 2.214 2.179 2.146 2.107 2.064 2.018 1.970 1.921 1.847 1.594 0.453 0.000 0.000 0.000 0.000 0.000 0.000 0.000 0.000 0.000 0.000 0.000 0.000 0.000 0.000 0.000 0.000 0.000 0.000 0.000 0.000 0.000 0.000 0.000 0.000 0.000 0.000
