LISFLOOD/results/run3.inittm
ncols         400
nrows         288
xllcorner     341244.004907
yllcorner     4516825.805194
cellsize      10.000000
NODATA_value  -9999.000000
[rows 84 to 111 of 288, columns 252 to 314 of 400]
-9999.000 -9999.000 -9999.000 -9999.000 -9999.000 -9999.000 -9999.000 -9999.000 -9999.000 -9999.000 -9999.000 -9999.000 -9999.000 -9999.000 -9999.000 -9999.000 -9999.000 -9999.000 -9999.000 -9999.000 -9999.000 -9999.000 -9999.000 -9999.000 -9999.000 -9999.000 -9999.000 1.531 0.869 0.824 0.798 0.772 0.746 0.719 0.695 0.670 0.646 0.622 0.598 0.577 0.553 0.531 0.508 0.487 0.467 0.447 0.428 0.409 0.391 0.374 0.358 0.343 0.328 0.315 0.302 0.291 0.280 0.271 0.263 0.256 0.251 0.248 0.247
-9999.000 -9999.000 -9999.000 -9999.000 -9999.000 -9999.000 -9999.000 -9999.000 -9999.000 -9999.000 -9999.000 -9999.000 -9999.000 -9999.000 -9999.000 -9999.000 -9999.000 -9999.000 -9999.000 -9999.000 -9999.000 -9999.000 -9999.000 -9999.000 -9999.000 -9999.000 2.836 1.248 0.841 0.813 0.786 0.759 0.733 0.709 0.683 0.659 0.634 0.611 0.588 0.566 0.543 0.521 0.500 0.480 0.459 0.439 0.421 0.401 0.383 0.366 0.349 0.333 0.318 0.304 0.292 0.279 0.269 0.259 0.251 0.244 0.239 0.236 0.237
-9999.000 -9999.000 -9999.000 -9999.000 -9999.000 -9999.000 -9999.000 -9999.000 -9999.000 -9999.000 -9999.000 -9999.000 -9999.000 -9999.000 -9999.000 -9999.000 -9999.000 -9999.000 -9999.000 -9999.000 -9999.000 -9999.000 -9999.000 -9999.000 -9999.000 -9999.000 2.409 1.047 0.826 0.800 0.774 0.748 0.722 0.697 0.672 0.647 0.623 0.601 0.578 0.555 0.533 0.511 0.491 0.469 0.449 0.429 0.411 0.392 0.375 0.357 0.341 0.324 0.309 0.295 0.282 0.269 0.259 0.249 0.241 0.233 0.226 0.223 0.227
-9999.000 -9999.000 -9999.000 -9999.000 -9999.000 -9999.000 -9999.000 -9999.000 -9999.000 -9999.000 -9999.000 -9999.000 -9999.000 -9999.000 -9999.000 -9999.000 -9999.000 -9999.000 -9999.000 -9999.000 -9999.000 -9999.000 -9999.000 -9999.000 -9999.000 -9999.000 1.831 0.879 0.812 0.786 0.759 0.734 0.711 0.686 0.661 0.636 0.613 0.590 0.567 0.545 0.523 0.502 0.481 0.461 0.441 0.422 0.402 0.383 0.364 0.347 0.330 0.314 0.298 0.284 0.271 0.259 0.248 0.238 0.229 0.221 0.215 0.211 0.215
-9999.000 -9999.000 -9999.000 -9999.000 -9999.000 -9999.000 -9999.000 -9999.000 -9999.000 -9999.000 -9999.000 -9999.000 -9999.000 -9999.000 -9999.000 -9999.000 -9999.000 -9999.000 -9999.000 -9999.000 -9999.000 -9999.000 -9999.000 -9999.000 -9999.000 2.983 1.347 0.832 0.799 0.773 0.748 0.724 0.699 0.674 0.649 0.626 0.602 0.579 0.557 0.534 0.514 0.492 0.472 0.451 0.432 0.412 0.393 0.375 0.357 0.341 0.324 0.308 0.292 0.277 0.264 0.251 0.239 0.229 0.219 0.212 0.205 0.200 0.203
-9999.000 -9999.000 -9999.000 -9999.000 -9999.000 -9999.000 -9999.000 -9999.000 -9999.000 -9999.000 -9999.000 -9999.000 -9999.000 -9999.000 -9999.000 -9999.000 -9999.000 -9999.000 -9999.000 -9999.000 -9999.000 -9999.000 -9999.000 -9999.000 -9999.000 2.430 1.013 0.817 0.790 0.764 0.737 0.712 0.688 0.663 0.640 0.616 0.592 0.569 0.547 0.526 0.504 0.482 0.461 0.442 0.423 0.404 0.385 0.367 0.349 0.332 0.316 0.300 0.285 0.271 0.257 0.244 0.232 0.221 0.211 0.203 0.196 0.191 0.193
-9999.000 -9999.000 -9999.000 -9999.000 -9999.000 -9999.000 -9999.000 -9999.000 -9999.000 -9999.000 -9999.000 -9999.000 -9999.000 -9999.000 -9999.000 -9999.000 -9999.000 -9999.000 -9999.000 -9999.000 -9999.000 -9999.000 -9999.000 -9999.000 -9999.000 1.762 0.854 0.809 0.783 0.757 0.731 0.704 0.679 0.654 0.632 0.608 0.586 0.561 0.538 0.517 0.496 0.476 0.455 0.434 0.414 0.396 0.377 0.360 0.342 0.325 0.308 0.293 0.278 0.263 0.249 0.237 0.224 0.214 0.204 0.196 0.188 0.182 0.182
-9999.000 -9999.000 -9999.000 -9999.000 -9999.000 -9999.000 -9999.000 -9999.000 -9999.000 -9999.000 -9999.000 -9999.000 -9999.000 -9999.000 -9999.000 -9999.000 -9999.000 -9999.000 -9999.000 -9999.000 -9999.000 -9999.000 -9999.000 -9999.000 2.776 1.138 0.827 0.801 0.775 0.751 0.724 0.697 0.672 0.648 0.624 0.601 0.578 0.556 0.533 0.511 0.489 0.469 0.449 0.430 0.409 0.389 0.371 0.353 0.337 0.320 0.303 0.287 0.272 0.258 0.244 0.232 0.219 0.207 0.197 0.188 0.180 0.174 0.168
-9999.000 -9999.000 -9999.000 -9999.000 -9999.000 -9999.000 -9999.000 -9999.000 -9999.000 -9999.000 -9999.000 -9999.000 -9999.000 -9999.000 -9999.000 -9999.000 -9999.000 -9999.000 -9999.000 -9999.000 -9999.000 -9999.000 -9999.000 -9999.000 1.763 0.863 0.817 0.789 0.763 0.739 0.715 0.691 0.666 0.641 0.617 0.593 0.571 0.549 0.528 0.505 0.483 0.462 0.442 0.423 0.404 0.386 0.367 0.349 0.332 0.316 0.299 0.284 0.269 0.254 0.241 0.227 0.216 0.204 0.193 0.183 0.173 0.166 0.158
-9999.000 -9999.000 -9999.000 -9999.000 -9999.000 -9999.000 -9999.000 -9999.000 -9999.000 -9999.000 -9999.000 -9999.000 -9999.000 -9999.000 -9999.000 -9999.000 -9999.000 -9999.000 -9999.000 -9999.000 -9999.000 -9999.000 -9999.000 2.801 1.072 0.835 0.808 0.781 0.755 0.729 0.705 0.682 0.659 0.634 0.610 0.586 0.563 0.542 0.521 0.500 0.478 0.457 0.437 0.417 0.399 0.381 0.363 0.345 0.328 0.311 0.296 0.281 0.266 0.252 0.238 0.226 0.213 0.202 0.192 0.182 0.174 0.166 0.159
-9999.000 -9999.000 -9999.000 -9999.000 -9999.000 -9999.000 -9999.000 -9999.000 -9999.000 -9999.000 -9999.000 -9999.000 -9999.000 -9999.000 -9999.000 -9999.000 -9999.000 -9999.000 -9999.000 -9999.000 -9999.000 -9999.000 -9999.000 1.997 0.868 0.827 0.799 0.773 0.746 0.721 0.695 0.671 0.648 0.626 0.603 0.580 0.557 0.534 0.513 0.492 0.472 0.452 0.432 0.412 0.393 0.375 0.358 0.341 0.324 0.308 0.293 0.278 0.263 0.250 0.237 0.224 0.213 0.202 0.192 0.183 0.174 0.167 0.161
-9999.000 -9999.000 -9999.000 -9999.000 -9999.000 -9999.000 -9999.000 -9999.000 -9999.000 -9999.000 -9999.000 -9999.000 -9999.000 -9999.000 -9999.000 -9999.000 -9999.000 -9999.000 -9999.000 -9999.000 -9999.000 -9999.000 -9999.000 1.436 0.840 0.816 0.791 0.764 0.738 0.712 0.687 0.663 0.639 0.616 0.594 0.572 0.551 0.528 0.507 0.486 0.466 0.447 0.428 0.408 0.389 0.371 0.354 0.337 0.321 0.306 0.290 0.275 0.261 0.248 0.235 0.223 0.212 0.202 0.192 0.183 0.175 0.168 0.161
-9999.000 -9999.000 -9999.000 -9999.000 -9999.000 -9999.000 -9999.000 -9999.000 -9999.000 -9999.000 -9999.000 -9999.000 -9999.000 -9999.000 -9999.000 -9999.000 -9999.000 -9999.000 -9999.000 -9999.000 -9999.000 -9999.000 2.371 1.038 0.828 0.802 0.777 0.753 0.731 0.704 0.679 0.655 0.631 0.608 0.586 0.564 0.543 0.523 0.501 0.479 0.459 0.439 0.421 0.403 0.386 0.367 0.349 0.333 0.317 0.302 0.287 0.273 0.259 0.246 0.233 0.222 0.211 0.201 0.192 0.183 0.176 0.168 0.162
-9999.000 -9999.000 -9999.000 -9999.000 -9999.000 -9999.000 -9999.000 -9999.000 -9999.000 -9999.000 -9999.000 -9999.000 -9999.000 -9999.000 -9999.000 -9999.000 -9999.000 -9999.000 -9999.000 -9999.000 -9999.000 -9999.000 1.458 0.859 0.818 0.792 0.766 0.741 0.718 0.694 0.672 0.647 0.624 0.601 0.578 0.556 0.534 0.514 0.494 0.474 0.454 0.434 0.416 0.397 0.380 0.363 0.346 0.329 0.314 0.298 0.284 0.271 0.257 0.244 0.232 0.221 0.210 0.200 0.191 0.183 0.176 0.169 0.163
-9999.000 -9999.000 -9999.000 -9999.000 -9999.000 -9999.000 -9999.000 -9999.000 -9999.000 -9999.000 -9999.000 -9999.000 -9999.000 -9999.000 -9999.000 -9999.000 -9999.000 -9999.000 -9999.000 -9999.000 -9999.000 2.241 0.977 0.835 0.808 0.782 0.757 0.732 0.707 0.684 0.662 0.640 0.617 0.593 0.571 0.549 0.528 0.507 0.487 0.468 0.449 0.430 0.411 0.392 0.375 0.358 0.342 0.327 0.311 0.296 0.281 0.267 0.254 0.242 0.231 0.219 0.208 0.198 0.189 0.182 0.174 0.168 0.162
-9999.000 -9999.000 -9999.000 -9999.000 -9999.000 -9999.000 -9999.000 -9999.000 -9999.000 -9999.000 -9999.000 -9999.000 -9999.000 -9999.000 -9999.000 -9999.000 -9999.000 -9999.000 -9999.000 -9999.000 -9999.000 1.421 0.862 0.825 0.798 0.772 0.747 0.722 0.697 0.673 0.650 0.628 0.607 0.587 0.564 0.542 0.521 0.500 0.480 0.461 0.442 0.424 0.406 0.388 0.370 0.353 0.337 0.322 0.307 0.293 0.278 0.265 0.252 0.239 0.228 0.217 0.207 0.197 0.188 0.181 0.173 0.167 0.161
-9999.000 -9999.000 -9999.000 -9999.000 -9999.000 -9999.000 -9999.000 -9999.000 -9999.000 -9999.000 -9999.000 -9999.000 -9999.000 -9999.000 -9999.000 -9999.000 -9999.000 -9999.000 -9999.000 -9999.000 2.500 0.967 0.841 0.815 0.788 0.763 0.737 0.713 0.688 0.664 0.641 0.618 0.597 0.576 0.556 0.536 0.515 0.494 0.474 0.455 0.436 0.418 0.401 0.383 0.366 0.349 0.333 0.318 0.303 0.289 0.276 0.262 0.249 0.237 0.226 0.216 0.206 0.196 0.187 0.179 0.172 0.166 0.160
-9999.000 -9999.000 -9999.000 -9999.000 -9999.000 -9999.000 -9999.000 -9999.000 -9999.000 -9999.000 -9999.000 -9999.000 -9999.000 -9999.000 -9999.000 -9999.000 -9999.000 -9999.000 -9999.000 -9999.000 1.456 0.861 0.831 0.804 0.779 0.753 0.728 0.703 0.679 0.656 0.633 0.610 0.588 0.567 0.546 0.527 0.507 0.488 0.468 0.449 0.430 0.412 0.395 0.378 0.362 0.345 0.329 0.314 0.299 0.285 0.272 0.259 0.247 0.235 0.224 0.213 0.203 0.194 0.186 0.178 0.172 0.166 0.159
-9999.000 -9999.000 -9999.000 -9999.000 -9999.000 -9999.000 -9999.000 -9999.000 -9999.000 -9999.000 -9999.000 -9999.000 -9999.000 -9999.000 -9999.000 -9999.000 -9999.000 -9999.000 -9999.000 2.486 0.939 0.838 0.813 0.789 0.766 0.743 0.718 0.694 0.670 0.647 0.624 0.602 0.580 0.559 0.538 0.518 0.499 0.480 0.462 0.443 0.424 0.406 0.389 0.372 0.356 0.341 0.326 0.310 0.296 0.282 0.268 0.256 0.244 0.233 0.222 0.212 0.202 0.193 0.185 0.178 0.171 0.166 0.159
-9999.000 -9999.000 -9999.000 -9999.000 -9999.000 -9999.000 -9999.000 -9999.000 -9999.000 -9999.000 -9999.000 -9999.000 -9999.000 -9999.000 -9999.000 -9999.000 -9999.000 -9999.000 -9999.000 1.484 0.859 0.828 0.802 0.776 0.751 0.728 0.706 0.684 0.661 0.638 0.616 0.593 0.572 0.551 0.531 0.510 0.491 0.472 0.453 0.436 0.419 0.401 0.384 0.367 0.351 0.336 0.321 0.307 0.292 0.278 0.265 0.253 0.241 0.230 0.220 0.210 0.201 0.192 0.184 0.177 0.171 0.164 0.159
-9999.000 -9999.000 -9999.000 -9999.000 -9999.000 -9999.000 -9999.000 -9999.000 -9999.000 -9999.000 -9999.000 -9999.000 -9999.000 -9999.000 -9999.000 -9999.000 -9999.000 -9999.000 2.463 1.003 0.843 0.817 0.791 0.766 0.741 0.716 0.692 0.670 0.649 0.629 0.607 0.585 0.564 0.543 0.523 0.503 0.483 0.464 0.446 0.428 0.411 0.395 0.379 0.362 0.346 0.330 0.316 0.302 0.288 0.275 0.262 0.249 0.238 0.227 0.217 0.208 0.199 0.191 0.183 0.176 0.170 0.164 0.159
-9999.000 -9999.000 -9999.000 -9999.000 -9999.000 -9999.000 -9999.000 -9999.000 -9999.000 -9999.000 -9999.000 -9999.000 -9999.000 -9999.000 -9999.000 -9999.000 -9999.000 -9999.000 1.714 0.878 0.832 0.806 0.780 0.754 0.730 0.706 0.682 0.658 0.636 0.615 0.594 0.574 0.556 0.535 0.515 0.496 0.476 0.458 0.439 0.422 0.404 0.388 0.372 0.356 0.341 0.326 0.311 0.297 0.284 0.271 0.259 0.247 0.236 0.225 0.215 0.206 0.197 0.189 0.182 0.176 0.170 0.164 0.159
-9999.000 -9999.000 -9999.000 -9999.000 -9999.000 -9999.000 -9999.000 -9999.000 -9999.000 -9999.000 -9999.000 -9999.000 -9999.000 -9999.000 -9999.000 -9999.000 -9999.000 2.898 1.202 0.847 0.821 0.794 0.769 0.744 0.719 0.696 0.672 0.649 0.627 0.605 0.584 0.563 0.544 0.525 0.507 0.488 0.469 0.451 0.433 0.416 0.398 0.382 0.366 0.350 0.335 0.321 0.307 0.293 0.279 0.267 0.255 0.243 0.233 0.222 0.213 0.204 0.196 0.188 0.182 0.176 0.170 0.164 0.159
-9999.000 -9999.000 -9999.000 -9999.000 -9999.000 -9999.000 -9999.000 -9999.000 -9999.000 -9999.000 -9999.000 -9999.000 -9999.000 -9999.000 -9999.000 -9999.000 -9999.000 1.806 0.898 0.834 0.809 0.783 0.758 0.733 0.709 0.685 0.662 0.639 0.617 0.596 0.574 0.554 0.534 0.514 0.496 0.478 0.461 0.444 0.427 0.409 0.392 0.376 0.360 0.344 0.329 0.315 0.302 0.288 0.276 0.263 0.251 0.240 0.229 0.219 0.211 0.202 0.194 0.187 0.181 0.176 0.169 0.164 0.161
-9999.000 -9999.000 -9999.000 -9999.000 -9999.000 -9999.000 -9999.000 -9999.000 -9999.000 -9999.000 -9999.000 -9999.000 -9999.000 -9999.000 -9999.000 -9999.000 -9999.000 1.174 0.847 0.816 0.792 0.768 0.746 0.722 0.698 0.674 0.652 0.629 0.608 0.586 0.566 0.545 0.526 0.506 0.487 0.469 0.451 0.434 0.418 0.402 0.387 0.371 0.354 0.339 0.325 0.311 0.297 0.283 0.271 0.259 0.248 0.237 0.227 0.217 0.208 0.200 0.192 0.186 0.180 0.175 0.169 0.166 0.163
-9999.000 -9999.000 -9999.000 -9999.000 -9999.000 -9999.000 -9999.000 -9999.000 -9999.000 -9999.000 -9999.000 -9999.000 -9999.000 -9999.000 -9999.000 -9999.000 2.024 0.892 0.830 0.804 0.778 0.753 0.729 0.706 0.684 0.664 0.642 0.619 0.598 0.577 0.556 0.536 0.517 0.498 0.479 0.461 0.444 0.427 0.410 0.394 0.379 0.364 0.349 0.334 0.320 0.306 0.293 0.279 0.267 0.255 0.244 0.234 0.224 0.214 0.206 0.197 0.191 0.184 0.178 0.173 0.168 0.165 0.162
-9999.000 -9999.000 -9999.000 -9999.000 -9999.000 -9999.000 -9999.000 -9999.000 -9999.000 -9999.000 -9999.000 -9999.000 -9999.000 -9999.000 -9999.000 -9999.000 1.218 0.842 0.812 0.788 0.766 0.742 0.717 0.693 0.671 0.649 0.628 0.609 0.588 0.567 0.547 0.527 0.508 0.489 0.471 0.453 0.436 0.419 0.403 0.387 0.372 0.357 0.342 0.329 0.316 0.302 0.288 0.276 0.263 0.252 0.241 0.231 0.221 0.212 0.203 0.196 0.188 0.182 0.177 0.171 0.168 0.164 0.161
-9999.000 -9999.000 -9999.000 -9999.000 -9999.000 -9999.000 -9999.000 -9999.000 -9999.000 -9999.000 -9999.000 -9999.000 -9999.000 -9999.000 -9999.000 1.973 0.882 0.822 0.798 0.773 0.748 0.725 0.703 0.682 0.659 0.637 0.614 0.594 0.574 0.555 0.537 0.518 0.499 0.481 0.463 0.446 0.429 0.412 0.396 0.381 0.366 0.351 0.336 0.322 0.309 0.297 0.284 0.272 0.261 0.249 0.238 0.228 0.218 0.210 0.202 0.194 0.188 0.182 0.176 0.171 0.167 0.164 0.160
