LISFLOOD/results/run3.totaltm
ncols         400
nrows         288
xllcorner     341244.004907
yllcorner     4516825.805194
cellsize      10.000000
NODATA_value  -9999.000000
[rows 136 to 169 of 288, columns 231 to 307 of 400]
0.000 0.000 0.000 0.000 0.000 0.000 0.000 0.000 0.000 0.000 0.000 0.000 0.000 0.000 0.000 0.000 0.000 0.000 0.000 0.000 0.000 0.538 2.009 2.173 2.210 2.247 2.282 2.316 2.347 2.376 2.402 2.426 2.448 2.469 2.493 2.517 2.541 2.564 2.587 2.609 2.630 2.653 2.676 2.699 2.721 2.742 2.762 2.781 2.801 2.821 2.839 2.857 2.874 2.889 2.903 2.918 2.933 2.946 2.959 2.970 2.981 2.991 3.000 3.009 3.017 3.024 3.031 3.036 3.041 3.046 3.049 3.052 3.054 2.848 3.056 2.848 2.847
0.000 0.000 0.000 0.000 0.000 0.000 0.000 0.000 0.000 0.000 0.000 0.000 0.000 0.000 0.000 0.000 0.000 0.000 0.000 0.000 0.000 1.519 2.134 2.177 2.213 2.247 2.283 2.319 2.353 2.385 2.413 2.439 2.462 2.485 2.508 2.531 2.552 2.576 2.599 2.623 2.646 2.668 2.689 2.710 2.732 2.754 2.776 2.796 2.814 2.832 2.849 2.867 2.884 2.899 2.914 2.928 2.941 2.953 2.966 2.978 2.988 2.998 3.007 3.015 3.023 3.029 3.036 3.041 3.045 3.049 3.052 3.054 3.056 3.056 3.056 2.846 2.845
0.000 0.000 0.000 0.000 0.000 0.000 0.000 0.000 0.000 0.000 0.000 0.000 0.000 0.000 0.000 0.000 0.000 0.000 0.000 0.000 0.614 2.009 2.141 2.177 2.218 2.255 2.292 2.327 2.362 2.394 2.423 2.449 2.473 2.496 2.521 2.545 2.568 2.590 2.612 2.633 2.657 2.681 2.704 2.726 2.746 2.767 2.786 2.806 2.825 2.843 2.860 2.877 2.892 2.908 2.922 2.936 2.949 2.961 2.973 2.984 2.994 3.004 3.012 3.021 3.028 3.034 3.039 3.044 3.048 3.051 3.054 3.055 2.848 3.056 2.842 2.843 2.842
0.000 0.000 0.000 0.000 0.000 0.000 0.000 0.000 0.000 0.000 0.000 0.000 0.000 0.000 0.000 0.000 0.000 0.000 0.000 0.000 1.549 2.103 2.139 2.177 2.214 2.248 2.284 2.318 2.348 2.374 2.398 2.426 2.481 2.509 2.531 2.556 2.579 2.603 2.626 2.647 2.668 2.691 2.714 2.737 2.758 2.778 2.796 2.816 2.834 2.853 2.869 2.886 2.900 2.916 2.930 2.943 2.956 2.968 2.979 2.989 2.999 3.009 3.017 3.025 3.032 3.038 3.043 3.047 3.051 3.053 3.055 3.056 3.056 3.056 2.839 2.839 2.839
0.000 0.000 0.000 0.000 0.000 0.000 0.000 0.000 0.000 0.000 0.000 0.000 0.000 0.000 0.000 0.000 0.000 0.000 0.000 0.252 1.926 2.096 2.132 2.168 2.203 2.237 2.268 2.294 2.320 2.334 2.185 2.207 2.461 2.523 2.545 2.567 2.590 2.614 2.638 2.662 2.684 2.706 2.726 2.748 2.770 2.790 2.809 2.827 2.844 2.862 2.879 2.895 2.910 2.924 2.937 2.951 2.963 2.975 2.986 2.996 3.004 3.013 3.022 3.029 3.036 3.041 3.046 3.049 3.053 3.055 3.056 3.056 3.056 2.837 2.836 2.837 2.837
0.000 0.000 0.000 0.000 0.000 0.000 0.000 0.000 0.000 0.000 0.000 0.000 0.000 0.000 0.000 0.000 0.000 0.000 0.000 1.207 2.038 2.082 2.118 2.153 2.186 2.216 2.243 2.268 2.283 2.139 2.113 2.159 2.462 2.536 2.559 2.583 2.606 2.628 2.650 2.673 2.697 2.720 2.741 2.761 2.780 2.800 2.820 2.838 2.856 2.872 2.887 2.903 2.918 2.933 2.946 2.958 2.970 2.981 2.991 3.001 3.010 3.018 3.026 3.032 3.038 3.043 3.048 3.051 3.053 3.055 3.056 3.056 2.836 2.834 2.834 2.834 2.984
0.000 0.000 0.000 0.000 0.000 0.000 0.000 0.000 0.000 0.000 0.000 0.000 0.000 0.000 0.000 0.000 0.000 0.000 0.000 1.664 2.038 2.069 2.102 2.134 2.163 2.191 2.216 2.237 2.153 2.059 2.036 2.289 2.511 2.552 2.576 2.598 2.621 2.643 2.666 2.689 2.711 2.731 2.753 2.773 2.793 2.812 2.829 2.847 2.865 2.882 2.898 2.912 2.926 2.939 2.952 2.965 2.976 2.987 2.997 3.006 3.014 3.022 3.029 3.036 3.041 3.046 3.049 3.053 3.055 3.056 3.056 3.056 2.832 2.831 2.831 2.963 2.999
0.000 0.000 0.000 0.000 0.000 0.000 0.000 0.000 0.000 0.000 0.000 0.000 0.000 0.000 0.000 0.000 0.000 0.000 0.143 1.868 2.022 2.049 2.080 2.110 2.138 2.164 2.186 2.169 2.063 2.086 2.219 2.492 2.537 2.562 2.586 2.611 2.635 2.658 2.680 2.701 2.724 2.746 2.767 2.787 2.806 2.823 2.841 2.858 2.874 2.889 2.905 2.920 2.934 2.947 2.959 2.971 2.982 2.992 3.002 3.011 3.018 3.026 3.032 3.038 3.043 3.048 3.051 3.053 3.055 3.056 3.056 2.835 2.829 2.828 2.828 3.013 3.007
0.000 0.000 0.000 0.000 0.000 0.000 0.000 0.000 0.000 0.000 0.000 0.000 0.000 0.000 0.000 0.000 0.000 0.000 0.901 1.963 2.003 2.029 2.057 2.083 2.108 2.132 2.149 2.007 2.023 2.043 2.361 2.523 2.549 2.571 2.596 2.621 2.646 2.670 2.693 2.715 2.736 2.756 2.777 2.798 2.817 2.836 2.853 2.869 2.884 2.899 2.914 2.928 2.941 2.954 2.966 2.977 2.987 2.997 3.006 3.014 3.022 3.029 3.036 3.041 3.046 3.050 3.053 3.055 3.056 3.056 3.056 2.829 2.828 3.022 3.024 3.019 3.011
0.000 0.000 0.000 0.000 0.000 0.000 0.000 0.000 0.000 0.000 0.000 0.000 0.000 0.000 0.000 0.000 0.000 0.000 1.442 1.958 1.983 2.006 2.031 2.055 2.078 2.096 2.051 2.012 2.033 2.062 2.383 2.534 2.563 2.586 2.609 2.631 2.656 2.681 2.704 2.727 2.749 2.769 2.788 2.806 2.826 2.844 2.862 2.879 2.894 2.909 2.923 2.936 2.949 2.962 2.973 2.983 2.993 3.002 3.011 3.019 3.026 3.033 3.038 3.043 3.048 3.051 3.053 3.055 3.056 3.056 3.056 2.828 3.037 3.034 3.029 3.023 3.012
0.000 0.000 0.000 0.000 0.000 0.000 0.000 0.000 0.000 0.000 0.000 0.000 0.000 0.000 0.000 0.000 0.000 0.069 1.706 1.939 1.961 1.981 2.003 2.024 2.044 2.056 1.998 2.013 2.029 2.163 2.486 2.549 2.574 2.598 2.623 2.646 2.668 2.691 2.714 2.737 2.759 2.780 2.800 2.818 2.836 2.852 2.869 2.886 2.902 2.917 2.931 2.944 2.956 2.967 2.979 2.989 2.999 3.008 3.016 3.023 3.030 3.036 3.041 3.046 3.050 3.053 3.055 3.056 3.056 3.056 3.056 3.054 3.051 3.036 3.031 3.022 3.011
0.000 0.000 0.000 0.000 0.000 0.000 0.000 0.000 0.000 0.000 0.000 0.000 0.000 0.000 0.000 0.000 0.000 0.977 1.854 1.919 1.938 1.956 1.973 1.992 2.008 1.988 2.010 2.032 2.071 2.374 2.529 2.559 2.584 2.609 2.634 2.658 2.681 2.703 2.724 2.747 2.769 2.789 2.809 2.828 2.846 2.863 2.879 2.894 2.909 2.924 2.938 2.951 2.963 2.974 2.984 2.994 3.004 3.012 3.021 3.027 3.033 3.039 3.044 3.048 3.051 3.053 3.055 3.056 3.056 3.056 3.055 3.053 3.043 3.016 2.968 2.941 2.985
0.000 0.000 0.000 0.000 0.000 0.000 0.000 0.000 0.000 0.000 0.000 0.000 0.000 0.000 0.000 0.000 0.000 1.482 1.874 1.900 1.916 1.932 1.947 1.962 1.964 1.974 1.979 1.978 2.188 2.500 2.546 2.569 2.594 2.619 2.645 2.669 2.693 2.716 2.737 2.757 2.778 2.799 2.818 2.837 2.855 2.872 2.888 2.903 2.917 2.931 2.944 2.957 2.969 2.980 2.991 3.000 3.009 3.017 3.024 3.031 3.037 3.042 3.047 3.050 3.053 3.055 3.056 3.056 3.056 3.056 3.055 3.047 3.008 2.814 2.811 2.813 2.953
0.000 0.000 0.000 0.000 0.000 0.000 0.000 0.000 0.000 0.000 0.000 0.000 0.000 0.000 0.000 0.000 0.488 1.686 1.907 1.894 1.897 1.913 1.933 1.960 1.981 1.998 2.016 1.983 2.309 2.530 2.560 2.584 2.607 2.630 2.655 2.681 2.704 2.728 2.749 2.770 2.789 2.808 2.827 2.846 2.864 2.881 2.897 2.912 2.926 2.938 2.951 2.963 2.975 2.986 2.996 3.005 3.013 3.021 3.028 3.034 3.040 3.045 3.049 3.052 3.054 3.055 3.056 3.056 3.056 3.055 3.053 3.028 2.814 2.811 2.807 2.807 2.919
0.000 0.000 0.000 0.000 0.000 0.000 0.000 0.000 0.000 0.000 0.000 0.000 0.000 0.000 0.000 0.000 1.108 1.862 1.938 1.922 1.902 1.901 1.935 1.968 1.993 2.018 2.044 2.112 2.448 2.544 2.571 2.596 2.621 2.646 2.668 2.691 2.714 2.738 2.759 2.781 2.801 2.820 2.838 2.854 2.872 2.888 2.904 2.919 2.933 2.946 2.958 2.969 2.980 2.991 3.001 3.009 3.018 3.026 3.032 3.038 3.043 3.047 3.051 3.053 3.055 3.056 3.056 3.056 3.055 3.054 3.030 2.816 2.807 2.803 2.803 2.802 2.879
0.000 0.000 0.000 0.000 0.000 0.000 0.000 0.000 0.000 0.000 0.000 0.000 0.000 0.000 0.000 0.116 1.521 1.967 1.967 1.947 1.924 1.887 1.846 1.879 1.909 1.934 1.966 2.257 2.513 2.557 2.580 2.606 2.632 2.658 2.682 2.705 2.727 2.748 2.769 2.790 2.811 2.830 2.848 2.866 2.881 2.896 2.911 2.926 2.940 2.953 2.965 2.976 2.987 2.996 3.005 3.014 3.022 3.029 3.036 3.041 3.046 3.050 3.053 3.055 3.056 3.056 3.056 3.056 3.055 3.046 2.816 2.808 2.800 2.798 2.799 2.856 2.856
0.000 0.000 0.000 0.000 0.000 0.000 0.000 0.000 0.000 0.000 0.000 0.000 0.000 0.000 0.000 0.793 1.805 2.002 1.992 1.969 1.943 1.874 1.715 1.659 1.620 1.648 2.046 2.420 2.540 2.571 2.595 2.619 2.642 2.667 2.693 2.717 2.740 2.762 2.782 2.801 2.819 2.838 2.857 2.874 2.891 2.906 2.921 2.934 2.946 2.959 2.971 2.982 2.992 3.002 3.010 3.018 3.026 3.032 3.038 3.043 3.048 3.051 3.053 3.055 3.056 3.056 3.056 3.055 3.053 3.030 2.809 2.803 2.799 2.796 2.853 2.881 2.872
0.000 0.000 0.000 0.000 0.000 0.000 0.000 0.000 0.000 0.000 0.000 0.000 0.000 0.000 0.000 1.461 2.019 2.031 2.018 1.984 1.921 1.816 1.681 1.616 1.613 1.646 2.319 2.516 2.554 2.581 2.607 2.632 2.656 2.679 2.702 2.726 2.749 2.771 2.792 2.812 2.831 2.848 2.865 2.882 2.898 2.914 2.928 2.942 2.954 2.966 2.977 2.987 2.997 3.007 3.015 3.022 3.029 3.036 3.041 3.046 3.050 3.053 3.055 3.056 3.056 3.056 3.056 3.055 3.049 3.004 2.806 2.801 2.798 2.831 2.902 2.897 2.886
0.000 0.000 0.000 0.000 0.000 0.000 0.000 0.000 0.000 0.000 0.000 0.000 0.000 0.000 0.642 1.869 2.058 2.059 2.041 1.920 1.798 1.831 1.657 1.648 1.593 2.014 2.488 2.537 2.563 2.591 2.617 2.643 2.668 2.693 2.715 2.737 2.758 2.780 2.801 2.821 2.841 2.858 2.875 2.891 2.906 2.921 2.935 2.948 2.961 2.973 2.983 2.993 3.003 3.011 3.019 3.026 3.033 3.038 3.043 3.048 3.051 3.053 3.055 3.056 3.056 3.056 3.055 3.053 3.043 2.996 2.802 2.798 2.819 2.923 2.919 2.911 2.898
0.000 0.000 0.000 0.000 0.000 0.000 0.000 0.000 0.000 0.000 0.000 0.000 0.000 0.000 1.217 2.060 2.083 2.089 2.062 1.846 1.809 1.862 1.687 1.679 1.708 2.347 2.521 2.551 2.575 2.599 2.626 2.652 2.678 2.703 2.726 2.748 2.769 2.789 2.809 2.829 2.849 2.867 2.884 2.900 2.914 2.928 2.942 2.954 2.967 2.978 2.989 2.999 3.008 3.016 3.023 3.030 3.036 3.041 3.046 3.050 3.053 3.055 3.056 3.056 3.056 3.056 3.055 3.052 3.032 2.937 2.849 2.830 2.943 2.943 2.934 2.924 2.910
0.000 0.000 0.000 0.000 0.000 0.000 0.000 0.000 0.000 0.000 0.000 0.000 0.000 0.000 1.731 2.099 2.110 2.120 2.092 1.878 1.849 1.894 1.695 1.527 2.032 2.492 2.536 2.562 2.587 2.612 2.635 2.662 2.687 2.712 2.736 2.759 2.781 2.801 2.819 2.837 2.856 2.874 2.891 2.907 2.922 2.937 2.949 2.962 2.973 2.984 2.994 3.004 3.012 3.020 3.027 3.034 3.039 3.044 3.048 3.051 3.053 3.055 3.056 3.056 3.056 3.055 3.053 3.047 3.014 2.949 2.927 2.953 2.965 2.956 2.946 2.935 2.905
0.000 0.000 0.000 0.000 0.000 0.000 0.000 0.000 0.000 0.000 0.000 0.000 0.000 0.808 2.072 2.121 2.136 2.148 2.124 1.914 1.911 1.947 1.729 1.682 2.316 2.518 2.545 2.572 2.599 2.624 2.649 2.673 2.696 2.721 2.745 2.768 2.789 2.810 2.830 2.848 2.865 2.882 2.898 2.914 2.929 2.943 2.956 2.968 2.979 2.989 2.999 3.008 3.017 3.024 3.031 3.037 3.042 3.047 3.050 3.053 3.055 3.056 3.056 3.056 3.056 3.055 3.053 3.041 2.991 2.978 2.966 2.986 2.978 2.968 2.958 2.944 2.769
0.000 0.000 0.000 0.000 0.000 0.000 0.000 0.000 0.000 0.000 0.000 0.000 0.000 1.375 2.128 2.146 2.158 2.173 2.166 2.014 2.039 2.052 1.963 2.144 2.472 2.526 2.553 2.581 2.608 2.634 2.661 2.686 2.709 2.731 2.753 2.776 2.798 2.818 2.838 2.857 2.874 2.890 2.906 2.921 2.936 2.949 2.962 2.974 2.985 2.995 3.004 3.013 3.021 3.028 3.034 3.040 3.045 3.049 3.052 3.054 3.055 3.056 3.056 3.056 3.055 3.053 3.051 3.033 2.976 2.971 3.003 2.997 2.988 2.978 2.966 2.932 2.696
0.000 0.000 0.000 0.000 0.000 0.000 0.000 0.000 0.000 0.000 0.000 0.000 0.000 1.732 2.150 2.167 2.184 2.196 2.209 2.204 2.228 2.254 2.279 2.363 2.502 2.539 2.564 2.589 2.617 2.644 2.670 2.695 2.719 2.742 2.763 2.784 2.806 2.826 2.846 2.864 2.882 2.899 2.914 2.928 2.942 2.956 2.968 2.979 2.991 3.001 3.009 3.018 3.025 3.032 3.038 3.043 3.047 3.051 3.053 3.055 3.056 3.056 3.056 3.056 3.055 3.053 3.049 3.031 3.025 3.020 3.013 3.006 2.996 2.985 2.969 2.739 2.549
0.000 0.000 0.000 0.000 0.000 0.000 0.000 0.000 0.000 0.000 0.000 0.000 0.671 2.017 2.170 2.189 2.208 2.224 2.239 2.266 2.291 2.313 2.334 2.370 2.510 2.550 2.576 2.601 2.626 2.652 2.679 2.704 2.729 2.752 2.774 2.795 2.815 2.833 2.853 2.872 2.889 2.906 2.922 2.936 2.949 2.962 2.973 2.985 2.996 3.005 3.014 3.022 3.029 3.036 3.041 3.046 3.049 3.053 3.055 3.056 3.056 3.056 3.056 3.055 3.053 3.051 3.047 3.039 3.034 3.027 3.018 3.010 3.000 2.987 2.843 2.604 2.401
0.000 0.000 0.000 0.000 0.000 0.000 0.000 0.000 0.000 0.000 0.000 0.000 1.319 2.143 2.192 2.214 2.236 2.254 2.267 2.268 2.265 2.279 2.306 2.413 2.528 2.560 2.587 2.614 2.639 2.663 2.687 2.712 2.737 2.761 2.783 2.804 2.824 2.843 2.861 2.878 2.896 2.912 2.928 2.942 2.956 2.968 2.979 2.990 3.000 3.009 3.018 3.026 3.032 3.038 3.043 3.048 3.051 3.053 3.055 3.056 3.056 3.056 3.055 3.054 3.052 3.049 3.045 3.040 3.034 3.027 3.019 3.009 2.999 2.952 2.669 2.441 2.371
0.000 0.000 0.000 0.000 0.000 0.000 0.000 0.000 0.000 0.000 0.000 0.264 1.749 2.187 2.216 2.242 2.266 2.287 2.303 2.307 2.258 2.279 2.351 2.486 2.541 2.569 2.596 2.623 2.650 2.676 2.699 2.722 2.744 2.768 2.790 2.812 2.832 2.852 2.870 2.887 2.903 2.918 2.933 2.948 2.961 2.973 2.985 2.996 3.005 3.014 3.022 3.029 3.036 3.041 3.046 3.050 3.053 3.055 3.056 3.056 3.056 3.056 3.055 3.053 3.050 3.047 3.042 3.037 3.031 3.024 3.016 3.007 2.979 2.736 2.511 2.370 2.360
0.000 0.000 0.000 0.000 0.000 0.000 0.000 0.000 0.000 0.000 0.000 0.928 2.044 2.218 2.244 2.267 2.293 2.316 2.336 2.342 2.274 2.301 2.448 2.517 2.549 2.577 2.604 2.632 2.658 2.684 2.709 2.733 2.756 2.777 2.797 2.818 2.839 2.858 2.877 2.894 2.911 2.926 2.940 2.953 2.966 2.978 2.990 3.000 3.009 3.018 3.026 3.032 3.038 3.043 3.048 3.051 3.053 3.055 3.056 3.056 3.056 3.055 3.053 3.051 3.048 3.044 3.039 3.034 3.028 3.021 3.013 2.995 2.752 2.598 2.401 2.382 2.370
0.000 0.000 0.000 0.000 0.000 0.000 0.000 0.000 0.000 0.000 0.073 1.524 2.177 2.238 2.267 2.293 2.317 2.342 2.364 2.374 2.339 2.416 2.492 2.529 2.557 2.585 2.613 2.640 2.667 2.692 2.717 2.742 2.765 2.787 2.807 2.827 2.845 2.864 2.883 2.901 2.917 2.932 2.947 2.959 2.972 2.983 2.994 3.004 3.013 3.022 3.029 3.036 3.041 3.046 3.049 3.053 3.055 3.056 3.056 3.056 3.056 3.055 3.053 3.049 3.046 3.041 3.036 3.030 3.023 3.016 3.008 2.920 2.627 2.446 2.384 2.373 2.362
0.000 0.000 0.000 0.000 0.000 0.000 0.000 0.000 0.000 0.000 0.732 1.912 2.216 2.254 2.284 2.313 2.341 2.365 2.389 2.411 2.430 2.472 2.508 2.537 2.565 2.593 2.621 2.648 2.674 2.700 2.725 2.749 2.772 2.794 2.816 2.836 2.854 2.872 2.889 2.906 2.922 2.937 2.952 2.965 2.977 2.988 2.999 3.008 3.017 3.025 3.032 3.038 3.043 3.048 3.051 3.053 3.055 3.056 3.056 3.056 3.055 3.053 3.051 3.048 3.043 3.038 3.033 3.026 3.019 3.012 2.994 2.707 2.491 2.383 2.371 2.362 2.352
0.000 0.000 0.000 0.000 0.000 0.000 0.000 0.000 0.000 0.000 1.297 2.137 2.233 2.266 2.297 2.328 2.357 2.385 2.411 2.434 2.460 2.487 2.516 2.544 2.572 2.601 2.628 2.656 2.682 2.707 2.732 2.756 2.779 2.801 2.822 2.842 2.862 2.879 2.896 2.912 2.927 2.942 2.957 2.969 2.982 2.993 3.003 3.012 3.021 3.028 3.035 3.041 3.046 3.050 3.053 3.055 3.056 3.056 3.056 3.056 3.055 3.053 3.050 3.046 3.041 3.036 3.029 3.023 3.015 3.005 2.888 2.588 2.418 2.386 2.369 2.355 2.342
0.000 0.000 0.000 0.000 0.000 0.000 0.000 0.000 0.000 0.057 1.706 2.203 2.241 2.273 2.304 2.334 2.364 2.392 2.418 2.444 2.470 2.496 2.522 2.551 2.579 2.608 2.636 2.663 2.689 2.714 2.739 2.763 2.786 2.807 2.828 2.848 2.867 2.886 2.903 2.919 2.933 2.948 2.961 2.974 2.986 2.997 3.007 3.016 3.024 3.032 3.038 3.043 3.048 3.051 3.053 3.055 3.056 3.056 3.056 3.055 3.053 3.051 3.048 3.043 3.038 3.032 3.026 3.018 3.011 2.974 2.684 2.486 2.419 2.403 2.388 2.373 2.354
0.000 0.000 0.000 0.000 0.000 0.000 0.000 0.000 0.000 0.779 2.013 2.224 2.253 2.281 2.309 2.339 2.368 2.396 2.423 2.451 2.479 2.508 2.534 2.561 2.586 2.615 2.643 2.670 2.696 2.721 2.746 2.769 2.792 2.813 2.834 2.854 2.873 2.891 2.908 2.924 2.939 2.953 2.966 2.978 2.989 3.001 3.011 3.019 3.027 3.034 3.041 3.046 3.049 3.053 3.055 3.056 3.056 3.056 3.056 3.055 3.053 3.050 3.046 3.041 3.035 3.029 3.022 3.014 3.002 2.832 2.572 2.437 2.418 2.405 2.391 2.377 2.362
0.000 0.000 0.000 0.000 0.000 0.000 0.000 0.000 0.000 1.354 2.164 2.231 2.262 2.292 2.319 2.346 2.372 2.401 2.429 2.458 2.487 2.516 2.544 2.572 2.598 2.624 2.650 2.677 2.703 2.728 2.752 2.775 2.798 2.819 2.840 2.859 2.878 2.896 2.913 2.928 2.943 2.958 2.971 2.983 2.994 3.004 3.013 3.022 3.030 3.037 3.042 3.047 3.051 3.053 3.055 3.056 3.056 3.056 3.055 3.053 3.051 3.048 3.043 3.038 3.032 3.025 3.018 3.009 2.961 2.676 2.477 2.421 2.408 2.394 2.381 2.369 2.357
