LISFLOOD/results/run3.max
ncols         400
nrows         288
xllcorner     341244.004907
yllcorner     4516825.805194
cellsize      10.000000
NODATA_value  -9999.000000
[rows 68 to 101 of 288, columns 308 to 384 of 400]
4.392 4.489 4.580 4.683 4.788 4.897 5.008 5.121 5.236 5.354 5.473 5.594 5.717 5.841 5.967 6.093 6.221 6.329 4.768 2.018 1.326 1.603 2.003 6.733 2.636 2.673 2.441 3.058 5.396 6.134 6.044 5.904 5.765 5.627 5.431 5.335 5.232 5.100 4.969 4.831 4.705 4.581 4.460 4.331 4.135 3.772 3.453 3.157 2.815 2.577 2.843 3.364 3.410 3.331 3.257 3.188 3.115 3.057 3.006 2.960 2.921 2.888 2.852 2.832 2.748 1.092 0.000 0.000 0.000 0.000 0.000 0.000 0.000 0.000 0.000 0.000 0.000
4.406 4.504 4.605 4.709 4.815 4.914 5.025 5.139 5.255 5.372 5.492 5.613 5.736 5.861 5.987 6.113 6.241 5.900 3.119 1.499 1.409 1.728 2.258 6.731 2.791 2.683 3.049 4.856 6.205 6.174 6.035 5.896 5.748 5.482 5.176 5.292 5.229 5.098 4.958 4.830 4.705 4.581 4.460 4.312 3.986 3.593 3.344 3.048 2.746 2.628 2.774 3.275 3.401 3.331 3.257 3.188 3.115 3.057 3.006 2.960 2.921 2.878 2.852 2.832 2.718 0.932 0.000 0.000 0.000 0.000 0.000 0.000 0.000 0.000 0.000 0.000 0.000
4.430 4.529 4.621 4.725 4.832 4.942 5.053 5.167 5.284 5.392 5.512 5.633 5.756 5.881 6.007 6.134 6.102 4.360 1.950 1.440 1.513 1.851 6.728 6.729 2.840 3.369 4.815 6.144 6.294 6.154 6.026 5.878 5.442 4.856 4.962 5.308 5.216 5.086 4.957 4.830 4.695 4.571 4.451 4.232 3.827 3.474 3.195 2.859 2.636 2.428 2.654 3.175 3.390 3.330 3.255 3.176 3.113 3.055 3.003 2.958 2.918 2.875 2.849 2.829 2.696 0.809 0.000 0.000 0.000 0.000 0.000 0.000 0.000 0.000 0.000 0.000 0.000
4.445 4.545 4.647 4.752 4.860 4.960 5.072 5.186 5.303 5.421 5.541 5.663 5.776 5.901 6.027 6.094 5.022 2.601 1.620 1.531 1.642 1.955 6.726 3.055 3.807 5.119 6.239 6.410 6.282 6.144 5.897 5.321 4.425 4.181 5.127 5.345 5.204 5.074 4.946 4.819 4.694 4.572 4.441 4.123 3.687 3.394 3.105 2.778 2.516 2.377 2.632 3.142 3.377 3.327 3.242 3.172 3.109 3.050 2.999 2.953 2.903 2.870 2.844 2.824 2.660 0.673 0.000 0.000 0.000 0.000 0.000 0.000 0.000 0.000 0.000 0.000 0.000
4.460 4.560 4.663 4.769 4.877 4.988 5.100 5.215 5.322 5.441 5.561 5.683 5.807 5.932 6.048 5.515 3.203 1.692 1.581 1.640 1.809 2.236 6.724 4.459 5.693 6.430 6.534 6.407 6.271 5.944 5.039 3.894 3.449 4.506 5.384 5.332 5.202 5.073 4.945 4.809 4.684 4.562 4.421 4.033 3.617 3.334 3.014 2.697 2.544 2.505 2.660 3.139 3.373 3.312 3.236 3.166 3.102 3.044 2.981 2.935 2.895 2.862 2.835 2.815 2.652 0.665 0.000 0.000 0.000 0.000 0.000 0.000 0.000 0.000 0.000 0.000 0.000
4.485 4.587 4.690 4.787 4.895 5.006 5.119 5.235 5.352 5.471 5.591 5.704 5.827 5.953 5.959 4.356 2.054 1.563 1.602 1.641 2.008 3.198 6.722 5.593 6.727 6.654 6.519 6.394 6.049 4.955 3.400 2.797 3.664 5.121 5.450 5.329 5.190 5.061 4.934 4.809 4.684 4.562 4.411 4.033 3.537 3.183 2.823 2.555 2.411 2.241 2.475 3.094 3.367 3.305 3.229 3.148 3.083 3.024 2.972 2.925 2.885 2.852 2.825 2.795 2.681 0.884 0.000 0.000 0.000 0.000 0.000 0.000 0.000 0.000 0.000 0.000 0.000
4.502 4.603 4.708 4.815 4.924 5.035 5.149 5.254 5.372 5.491 5.612 5.734 5.858 5.964 5.200 2.867 1.715 1.654 1.674 1.954 3.263 5.214 6.721 5.577 6.764 6.640 6.506 6.172 4.759 3.055 2.143 2.610 4.408 5.487 5.457 5.317 5.189 5.061 4.934 4.809 4.675 4.553 4.412 3.933 3.196 2.852 2.621 2.413 2.158 1.937 2.330 3.067 3.359 3.287 3.210 3.138 3.072 3.013 2.959 2.903 2.862 2.828 2.801 2.781 2.727 1.270 0.000 0.000 0.000 0.000 0.000 0.000 0.000 0.000 0.000 0.000 0.000
4.518 4.621 4.726 4.833 4.943 5.055 5.168 5.284 5.402 5.522 5.643 5.756 5.880 5.605 3.411 1.709 1.597 1.756 2.246 3.779 5.557 6.717 6.719 5.558 6.759 6.605 6.202 4.870 2.478 1.477 1.295 2.944 5.174 5.574 5.444 5.316 5.188 5.051 4.925 4.800 4.676 4.554 4.323 3.483 2.896 2.681 2.309 2.290 1.744 1.791 2.083 2.999 3.350 3.276 3.198 3.125 3.059 2.989 2.935 2.887 2.846 2.812 2.785 2.764 2.721 1.374 0.000 0.000 0.000 0.000 0.000 0.000 0.000 0.000 0.000 0.000 0.000
4.535 4.638 4.744 4.852 4.962 5.074 5.189 5.305 5.423 5.543 5.664 5.787 5.691 3.946 1.953 1.250 1.528 2.307 4.057 5.948 5.575 6.716 5.638 5.519 6.679 6.039 4.669 2.539 1.248 1.048 1.378 4.299 5.630 5.561 5.433 5.305 5.178 5.052 4.926 4.801 4.678 4.545 3.944 2.974 2.556 2.060 1.887 2.006 1.489 1.775 1.915 2.919 3.339 3.264 3.174 3.100 3.033 2.972 2.917 2.869 2.828 2.793 2.766 2.735 2.631 0.894 0.000 0.000 0.000 0.000 0.000 0.000 0.000 0.000 0.000 0.000 0.000
4.563 4.667 4.773 4.881 4.992 5.105 5.209 5.326 5.444 5.564 5.686 5.768 4.833 2.288 1.475 1.292 2.130 4.149 5.977 6.756 5.588 6.714 5.609 6.746 5.842 4.134 2.316 1.428 1.199 1.121 2.522 5.414 5.686 5.559 5.432 5.305 5.179 5.053 4.918 4.794 4.670 4.478 3.306 2.646 2.297 1.990 1.925 1.752 1.393 1.777 1.845 2.708 3.326 3.239 3.158 3.083 3.014 2.952 2.897 2.848 2.806 2.762 2.734 2.713 2.569 0.562 0.000 0.000 0.000 0.000 0.000 0.000 0.000 0.000 0.000 0.000 0.000
4.581 4.685 4.792 4.901 5.012 5.125 5.240 5.357 5.476 5.596 5.697 5.310 3.195 1.540 1.496 2.174 4.222 6.020 6.659 6.825 5.603 6.712 5.591 5.671 3.657 2.071 1.594 1.397 1.200 1.554 4.347 5.790 5.684 5.558 5.422 5.296 5.171 5.046 4.922 4.798 4.664 4.131 2.939 2.438 2.048 1.959 1.852 1.438 1.256 1.708 1.794 2.485 3.300 3.222 3.139 3.062 2.993 2.929 2.863 2.814 2.772 2.737 2.709 2.688 2.584 0.787 0.000 0.000 0.000 0.000 0.000 0.000 0.000 0.000 0.000 0.000 0.000
4.610 4.715 4.812 4.922 5.033 5.146 5.262 5.379 5.498 5.618 5.550 4.073 1.757 1.302 2.279 4.246 6.124 6.583 6.732 5.517 5.631 6.711 5.417 3.319 1.894 1.708 1.613 1.318 1.213 2.947 5.552 5.807 5.682 5.547 5.423 5.298 5.174 5.050 4.916 4.793 4.609 3.626 2.513 2.091 2.030 1.939 1.690 1.164 1.129 1.649 1.732 2.390 3.283 3.202 3.117 3.039 2.958 2.894 2.837 2.787 2.744 2.709 2.681 2.660 2.605 0.978 0.000 0.000 0.000 0.000 0.000 0.000 0.000 0.000 0.000 0.000 0.000
4.630 4.735 4.843 4.953 5.064 5.178 5.284 5.401 5.520 5.620 5.012 2.705 1.219 1.835 4.131 5.978 6.496 6.626 6.757 5.551 6.707 6.709 3.076 1.946 1.750 1.686 1.463 1.019 1.605 4.572 5.888 5.795 5.671 5.548 5.425 5.302 5.169 5.046 4.922 4.799 4.326 2.883 2.029 2.006 2.023 1.890 1.429 1.069 1.112 1.498 1.558 2.212 3.253 3.169 3.082 3.002 2.930 2.865 2.807 2.757 2.714 2.678 2.650 2.628 2.584 0.967 0.000 0.000 0.000 0.000 0.000 0.000 0.000 0.000 0.000 0.000 0.000
4.650 4.756 4.864 4.974 5.086 5.200 5.316 5.434 5.543 5.473 4.005 1.838 1.562 3.677 5.764 6.381 6.528 6.647 6.587 5.566 6.706 2.699 2.087 1.918 1.806 1.645 1.243 0.971 2.919 5.517 5.905 5.783 5.662 5.540 5.418 5.296 5.175 5.053 4.930 4.748 3.805 2.431 2.207 2.172 2.018 1.693 1.288 1.215 1.184 1.346 1.342 2.073 3.200 3.143 3.054 2.972 2.898 2.832 2.764 2.713 2.670 2.634 2.605 2.584 2.550 0.963 0.000 0.000 0.000 0.000 0.000 0.000 0.000 0.000 0.000 0.000 0.000
4.681 4.788 4.896 4.997 5.109 5.223 5.339 5.457 5.536 4.946 2.658 1.741 3.285 5.550 6.276 6.423 6.540 6.347 5.344 3.530 6.704 2.256 2.137 2.011 1.773 1.403 0.973 1.263 4.233 5.913 5.903 5.783 5.663 5.533 5.413 5.303 5.172 5.051 4.930 4.568 3.156 2.502 2.357 1.952 1.855 1.487 1.309 1.292 1.156 1.153 1.104 2.030 3.143 3.104 3.012 2.928 2.853 2.785 2.726 2.675 2.632 2.596 2.568 2.547 2.513 0.916 0.000 0.000 0.000 0.000 0.000 0.000 0.000 0.000 0.000 0.000 0.000
4.703 4.810 4.919 5.030 5.142 5.257 5.373 5.481 5.380 3.830 1.712 2.935 5.379 6.173 6.329 6.456 6.222 4.879 3.144 2.282 6.702 2.348 2.134 1.878 1.541 1.103 0.745 1.856 5.148 5.990 5.892 5.773 5.655 5.537 5.419 5.300 5.182 5.062 4.932 4.341 3.109 2.636 2.041 1.584 1.555 1.444 1.432 1.230 1.068 0.999 0.994 1.985 3.123 3.060 2.965 2.879 2.803 2.735 2.675 2.624 2.581 2.546 2.518 2.497 2.473 0.966 0.000 0.000 0.000 0.000 0.000 0.000 0.000 0.000 0.000 0.000 0.000
4.726 4.833 4.942 5.053 5.166 5.281 5.397 5.485 4.834 2.374 2.136 4.748 6.082 6.227 6.352 6.239 4.785 2.773 2.239 2.388 6.701 2.322 1.983 1.586 1.270 0.973 0.777 3.040 5.804 5.997 5.881 5.765 5.649 5.533 5.416 5.300 5.183 5.065 4.917 4.227 3.206 2.503 1.988 1.730 1.629 1.575 1.418 1.089 1.040 0.903 0.931 1.885 3.088 3.020 2.923 2.835 2.758 2.689 2.630 2.579 2.537 2.492 2.464 2.444 2.430 1.193 0.000 0.000 0.000 0.000 0.000 0.000 0.000 0.000 0.000 0.000 0.000
4.749 4.857 4.966 5.078 5.191 5.306 5.422 5.420 3.699 1.779 3.810 5.753 6.136 6.250 6.246 5.132 2.799 2.168 2.343 6.697 6.699 2.152 1.761 1.394 1.139 0.994 1.169 4.655 6.080 5.986 5.871 5.757 5.643 5.539 5.425 5.311 5.196 5.071 4.874 3.966 2.907 2.225 2.020 1.831 1.728 1.630 1.167 0.891 0.923 0.816 0.854 1.740 3.027 2.964 2.864 2.775 2.697 2.629 2.570 2.520 2.478 2.444 2.418 2.398 2.385 1.548 0.000 0.000 0.000 0.000 0.000 0.000 0.000 0.000 0.000 0.000 0.000
4.773 4.881 4.991 5.103 5.226 5.341 5.447 5.075 2.384 2.894 5.365 6.027 6.160 6.204 5.579 3.314 2.140 2.338 2.438 6.696 2.250 1.876 1.574 1.251 1.078 1.045 2.182 5.570 6.097 5.985 5.873 5.761 5.649 5.537 5.426 5.314 5.202 5.089 4.704 3.519 2.611 2.081 1.857 1.808 1.894 1.342 0.863 0.747 0.847 0.747 0.793 1.698 2.947 2.911 2.808 2.719 2.631 2.564 2.506 2.457 2.417 2.384 2.358 2.340 2.327 1.421 0.000 0.000 0.000 0.000 0.000 0.000 0.000 0.000 0.000 0.000 0.000
4.809 4.917 5.027 5.139 5.252 5.367 5.433 4.281 2.200 4.629 5.910 6.072 6.175 5.798 4.092 2.357 2.271 2.446 2.508 6.694 1.999 1.697 1.459 1.269 1.218 1.337 3.706 6.025 6.084 5.974 5.864 5.755 5.645 5.536 5.427 5.318 5.209 5.089 4.478 3.265 2.420 1.982 1.910 2.073 1.718 0.934 0.658 0.660 0.712 0.604 0.635 1.676 2.887 2.836 2.733 2.644 2.568 2.503 2.447 2.400 2.362 2.331 2.296 2.279 2.268 1.322 0.000 0.000 0.000 0.000 0.000 0.000 0.000 0.000 0.000 0.000 0.000
4.835 4.943 5.054 5.166 5.279 5.394 5.230 3.598 3.826 5.626 5.976 6.097 5.990 4.642 2.686 2.240 2.363 2.485 2.471 6.693 1.921 1.685 1.427 1.258 1.298 2.579 5.439 6.181 6.072 5.964 5.856 5.749 5.643 5.536 5.430 5.324 5.218 5.061 4.283 3.264 2.463 2.269 2.320 2.096 1.213 0.719 0.668 0.603 0.531 0.546 0.448 1.560 2.821 2.749 2.647 2.561 2.488 2.426 2.374 2.330 2.293 2.265 2.242 2.227 2.217 1.372 0.000 0.000 0.000 0.000 0.000 0.000 0.000 0.000 0.000 0.000 0.000
4.862 4.971 5.081 5.193 5.307 5.402 4.868 3.975 5.493 5.882 6.002 6.073 5.175 3.087 2.200 2.254 2.418 2.511 2.457 6.691 1.906 1.675 1.425 1.157 1.679 3.981 6.023 6.176 6.070 5.964 5.859 5.745 5.641 5.537 5.434 5.331 5.229 4.986 4.102 3.237 2.541 2.631 2.478 1.769 1.022 0.763 0.643 0.376 0.345 0.482 0.365 1.376 2.723 2.655 2.550 2.470 2.402 2.345 2.296 2.256 2.222 2.196 2.176 2.163 2.155 1.421 0.000 0.000 0.000 0.000 0.000 0.000 0.000 0.000 0.000 0.000 0.000
4.900 4.999 5.110 5.222 5.335 5.400 4.846 5.063 5.791 5.920 6.029 5.709 3.750 2.232 2.134 2.308 2.443 2.474 6.688 6.689 1.807 1.523 1.364 1.216 1.889 4.883 6.217 6.162 6.058 5.955 5.852 5.750 5.649 5.549 5.449 5.340 5.241 4.822 3.973 3.123 2.632 2.819 2.342 1.511 1.314 1.009 0.446 0.188 0.188 0.302 0.267 1.182 2.584 2.534 2.451 2.381 2.320 2.269 2.215 2.178 2.149 2.125 2.109 2.098 2.092 1.391 0.000 0.000 0.000 0.000 0.000 0.000 0.000 0.000 0.000 0.000 0.000
4.929 5.038 5.149 5.261 5.375 5.439 5.305 5.622 5.829 5.948 5.917 4.666 2.696 2.077 2.168 2.370 2.433 2.359 6.686 2.010 1.712 1.417 1.241 1.225 2.360 5.605 6.251 6.148 6.046 5.945 5.845 5.746 5.647 5.550 5.454 5.358 5.244 4.640 3.866 3.032 2.797 2.911 2.093 1.581 1.494 1.145 0.413 0.083 0.097 0.216 0.128 0.810 2.403 2.400 2.334 2.276 2.225 2.180 2.141 2.099 2.073 2.053 2.039 2.032 2.030 1.014 0.000 0.000 0.000 0.000 0.000 0.000 0.000 0.000 0.000 0.000 0.000
4.969 5.078 5.179 5.292 5.405 5.500 5.615 5.752 5.869 5.956 5.415 3.403 2.383 2.152 2.272 2.422 2.421 2.309 6.684 1.970 1.693 1.481 1.357 1.443 3.300 5.977 6.245 6.144 6.044 5.945 5.848 5.751 5.656 5.562 5.459 5.368 5.217 4.488 3.780 3.122 3.085 2.848 1.768 1.466 0.976 0.716 0.422 0.019 0.061 0.257 0.044 0.423 2.203 2.265 2.216 2.169 2.127 2.089 2.056 2.028 2.006 1.979 1.968 1.964 1.968 0.375 0.000 0.000 0.000 0.000 0.000 0.000 0.000 0.000 0.000 0.000 0.000
5.000 5.109 5.221 5.333 5.436 5.551 5.656 5.782 5.899 5.836 4.493 2.881 2.289 2.168 2.356 2.445 2.331 2.232 6.683 1.952 1.641 1.428 1.275 1.672 4.210 6.178 6.228 6.129 6.031 5.935 5.840 5.746 5.654 5.563 5.474 5.387 5.121 4.357 3.784 3.363 3.324 2.496 1.358 1.009 0.340 0.139 0.099 0.021 0.046 0.260 0.000 0.428 2.096 2.145 2.109 2.063 2.029 1.998 1.971 1.947 1.928 1.914 1.905 1.902 1.896 0.121 0.000 0.000 0.000 0.000 0.000 0.000 0.000 0.000 0.000 0.000 0.000
5.032 5.142 5.253 5.365 5.479 5.583 5.698 5.814 5.910 5.496 3.873 2.810 2.077 2.174 2.352 2.379 2.286 2.197 6.681 1.867 1.550 1.335 1.232 1.850 4.859 6.269 6.211 6.114 6.018 5.924 5.831 5.740 5.651 5.564 5.478 5.385 4.963 4.224 3.758 3.534 3.263 1.995 1.041 0.632 0.183 0.000 0.000 0.007 0.007 0.167 0.000 0.589 2.016 2.024 1.998 1.971 1.944 1.918 1.886 1.866 1.850 1.838 1.830 1.827 1.818 0.044 0.000 0.000 0.000 0.000 0.000 0.000 0.000 0.000 0.000 0.000 0.000
5.065 5.175 5.286 5.399 5.512 5.626 5.741 5.846 5.882 5.008 3.614 2.529 1.995 2.301 2.377 2.295 2.159 6.678 6.680 1.707 1.476 1.321 1.229 2.268 5.418 6.290 6.203 6.108 6.014 5.912 5.822 5.734 5.647 5.563 5.481 5.372 4.805 4.110 3.689 3.532 2.950 1.602 0.810 0.327 0.111 0.000 0.000 0.003 0.005 0.120 0.013 0.749 1.919 1.913 1.894 1.873 1.851 1.831 1.813 1.786 1.773 1.763 1.756 1.752 1.731 0.000 0.000 0.000 0.000 0.000 0.000 0.000 0.000 0.000 0.000 0.000 0.000
5.109 5.220 5.321 5.434 5.547 5.661 5.776 5.890 5.765 4.580 3.365 2.140 2.124 2.378 2.372 2.276 2.174 6.676 2.037 1.560 1.378 1.255 1.294 3.204 5.896 6.279 6.184 6.090 5.999 5.909 5.822 5.736 5.653 5.571 5.493 5.347 4.704 4.024 3.638 3.427 2.592 1.384 0.678 0.120 0.070 0.001 0.000 0.001 0.012 0.055 0.029 1.103 1.834 1.821 1.796 1.780 1.763 1.747 1.732 1.719 1.708 1.689 1.683 1.679 1.668 0.000 0.000 0.000 0.000 0.000 0.000 0.000 0.000 0.000 0.000 0.000 0.000
5.144 5.255 5.367 5.470 5.583 5.697 5.811 5.916 5.590 4.274 2.998 1.962 2.194 2.355 2.315 2.285 2.233 6.675 1.787 1.450 1.300 1.228 1.558 4.169 6.142 6.257 6.164 6.072 5.982 5.895 5.810 5.727 5.646 5.568 5.492 5.320 4.651 3.955 3.603 3.277 2.227 1.145 0.656 0.113 0.072 0.108 0.027 0.028 0.025 0.022 0.023 1.364 1.736 1.727 1.715 1.703 1.689 1.667 1.655 1.644 1.635 1.628 1.623 1.620 1.608 0.000 0.000 0.000 0.000 0.000 0.000 0.000 0.000 0.000 0.000 0.000 0.000
5.181 5.292 5.404 5.517 5.630 5.734 5.848 5.942 5.366 3.990 2.453 2.035 2.266 2.255 2.211 2.254 2.173 6.673 1.707 1.445 1.282 1.181 1.691 4.614 6.228 6.234 6.142 6.052 5.965 5.879 5.796 5.716 5.638 5.562 5.490 5.291 4.564 3.882 3.534 3.091 1.894 0.815 0.535 0.286 0.173 0.133 0.005 0.015 0.021 0.018 0.021 1.472 1.646 1.639 1.631 1.621 1.611 1.600 1.581 1.572 1.565 1.560 1.556 1.553 1.532 0.000 0.000 0.000 0.000 0.000 0.000 0.000 0.000 0.000 0.000 0.000 0.000
5.219 5.330 5.442 5.555 5.669 5.782 5.896 5.930 5.184 3.737 2.130 2.041 2.120 2.167 2.240 2.207 1.996 6.672 1.739 1.509 1.304 1.182 1.693 4.766 6.252 6.209 6.119 6.031 5.945 5.862 5.781 5.703 5.628 5.555 5.485 5.249 4.435 3.786 3.440 2.889 1.614 0.565 0.424 0.381 0.226 0.096 0.039 0.047 0.037 0.024 0.027 1.508 1.564 1.559 1.552 1.545 1.537 1.529 1.521 1.504 1.499 1.495 1.492 1.490 1.429 0.000 0.000 0.000 0.000 0.000 0.000 0.000 0.000 0.000 0.000 0.000 0.000
5.268 5.369 5.482 5.595 5.708 5.822 5.936 5.910 5.023 3.326 2.128 2.089 2.178 2.194 2.236 2.230 2.078 6.670 1.834 1.469 1.193 1.001 1.813 5.027 6.254 6.193 6.104 6.018 5.934 5.853 5.774 5.689 5.615 5.545 5.478 5.174 4.283 3.716 3.312 2.673 1.278 0.438 0.445 0.299 0.213 0.063 0.034 0.051 0.034 0.019 0.048 1.478 1.497 1.485 1.480 1.474 1.468 1.461 1.455 1.450 1.446 1.443 1.431 1.431 1.330 0.000 0.000 0.000 0.000 0.000 0.000 0.000 0.000 0.000 0.000 0.000 0.000
5.308 5.420 5.533 5.636 5.750 5.864 5.977 5.891 4.725 2.687 2.069 2.150 2.249 2.265 2.229 2.158 6.668 2.073 1.867 1.431 1.167 1.047 2.730 5.596 6.244 6.165 6.078 5.993 5.911 5.832 5.755 5.682 5.611 5.543 5.469 5.077 4.158 3.623 3.141 2.412 0.857 0.365 0.479 0.279 0.191 0.008 0.004 0.033 0.030 0.018 0.467 1.422 1.428 1.428 1.424 1.419 1.414 1.399 1.394 1.390 1.387 1.386 1.385 1.386 1.177 0.000 0.000 0.000 0.000 0.000 0.000 0.000 0.000 0.000 0.000 0.000 0.000
