LISFLOOD/results/run3.max
ncols         400
nrows         288
xllcorner     341244.004907
yllcorner     4516825.805194
cellsize      10.000000
NODATA_value  -9999.000000
[rows 204 to 237 of 288, columns 231 to 307 of 400]
2.193 2.216 2.243 2.274 2.310 2.349 2.392 2.440 2.491 2.546 2.606 2.669 2.736 2.797 2.872 2.951 3.033 3.119 3.209 3.302 3.399 3.499 3.602 3.709 3.819 3.932 4.047 4.166 4.288 4.412 4.528 4.657 4.788 4.921 5.056 5.193 5.332 5.472 5.614 5.757 5.901 6.036 6.182 6.330 6.478 5.291 6.445 5.406 5.349 6.626 6.564 6.503 6.421 4.229 1.807 1.555 1.542 1.740 1.837 1.884 1.981 2.157 2.444 2.570 2.195 1.741 1.345 0.979 0.722 0.493 0.333 0.260 0.117 0.081 0.715 1.964 1.935
2.190 2.205 2.233 2.266 2.302 2.343 2.387 2.436 2.489 2.545 2.606 2.670 2.739 2.811 2.887 2.957 3.041 3.128 3.219 3.313 3.411 3.512 3.617 3.725 3.836 3.950 4.067 4.187 4.309 4.434 4.562 4.692 4.824 4.948 5.084 5.222 5.361 5.502 5.644 5.788 5.933 6.078 6.225 6.372 6.507 5.314 6.444 5.390 6.666 6.606 6.545 6.484 6.192 3.091 1.629 1.587 1.655 1.823 1.891 1.898 2.026 2.413 2.650 2.296 1.882 1.517 1.082 0.736 0.598 0.498 0.353 0.211 0.123 0.103 1.116 1.951 1.898
2.178 2.203 2.233 2.267 2.295 2.337 2.382 2.432 2.486 2.544 2.606 2.672 2.741 2.815 2.892 2.973 3.058 3.146 3.229 3.324 3.423 3.526 3.632 3.741 3.853 3.968 4.086 4.207 4.331 4.457 4.585 4.716 4.849 4.984 5.121 5.250 5.390 5.532 5.675 5.819 5.964 6.111 6.258 6.406 5.218 5.350 6.443 5.378 6.648 6.587 6.526 6.465 5.724 2.283 1.591 1.640 1.738 1.887 1.985 2.063 2.291 2.559 2.466 2.033 1.689 1.295 0.890 0.625 0.608 0.548 0.352 0.203 0.134 0.128 1.372 1.922 1.857
2.165 2.192 2.223 2.258 2.297 2.340 2.387 2.428 2.484 2.543 2.606 2.673 2.743 2.818 2.897 2.979 3.065 3.155 3.248 3.345 3.435 3.539 3.646 3.756 3.870 3.986 4.105 4.227 4.352 4.479 4.609 4.741 4.875 5.011 5.148 5.288 5.429 5.562 5.705 5.850 5.996 6.143 6.291 6.441 5.262 6.440 6.441 5.365 6.640 6.568 6.507 6.436 4.905 1.815 1.604 1.623 1.752 1.991 2.160 2.378 2.557 2.525 2.193 1.900 1.507 1.074 0.780 0.695 0.710 0.553 0.333 0.166 0.119 0.133 1.476 1.871 1.810
2.152 2.181 2.213 2.249 2.289 2.334 2.382 2.434 2.491 2.551 2.605 2.674 2.746 2.822 2.901 2.985 3.072 3.163 3.258 3.356 3.457 3.562 3.670 3.772 3.886 4.004 4.124 4.247 4.373 4.501 4.632 4.765 4.900 5.037 5.176 5.316 5.458 5.601 5.746 5.891 6.028 6.175 6.322 6.470 5.285 6.438 5.399 5.343 6.619 6.559 6.498 6.218 3.457 1.597 1.647 1.666 1.886 2.225 2.494 2.694 2.603 2.301 1.910 1.668 1.285 0.952 0.829 0.866 0.783 0.522 0.267 0.078 0.047 0.090 1.536 1.811 1.759
2.140 2.169 2.203 2.240 2.282 2.327 2.377 2.430 2.488 2.549 2.615 2.684 2.757 2.825 2.906 2.990 3.079 3.171 3.267 3.366 3.469 3.575 3.684 3.797 3.913 4.031 4.143 4.267 4.394 4.524 4.655 4.789 4.925 5.063 5.203 5.344 5.487 5.631 5.776 5.922 6.069 6.216 6.364 6.499 5.307 6.437 5.383 6.659 6.599 6.539 6.479 5.609 2.209 1.549 1.669 1.799 2.100 2.510 2.760 2.779 2.449 2.078 1.737 1.416 1.124 1.052 1.059 1.027 0.815 0.505 0.250 0.087 0.053 0.075 1.616 1.753 1.707
2.127 2.158 2.192 2.231 2.274 2.320 2.371 2.426 2.485 2.547 2.614 2.685 2.759 2.837 2.920 3.006 3.085 3.179 3.276 3.376 3.480 3.587 3.698 3.812 3.929 4.049 4.171 4.297 4.415 4.545 4.678 4.813 4.951 5.090 5.230 5.373 5.516 5.661 5.807 5.954 6.101 6.249 6.397 5.211 5.343 6.435 5.371 6.640 6.580 6.520 6.420 4.651 1.661 1.592 1.782 2.023 2.354 2.784 2.865 2.625 2.246 1.966 1.675 1.275 1.153 1.271 1.229 1.157 0.885 0.484 0.220 0.121 0.075 0.126 1.703 1.711 1.668
2.114 2.146 2.182 2.222 2.266 2.314 2.365 2.421 2.481 2.545 2.613 2.685 2.760 2.840 2.923 3.010 3.101 3.196 3.294 3.386 3.491 3.600 3.711 3.826 3.945 4.066 4.190 4.316 4.445 4.577 4.711 4.837 4.976 5.116 5.258 5.401 5.545 5.691 5.838 5.985 6.133 6.282 6.432 5.255 6.432 6.434 5.358 6.632 6.561 6.501 6.241 3.632 1.553 1.694 2.045 2.376 2.688 2.939 2.800 2.442 2.143 1.884 1.584 1.304 1.353 1.482 1.419 1.276 0.903 0.386 0.114 0.084 0.064 0.795 1.704 1.663 1.621
2.101 2.134 2.171 2.212 2.257 2.306 2.359 2.416 2.478 2.543 2.611 2.684 2.761 2.842 2.927 3.015 3.107 3.203 3.302 3.405 3.511 3.611 3.724 3.841 3.960 4.082 4.207 4.335 4.466 4.599 4.734 4.871 5.011 5.152 5.285 5.429 5.575 5.721 5.869 6.017 6.165 6.314 6.462 5.278 6.431 5.391 5.335 6.610 6.551 6.481 5.792 2.714 1.585 1.886 2.408 2.800 2.982 2.934 2.686 2.348 2.050 1.732 1.543 1.534 1.554 1.733 1.600 1.204 0.757 0.400 0.128 0.055 0.056 1.483 1.661 1.618 1.576
2.088 2.123 2.161 2.203 2.249 2.299 2.353 2.411 2.473 2.540 2.610 2.684 2.762 2.844 2.929 3.019 3.112 3.209 3.310 3.414 3.522 3.633 3.747 3.864 3.975 4.099 4.225 4.354 4.486 4.620 4.757 4.895 5.036 5.178 5.322 5.468 5.604 5.752 5.900 6.049 6.198 6.346 6.492 5.301 6.429 5.374 6.648 6.589 6.531 6.392 4.773 2.015 1.697 2.209 2.791 3.093 3.076 2.879 2.672 2.225 1.938 1.671 1.623 1.725 1.746 1.836 1.403 0.895 0.579 0.396 0.240 0.110 0.122 1.659 1.623 1.575 1.533
2.085 2.121 2.160 2.193 2.240 2.291 2.347 2.406 2.469 2.536 2.608 2.683 2.762 2.845 2.932 3.022 3.117 3.215 3.317 3.422 3.531 3.643 3.759 3.878 4.000 4.125 4.252 4.373 4.506 4.641 4.779 4.919 5.061 5.204 5.349 5.496 5.644 5.793 5.942 6.082 6.232 6.382 5.206 5.337 6.428 5.358 6.627 6.569 6.510 6.152 3.664 1.766 1.978 2.711 3.134 3.147 3.030 2.834 2.498 2.002 1.906 1.820 1.824 1.907 1.880 1.471 0.840 0.584 0.420 0.256 0.161 0.112 0.599 1.646 1.582 1.531 1.488
2.072 2.108 2.149 2.193 2.241 2.283 2.340 2.400 2.464 2.533 2.605 2.681 2.762 2.846 2.934 3.026 3.121 3.221 3.324 3.430 3.540 3.654 3.771 3.891 4.014 4.140 4.269 4.401 4.535 4.662 4.801 4.942 5.085 5.230 5.377 5.524 5.674 5.824 5.975 6.126 6.278 6.430 5.253 6.425 5.389 5.336 6.606 6.548 6.480 5.622 2.785 1.947 2.580 3.203 3.277 3.020 2.904 2.589 2.203 2.038 2.074 2.109 2.195 1.920 1.425 0.800 0.582 0.452 0.219 0.175 0.096 0.096 1.127 1.598 1.531 1.483 1.443
2.059 2.096 2.137 2.182 2.232 2.285 2.342 2.404 2.459 2.528 2.602 2.679 2.761 2.846 2.935 3.028 3.125 3.225 3.330 3.437 3.549 3.664 3.782 3.903 4.028 4.155 4.285 4.419 4.554 4.692 4.833 4.965 5.110 5.256 5.404 5.553 5.703 5.855 6.007 6.160 6.314 6.466 5.282 6.424 5.373 6.642 6.585 6.528 6.410 4.793 2.345 2.468 3.191 3.385 3.139 2.763 2.598 2.373 2.339 2.375 2.412 2.328 2.066 1.243 0.781 0.689 0.597 0.485 0.291 0.133 0.065 0.086 1.361 1.530 1.484 1.443 1.405
2.045 2.083 2.125 2.172 2.222 2.276 2.335 2.397 2.463 2.534 2.598 2.677 2.759 2.846 2.936 3.030 3.128 3.230 3.335 3.444 3.557 3.673 3.792 3.915 4.041 4.170 4.301 4.436 4.573 4.712 4.854 4.998 5.144 5.292 5.431 5.581 5.733 5.886 6.040 6.195 6.351 5.182 5.323 6.423 5.361 6.633 6.575 6.508 6.220 3.903 2.456 3.059 3.463 3.277 2.821 2.506 2.372 2.498 2.554 2.471 2.409 1.838 1.107 0.797 0.787 0.699 0.633 0.568 0.367 0.090 0.050 0.094 1.429 1.463 1.426 1.391 1.358
2.031 2.070 2.113 2.160 2.212 2.267 2.326 2.390 2.457 2.529 2.604 2.684 2.767 2.845 2.936 3.031 3.130 3.233 3.340 3.450 3.564 3.681 3.802 3.926 4.053 4.184 4.317 4.453 4.591 4.732 4.875 5.021 5.168 5.317 5.468 5.620 5.763 5.917 6.072 6.229 6.388 5.230 6.420 6.421 5.348 6.615 6.556 6.498 5.810 3.253 2.876 3.400 3.404 3.008 2.563 2.409 2.555 2.582 2.369 2.127 1.606 1.046 0.837 0.909 0.803 0.668 0.626 0.479 0.269 0.040 0.032 0.255 1.411 1.398 1.370 1.340 1.312
2.017 2.057 2.101 2.149 2.201 2.257 2.318 2.382 2.450 2.523 2.599 2.680 2.764 2.853 2.945 3.042 3.132 3.236 3.344 3.465 3.581 3.699 3.811 3.937 4.065 4.197 4.332 4.469 4.609 4.751 4.896 5.043 5.192 5.342 5.494 5.648 5.802 5.958 6.104 6.261 6.419 5.254 6.418 5.380 5.325 6.594 6.535 6.467 5.100 3.003 3.216 3.450 3.194 2.709 2.435 2.561 2.767 2.425 2.033 1.452 1.102 1.003 1.016 0.940 0.696 0.724 0.606 0.362 0.216 0.041 0.034 0.748 1.364 1.343 1.319 1.293 1.267
2.012 2.043 2.088 2.137 2.190 2.247 2.308 2.373 2.443 2.516 2.594 2.675 2.761 2.850 2.944 3.041 3.143 3.248 3.357 3.470 3.586 3.706 3.830 3.956 4.086 4.210 4.346 4.485 4.626 4.770 4.917 5.065 5.215 5.367 5.521 5.676 5.832 5.989 6.146 6.304 6.460 5.278 6.416 5.364 6.630 6.573 6.515 6.377 4.249 2.992 3.336 3.340 2.914 2.520 2.465 2.812 2.579 2.057 1.486 1.136 1.067 1.100 1.073 0.939 0.796 0.717 0.530 0.348 0.204 0.010 0.022 1.063 1.317 1.296 1.273 1.249 1.225
1.997 2.038 2.084 2.134 2.178 2.236 2.298 2.364 2.435 2.509 2.588 2.670 2.757 2.847 2.942 3.040 3.143 3.249 3.359 3.473 3.591 3.712 3.837 3.965 4.097 4.232 4.369 4.500 4.643 4.789 4.937 5.087 5.239 5.392 5.547 5.704 5.861 6.020 6.179 6.338 5.174 5.316 6.415 5.352 6.611 6.552 6.494 6.086 3.508 3.021 3.265 3.079 2.704 2.540 2.736 2.883 2.221 1.669 1.179 1.050 1.091 1.135 1.059 0.966 0.865 0.636 0.450 0.266 0.119 0.049 0.055 1.201 1.288 1.255 1.231 1.208 1.185
1.981 2.024 2.070 2.121 2.176 2.235 2.298 2.355 2.426 2.501 2.581 2.664 2.751 2.843 2.939 3.038 3.142 3.249 3.361 3.476 3.595 3.718 3.844 3.973 4.106 4.243 4.382 4.524 4.669 4.806 4.956 5.108 5.262 5.417 5.574 5.732 5.891 6.051 6.211 6.374 5.220 6.412 6.414 5.338 6.602 6.532 6.473 5.455 3.007 3.000 3.104 2.778 2.633 2.719 3.036 2.573 1.831 1.380 1.161 1.062 1.114 1.178 1.094 0.981 0.781 0.523 0.327 0.171 0.114 0.057 0.078 1.212 1.253 1.227 1.202 1.179 1.157
1.965 2.008 2.056 2.107 2.163 2.223 2.287 2.354 2.426 2.492 2.573 2.657 2.745 2.838 2.935 3.035 3.140 3.248 3.361 3.477 3.598 3.722 3.849 3.980 4.115 4.253 4.394 4.538 4.684 4.833 4.985 5.139 5.284 5.441 5.600 5.760 5.920 6.081 6.243 6.404 5.244 6.411 5.371 5.315 6.580 6.520 6.381 4.513 2.735 2.898 2.872 2.597 2.702 2.938 2.955 2.063 1.421 1.191 1.181 1.163 1.196 1.210 1.096 0.954 0.694 0.437 0.204 0.103 0.101 0.052 0.075 1.177 1.217 1.191 1.166 1.143 1.122
1.948 1.993 2.041 2.093 2.150 2.210 2.275 2.343 2.416 2.493 2.574 2.659 2.738 2.832 2.929 3.031 3.137 3.247 3.360 3.478 3.599 3.725 3.854 3.986 4.122 4.262 4.405 4.550 4.699 4.850 5.003 5.159 5.316 5.476 5.626 5.787 5.950 6.112 6.274 6.435 5.268 6.409 5.355 6.617 6.558 6.498 6.169 3.660 2.693 2.786 2.660 2.624 2.940 2.886 2.193 1.451 1.190 1.180 1.211 1.233 1.246 1.210 1.077 0.855 0.625 0.408 0.182 0.177 0.108 0.061 0.078 1.132 1.182 1.156 1.131 1.109 1.088
1.931 1.976 2.025 2.078 2.135 2.197 2.262 2.331 2.405 2.483 2.564 2.650 2.740 2.835 2.933 3.026 3.133 3.243 3.358 3.477 3.600 3.727 3.857 3.991 4.129 4.270 4.414 4.562 4.712 4.865 5.021 5.179 5.338 5.500 5.662 5.826 5.990 6.144 6.309 5.160 5.307 6.408 5.341 6.597 6.536 6.475 5.746 3.107 2.730 2.703 2.647 2.892 2.817 2.234 1.511 1.249 1.258 1.278 1.279 1.301 1.295 1.229 1.016 0.784 0.534 0.296 0.200 0.282 0.078 0.051 0.077 1.123 1.147 1.122 1.098 1.076 1.055
1.913 1.959 2.009 2.063 2.121 2.182 2.248 2.318 2.393 2.471 2.554 2.640 2.731 2.827 2.926 3.029 3.137 3.249 3.355 3.475 3.599 3.727 3.859 3.995 4.134 4.277 4.423 4.573 4.725 4.880 5.038 5.198 5.360 5.524 5.688 5.854 6.020 6.187 6.355 5.207 6.404 6.406 5.326 6.576 6.513 6.442 5.162 2.763 2.706 2.679 2.883 2.888 2.344 1.581 1.248 1.317 1.356 1.356 1.337 1.349 1.322 1.227 0.943 0.690 0.461 0.244 0.280 0.402 0.033 0.033 0.085 1.116 1.113 1.090 1.067 1.045 1.024
1.895 1.942 1.992 2.046 2.105 2.167 2.234 2.305 2.380 2.459 2.542 2.629 2.721 2.817 2.917 3.022 3.130 3.243 3.360 3.481 3.606 3.736 3.859 3.996 4.138 4.282 4.430 4.582 4.737 4.894 5.054 5.217 5.381 5.547 5.714 5.882 6.050 6.218 6.386 5.232 6.403 5.360 5.300 6.551 6.489 6.398 4.688 2.659 2.701 2.824 2.909 2.434 1.720 1.267 1.275 1.383 1.443 1.443 1.414 1.386 1.299 1.152 0.818 0.575 0.385 0.287 0.344 0.326 0.059 0.045 0.234 1.095 1.083 1.060 1.037 1.015 0.995
1.886 1.933 1.984 2.029 2.089 2.152 2.219 2.290 2.366 2.445 2.529 2.617 2.710 2.806 2.907 3.012 3.122 3.236 3.354 3.476 3.602 3.733 3.868 4.007 4.150 4.286 4.436 4.590 4.747 4.907 5.070 5.235 5.402 5.571 5.741 5.911 6.082 6.251 6.417 5.256 6.401 5.341 6.598 6.535 6.463 6.332 4.452 2.613 2.736 2.869 2.654 1.859 1.375 1.303 1.301 1.420 1.499 1.489 1.470 1.412 1.304 1.027 0.691 0.507 0.355 0.257 0.344 0.200 0.025 0.029 0.440 1.080 1.067 1.044 1.020 0.988 0.967
1.867 1.915 1.966 2.022 2.081 2.145 2.213 2.285 2.351 2.431 2.515 2.604 2.697 2.794 2.896 3.002 3.112 3.227 3.346 3.469 3.597 3.729 3.865 4.005 4.150 4.298 4.451 4.607 4.766 4.919 5.084 5.252 5.422 5.594 5.767 5.941 6.115 6.288 5.146 5.297 6.400 5.323 6.573 6.510 6.447 6.266 4.216 2.587 2.719 2.683 2.208 1.543 1.340 1.328 1.356 1.445 1.495 1.475 1.476 1.427 1.269 0.930 0.623 0.467 0.323 0.222 0.366 0.152 0.057 0.049 0.627 1.071 1.045 1.020 0.995 0.971 0.950
1.847 1.895 1.947 2.003 2.063 2.127 2.196 2.268 2.344 2.425 2.510 2.599 2.693 2.781 2.883 2.989 3.100 3.216 3.336 3.460 3.589 3.722 3.860 4.002 4.148 4.299 4.453 4.612 4.774 4.939 5.107 5.279 5.442 5.618 5.794 5.972 6.150 6.328 5.197 6.398 5.356 5.296 6.487 6.453 6.420 6.249 4.329 2.750 2.682 2.266 1.581 1.427 1.394 1.382 1.461 1.530 1.530 1.441 1.441 1.372 1.133 0.843 0.614 0.405 0.267 0.262 0.392 0.121 0.064 0.059 0.806 1.056 1.026 0.998 0.971 0.946 0.924
1.826 1.875 1.928 1.984 2.045 2.109 2.178 2.250 2.327 2.408 2.494 2.583 2.677 2.775 2.878 2.985 3.097 3.213 3.324 3.449 3.579 3.714 3.853 3.997 4.145 4.297 4.454 4.614 4.779 4.947 5.119 5.294 5.471 5.650 5.831 6.013 6.185 6.366 5.230 6.396 5.336 6.504 6.210 6.306 6.392 6.261 4.710 2.961 2.584 1.858 1.403 1.530 1.517 1.486 1.645 1.635 1.576 1.416 1.387 1.297 1.067 0.836 0.595 0.332 0.258 0.317 0.333 0.072 0.049 0.060 0.965 1.042 1.009 0.977 0.948 0.921 0.898
1.805 1.854 1.907 1.964 2.025 2.090 2.159 2.232 2.309 2.390 2.476 2.566 2.660 2.759 2.862 2.970 3.082 3.199 3.320 3.447 3.578 3.713 3.854 3.999 4.138 4.293 4.452 4.615 4.783 4.954 5.129 5.308 5.489 5.672 5.858 6.045 6.232 5.107 5.277 6.395 5.321 6.240 5.803 6.127 6.353 6.221 5.150 3.332 2.444 1.669 1.444 1.532 1.530 1.589 1.719 1.680 1.581 1.502 1.423 1.234 0.963 0.731 0.516 0.369 0.288 0.294 0.238 0.102 0.060 0.112 1.055 1.032 0.992 0.956 0.924 0.897 0.872
1.783 1.833 1.886 1.943 2.004 2.070 2.139 2.212 2.289 2.371 2.457 2.547 2.642 2.741 2.844 2.952 3.065 3.182 3.304 3.431 3.563 3.700 3.842 3.988 4.140 4.296 4.457 4.623 4.794 4.959 5.137 5.320 5.505 5.693 5.884 6.076 6.271 5.161 6.391 6.393 5.303 5.745 5.405 6.037 6.313 6.180 5.319 3.780 2.193 1.448 1.435 1.472 1.452 1.612 1.763 1.694 1.586 1.598 1.500 1.241 0.910 0.647 0.521 0.430 0.331 0.282 0.264 0.133 0.095 0.662 1.083 1.022 0.974 0.934 0.900 0.871 0.846
1.771 1.821 1.874 1.922 1.983 2.048 2.118 2.191 2.269 2.350 2.436 2.527 2.621 2.721 2.824 2.933 3.046 3.164 3.286 3.414 3.546 3.684 3.827 3.975 4.128 4.286 4.450 4.618 4.792 4.970 5.153 5.340 5.530 5.723 5.909 6.105 6.302 5.188 6.390 5.341 5.272 5.274 4.844 5.606 6.240 6.207 5.546 3.988 1.961 1.367 1.464 1.512 1.603 1.734 1.726 1.589 1.592 1.645 1.458 1.160 0.870 0.657 0.571 0.458 0.386 0.308 0.268 0.131 0.138 1.013 1.077 1.012 0.960 0.918 0.883 0.854 0.829
1.748 1.798 1.852 1.909 1.971 2.036 2.096 2.169 2.247 2.328 2.414 2.505 2.599 2.699 2.803 2.911 3.024 3.142 3.265 3.394 3.527 3.665 3.809 3.958 4.113 4.273 4.439 4.610 4.787 4.969 5.156 5.348 5.543 5.742 5.943 6.144 6.344 5.215 6.388 5.319 6.106 5.202 4.670 5.231 6.195 6.212 5.861 4.013 1.747 1.363 1.482 1.581 1.753 1.815 1.709 1.623 1.668 1.632 1.307 1.071 0.882 0.682 0.567 0.466 0.395 0.329 0.201 0.100 0.190 1.093 1.043 0.980 0.929 0.888 0.853 0.824 0.800
1.725 1.775 1.829 1.886 1.948 2.013 2.082 2.156 2.233 2.305 2.391 2.481 2.576 2.675 2.779 2.887 3.001 3.119 3.242 3.370 3.504 3.643 3.788 3.938 4.094 4.256 4.424 4.598 4.778 4.964 5.156 5.352 5.554 5.759 5.967 6.176 5.073 5.261 6.387 5.299 5.686 4.969 4.415 5.155 6.168 6.175 5.834 3.807 1.681 1.439 1.498 1.609 1.802 1.796 1.631 1.657 1.724 1.580 1.197 1.013 0.868 0.720 0.600 0.483 0.369 0.260 0.134 0.096 0.540 1.064 0.995 0.938 0.892 0.853 0.821 0.793 0.770
1.700 1.751 1.805 1.862 1.924 1.989 2.058 2.132 2.209 2.290 2.376 2.466 2.551 2.650 2.753 2.862 2.975 3.093 3.216 3.345 3.478 3.618 3.763 3.914 4.072 4.235 4.405 4.582 4.765 4.955 5.151 5.354 5.562 5.774 5.990 6.210 5.127 6.383 6.385 5.276 5.233 4.702 4.026 4.755 6.018 6.134 5.745 3.378 1.464 1.372 1.433 1.586 1.720 1.676 1.603 1.691 1.720 1.419 1.048 0.917 0.796 0.683 0.588 0.440 0.327 0.173 0.069 0.077 0.848 0.989 0.936 0.889 0.849 0.815 0.785 0.760 0.739
