LISFLOOD/results/run3.max
ncols         400
nrows         288
xllcorner     341244.004907
yllcorner     4516825.805194
cellsize      10.000000
NODATA_value  -9999.000000
[rows 34 to 67 of 288, columns 308 to 384 of 400]
3.662 3.722 3.796 3.874 3.956 4.041 4.130 4.223 4.319 4.409 4.512 4.619 4.730 4.844 4.963 5.086 5.214 5.336 5.475 5.620 5.772 5.912 5.583 5.204 5.107 4.941 5.256 6.799 5.557 6.669 6.457 6.264 6.088 5.929 5.784 5.643 5.045 2.591 0.368 0.220 0.244 0.380 0.183 0.270 0.065 0.040 0.035 0.398 2.218 2.669 2.611 2.554 2.497 2.442 2.387 2.334 2.283 2.223 2.176 2.130 2.087 2.046 2.008 1.973 1.930 1.900 1.873 1.849 1.828 1.810 1.796 1.586 0.000 0.000 0.000 0.000 0.000
3.692 3.753 3.828 3.907 3.989 4.076 4.166 4.260 4.357 4.458 4.563 4.662 4.775 4.892 5.013 5.138 5.268 5.403 5.544 5.691 5.845 6.007 6.017 5.775 5.352 4.925 5.602 6.797 5.569 6.690 6.487 6.299 6.125 5.965 5.818 5.504 3.672 0.964 0.193 0.195 0.254 0.263 0.063 0.209 0.020 0.013 0.021 1.268 2.657 2.736 2.672 2.609 2.547 2.487 2.429 2.373 2.319 2.267 2.208 2.161 2.117 2.075 2.037 2.001 1.968 1.928 1.901 1.878 1.857 1.839 1.824 1.282 0.000 0.000 0.000 0.000 0.000
3.722 3.793 3.869 3.948 4.032 4.109 4.201 4.296 4.395 4.497 4.604 4.714 4.829 4.947 5.070 5.197 5.329 5.466 5.609 5.747 5.902 6.064 6.213 6.219 5.802 5.297 5.631 6.795 5.571 6.709 6.513 6.330 6.149 5.989 5.810 4.653 1.696 0.361 0.229 0.235 0.320 0.376 0.115 0.123 0.077 0.042 0.175 2.220 2.871 2.820 2.748 2.668 2.601 2.536 2.473 2.414 2.357 2.303 2.251 2.193 2.148 2.106 2.067 2.031 1.998 1.968 1.931 1.908 1.887 1.870 1.853 0.680 0.000 0.000 0.000 0.000 0.000
3.750 3.822 3.899 3.979 4.064 4.152 4.245 4.341 4.441 4.545 4.653 4.755 4.871 4.991 5.115 5.244 5.377 5.515 5.659 5.808 5.963 6.125 6.293 6.448 6.349 5.506 5.677 6.793 5.561 6.704 6.517 6.339 6.171 6.002 5.522 2.771 0.598 0.364 0.277 0.306 0.414 0.451 0.127 0.098 0.109 0.069 1.312 2.883 2.984 2.899 2.818 2.740 2.656 2.586 2.519 2.456 2.396 2.340 2.287 2.237 2.181 2.138 2.098 2.061 2.028 1.998 1.972 1.949 1.919 1.903 1.883 0.000 0.000 0.000 0.000 0.000 0.000
3.788 3.861 3.938 4.019 4.095 4.184 4.277 4.375 4.476 4.581 4.690 4.804 4.921 5.042 5.167 5.287 5.422 5.561 5.705 5.854 6.009 6.170 6.337 6.511 6.664 5.562 6.790 5.688 5.522 6.687 6.511 6.340 6.175 5.926 4.325 1.011 0.453 0.411 0.323 0.397 0.468 0.335 0.193 0.163 0.121 0.200 2.563 3.162 3.077 2.979 2.888 2.803 2.722 2.637 2.566 2.499 2.437 2.378 2.323 2.272 2.225 2.171 2.130 2.094 2.060 2.030 2.004 1.981 1.962 1.936 1.857 0.000 0.000 0.000 0.000 0.000 0.000
3.814 3.888 3.966 4.048 4.135 4.225 4.309 4.408 4.510 4.616 4.727 4.841 4.959 5.081 5.208 5.338 5.473 5.613 5.757 5.896 6.050 6.210 6.375 6.546 6.725 5.586 6.788 5.651 6.834 6.668 6.500 6.334 6.162 5.414 2.332 0.564 0.522 0.463 0.397 0.462 0.528 0.358 0.497 0.263 0.074 1.521 3.288 3.290 3.168 3.058 2.957 2.864 2.778 2.698 2.613 2.543 2.478 2.417 2.361 2.308 2.259 2.215 2.164 2.127 2.093 2.063 2.037 2.014 1.994 1.978 1.555 0.000 0.000 0.000 0.000 0.000 0.000
3.840 3.914 3.993 4.076 4.164 4.255 4.350 4.450 4.553 4.660 4.761 4.876 4.995 5.118 5.246 5.377 5.512 5.652 5.796 5.944 6.097 6.255 6.417 6.575 6.758 5.601 6.786 5.635 6.814 6.652 6.488 6.325 5.995 4.037 0.994 0.584 0.567 0.523 0.440 0.487 0.603 0.301 0.599 0.263 0.362 2.974 3.533 3.386 3.251 3.131 3.023 2.924 2.833 2.748 2.670 2.587 2.519 2.457 2.398 2.344 2.295 2.249 2.208 2.160 2.127 2.097 2.070 2.048 2.028 2.010 0.886 0.000 0.000 0.000 0.000 0.000 0.000
3.875 3.940 4.020 4.104 4.192 4.284 4.380 4.480 4.584 4.693 4.805 4.920 5.040 5.164 5.281 5.413 5.548 5.688 5.831 5.979 6.130 6.286 6.445 6.608 6.775 5.611 6.784 5.625 6.799 6.638 6.476 6.294 5.324 2.307 0.752 0.620 0.580 0.582 0.564 0.576 0.474 0.289 0.542 0.467 1.741 3.676 3.626 3.465 3.323 3.197 3.084 2.980 2.885 2.797 2.715 2.640 2.560 2.496 2.436 2.381 2.330 2.284 2.242 2.205 2.161 2.131 2.105 2.083 2.065 2.022 0.016 0.000 0.000 0.000 0.000 0.000 0.000
3.898 3.975 4.055 4.140 4.229 4.312 4.409 4.510 4.615 4.724 4.836 4.953 5.073 5.197 5.325 5.457 5.592 5.732 5.864 6.011 6.161 6.314 6.470 6.629 6.789 5.619 6.783 5.618 6.797 6.635 6.473 6.161 4.062 1.254 0.799 0.635 0.583 0.631 0.709 0.747 0.612 0.257 0.437 0.916 3.052 3.865 3.696 3.537 3.384 3.256 3.139 3.032 2.934 2.843 2.759 2.682 2.610 2.534 2.473 2.417 2.366 2.319 2.277 2.239 2.205 2.166 2.140 2.118 2.101 1.890 0.000 0.000 0.000 0.000 0.000 0.000 0.000
3.921 3.998 4.080 4.165 4.255 4.349 4.447 4.548 4.654 4.754 4.867 4.984 5.105 5.229 5.357 5.489 5.624 5.763 5.905 6.051 6.199 6.350 6.503 6.648 6.812 5.627 6.781 5.612 6.786 6.621 6.459 5.568 2.528 0.870 0.784 0.669 0.605 0.701 0.877 0.821 0.561 0.342 0.415 1.712 3.797 3.908 3.741 3.586 3.445 3.316 3.188 3.079 2.979 2.887 2.801 2.722 2.649 2.572 2.510 2.453 2.402 2.355 2.312 2.274 2.240 2.211 2.175 2.153 2.125 1.381 0.000 0.000 0.000 0.000 0.000 0.000 0.000
3.943 4.021 4.103 4.190 4.280 4.375 4.473 4.576 4.682 4.792 4.906 5.023 5.145 5.269 5.387 5.519 5.654 5.793 5.934 6.079 6.226 6.375 6.526 6.678 6.827 5.636 6.779 5.605 6.773 6.607 6.374 4.083 1.253 0.795 0.788 0.712 0.667 0.842 0.937 0.759 0.420 0.306 0.673 2.742 4.031 3.934 3.775 3.626 3.488 3.360 3.242 3.132 3.021 2.928 2.841 2.761 2.687 2.619 2.556 2.489 2.437 2.389 2.347 2.309 2.275 2.246 2.221 2.189 2.119 0.423 0.000 0.000 0.000 0.000 0.000 0.000 0.000
3.974 4.053 4.136 4.223 4.305 4.400 4.499 4.602 4.709 4.820 4.934 5.052 5.173 5.298 5.426 5.558 5.692 5.830 5.961 6.105 6.251 6.400 6.549 6.699 6.847 5.652 6.777 5.594 6.757 6.580 5.757 2.246 0.887 0.799 0.792 0.766 0.820 1.035 0.939 0.702 0.364 0.285 1.375 3.605 4.103 3.955 3.803 3.660 3.524 3.398 3.281 3.171 3.070 2.975 2.878 2.797 2.723 2.654 2.591 2.533 2.471 2.424 2.381 2.344 2.311 2.282 2.258 2.238 1.924 0.000 0.000 0.000 0.000 0.000 0.000 0.000 0.000
3.995 4.074 4.158 4.246 4.338 4.434 4.534 4.637 4.745 4.846 4.961 5.079 5.200 5.325 5.453 5.585 5.719 5.857 5.997 6.140 6.285 6.433 6.573 6.724 5.548 5.684 6.775 5.576 6.736 6.331 3.689 1.179 0.930 0.893 0.896 0.840 0.954 1.069 0.873 0.627 0.379 0.508 2.581 4.101 4.125 3.973 3.827 3.688 3.556 3.431 3.315 3.206 3.105 3.011 2.923 2.832 2.757 2.688 2.625 2.567 2.515 2.468 2.416 2.378 2.346 2.318 2.294 2.264 1.339 0.000 0.000 0.000 0.000 0.000 0.000 0.000 0.000
4.024 4.094 4.179 4.268 4.361 4.457 4.558 4.662 4.770 4.881 4.996 5.115 5.236 5.351 5.479 5.610 5.745 5.881 6.021 6.163 6.308 6.455 6.606 6.760 5.586 6.772 5.680 5.534 6.667 5.208 1.669 1.001 0.963 1.116 1.130 1.104 1.169 1.034 0.799 0.554 0.308 1.099 3.592 4.267 4.146 3.999 3.847 3.711 3.582 3.460 3.346 3.238 3.137 3.043 2.956 2.874 2.789 2.721 2.657 2.600 2.548 2.501 2.459 2.423 2.381 2.354 2.331 2.241 0.492 0.000 0.000 0.000 0.000 0.000 0.000 0.000 0.000
4.043 4.124 4.209 4.299 4.392 4.480 4.581 4.685 4.794 4.906 5.021 5.139 5.261 5.386 5.514 5.645 5.779 5.905 6.044 6.185 6.329 6.475 6.625 6.778 5.601 6.770 5.646 6.841 6.290 3.155 1.039 0.942 1.046 1.280 1.394 1.399 1.295 0.961 0.767 0.513 0.339 2.225 4.182 4.302 4.155 4.012 3.874 3.742 3.606 3.486 3.373 3.266 3.166 3.073 2.986 2.905 2.820 2.751 2.688 2.631 2.579 2.533 2.492 2.456 2.426 2.401 2.381 2.159 0.000 0.000 0.000 0.000 0.000 0.000 0.000 0.000 0.000
4.061 4.143 4.229 4.319 4.413 4.511 4.613 4.718 4.827 4.929 5.045 5.163 5.285 5.410 5.538 5.668 5.802 5.937 6.075 6.216 6.358 6.503 6.641 6.791 5.610 6.769 5.628 6.748 5.238 1.855 1.070 0.964 1.179 1.454 1.579 1.535 1.271 0.918 0.696 0.464 0.782 3.481 4.412 4.306 4.163 4.024 3.889 3.760 3.636 3.509 3.397 3.292 3.193 3.100 3.014 2.933 2.859 2.780 2.718 2.661 2.610 2.564 2.524 2.489 2.460 2.436 2.418 1.918 0.000 0.000 0.000 0.000 0.000 0.000 0.000 0.000 0.000
4.088 4.171 4.258 4.339 4.434 4.532 4.634 4.740 4.849 4.962 5.077 5.196 5.318 5.433 5.561 5.691 5.824 5.959 6.096 6.235 6.376 6.519 6.664 6.810 5.616 6.767 5.618 6.071 3.270 1.326 1.132 1.107 1.362 1.568 1.694 1.611 1.248 0.946 0.705 0.525 2.076 4.298 4.453 4.320 4.180 4.034 3.902 3.776 3.654 3.539 3.429 3.315 3.217 3.125 3.039 2.960 2.886 2.818 2.756 2.690 2.639 2.594 2.554 2.521 2.492 2.469 2.442 1.572 0.000 0.000 0.000 0.000 0.000 0.000 0.000 0.000 0.000
4.105 4.188 4.276 4.368 4.463 4.562 4.665 4.771 4.871 4.983 5.099 5.218 5.340 5.465 5.592 5.722 5.855 5.979 6.116 6.254 6.394 6.535 6.676 6.818 5.621 6.765 5.610 3.997 1.573 1.199 1.204 1.290 1.566 1.712 1.739 1.527 1.186 0.955 0.696 1.007 3.611 4.565 4.462 4.322 4.185 4.052 3.923 3.789 3.670 3.556 3.448 3.345 3.249 3.148 3.063 2.984 2.911 2.844 2.782 2.727 2.677 2.622 2.584 2.551 2.523 2.501 2.453 1.090 0.000 0.000 0.000 0.000 0.000 0.000 0.000 0.000 0.000
4.121 4.205 4.294 4.386 4.482 4.582 4.685 4.792 4.902 5.015 5.131 5.240 5.362 5.486 5.614 5.743 5.875 6.009 6.145 6.282 6.420 6.550 6.689 6.827 5.626 6.763 5.381 2.124 1.378 1.262 1.248 1.434 1.760 1.907 1.785 1.504 1.234 0.955 0.657 1.820 4.435 4.592 4.462 4.324 4.190 4.059 3.933 3.811 3.694 3.572 3.465 3.364 3.268 3.178 3.094 3.016 2.934 2.867 2.807 2.752 2.703 2.659 2.612 2.580 2.553 2.532 2.393 0.430 0.000 0.000 0.000 0.000 0.000 0.000 0.000 0.000 0.000
4.146 4.232 4.311 4.404 4.501 4.601 4.705 4.812 4.922 5.035 5.151 5.271 5.393 5.517 5.644 5.763 5.895 6.028 6.163 6.300 6.437 6.575 6.713 6.848 5.633 6.761 3.011 1.520 1.372 1.336 1.321 1.547 1.924 2.002 1.801 1.581 1.282 0.914 0.848 3.033 4.700 4.599 4.461 4.326 4.194 4.065 3.941 3.821 3.705 3.595 3.490 3.390 3.286 3.197 3.114 3.037 2.965 2.899 2.830 2.776 2.727 2.685 2.648 2.618 2.583 2.564 2.293 0.000 0.000 0.000 0.000 0.000 0.000 0.000 0.000 0.000 0.000
4.162 4.248 4.338 4.431 4.529 4.629 4.724 4.831 4.942 5.055 5.172 5.291 5.413 5.537 5.664 5.793 5.924 6.057 6.192 6.318 6.455 6.592 6.729 6.863 5.646 6.759 1.838 1.504 1.344 1.278 1.394 1.711 1.979 1.967 1.777 1.548 1.200 0.904 1.669 4.026 4.735 4.596 4.460 4.326 4.206 4.080 3.957 3.829 3.716 3.607 3.503 3.405 3.311 3.224 3.132 3.055 2.985 2.920 2.861 2.807 2.760 2.709 2.673 2.644 2.621 2.604 2.185 0.000 0.000 0.000 0.000 0.000 0.000 0.000 0.000 0.000 0.000
4.176 4.263 4.354 4.448 4.546 4.648 4.752 4.860 4.971 5.075 5.191 5.311 5.433 5.557 5.683 5.812 5.943 6.075 6.209 6.345 6.482 6.620 6.749 5.552 5.456 6.757 1.588 1.532 1.394 1.379 1.616 1.894 2.033 1.943 1.754 1.466 1.119 1.134 2.990 4.639 4.739 4.602 4.468 4.336 4.208 4.083 3.963 3.846 3.734 3.627 3.514 3.417 3.325 3.239 3.157 3.082 3.002 2.938 2.880 2.827 2.781 2.740 2.706 2.668 2.646 2.630 1.953 0.000 0.000 0.000 0.000 0.000 0.000 0.000 0.000 0.000 0.000
4.191 4.278 4.370 4.465 4.563 4.665 4.770 4.879 4.990 5.104 5.221 5.340 5.452 5.576 5.703 5.831 5.961 6.093 6.227 6.362 6.499 6.638 6.781 5.585 6.755 1.785 1.605 1.554 1.492 1.510 1.738 1.957 2.027 1.988 1.830 1.413 1.068 1.924 4.152 4.842 4.734 4.598 4.465 4.335 4.209 4.086 3.967 3.852 3.741 3.635 3.534 3.438 3.337 3.251 3.171 3.097 3.028 2.964 2.907 2.845 2.800 2.760 2.726 2.699 2.678 2.654 1.766 0.000 0.000 0.000 0.000 0.000 0.000 0.000 0.000 0.000 0.000
4.215 4.303 4.395 4.491 4.590 4.683 4.788 4.897 5.008 5.123 5.240 5.359 5.481 5.605 5.731 5.859 5.979 6.111 6.244 6.379 6.515 6.654 6.735 5.162 6.753 1.738 1.793 1.818 1.700 1.650 1.850 1.970 1.991 2.003 1.836 1.330 1.176 3.364 4.803 4.864 4.727 4.593 4.462 4.344 4.209 4.087 3.980 3.866 3.747 3.642 3.542 3.447 3.357 3.273 3.183 3.110 3.041 2.979 2.922 2.872 2.827 2.778 2.745 2.718 2.698 2.654 1.397 0.000 0.000 0.000 0.000 0.000 0.000 0.000 0.000 0.000 0.000
4.228 4.318 4.411 4.507 4.607 4.710 4.816 4.925 5.037 5.141 5.258 5.378 5.500 5.624 5.750 5.877 6.007 6.138 6.270 6.394 6.530 6.667 6.386 3.557 6.751 1.799 2.091 2.086 1.859 1.801 1.962 2.033 1.975 1.968 1.752 1.288 2.275 4.593 4.984 4.866 4.731 4.598 4.468 4.341 4.218 4.098 3.981 3.869 3.761 3.657 3.549 3.455 3.366 3.282 3.204 3.131 3.063 2.992 2.936 2.886 2.842 2.804 2.761 2.735 2.715 2.641 0.984 0.000 0.000 0.000 0.000 0.000 0.000 0.000 0.000 0.000 0.000
4.242 4.332 4.426 4.523 4.623 4.727 4.833 4.942 5.055 5.169 5.287 5.406 5.528 5.642 5.768 5.895 6.024 6.155 6.287 6.419 6.553 6.678 5.303 2.380 6.750 1.847 2.134 2.078 1.921 1.923 2.044 2.057 1.920 1.874 1.649 1.705 3.973 5.073 4.994 4.858 4.724 4.593 4.464 4.338 4.216 4.097 3.982 3.871 3.764 3.661 3.564 3.470 3.382 3.290 3.212 3.140 3.073 3.012 2.957 2.898 2.855 2.817 2.786 2.750 2.731 2.566 0.458 0.000 0.000 0.000 0.000 0.000 0.000 0.000 0.000 0.000 0.000
4.255 4.346 4.441 4.538 4.639 4.743 4.850 4.960 5.073 5.188 5.305 5.425 5.547 5.670 5.796 5.923 6.042 6.172 6.302 6.434 6.566 6.518 3.731 1.732 6.748 1.987 2.110 2.022 1.993 2.035 2.077 2.040 1.864 1.729 1.735 3.002 5.001 5.132 4.995 4.860 4.727 4.596 4.469 4.345 4.223 4.106 3.981 3.871 3.765 3.664 3.567 3.475 3.387 3.305 3.229 3.147 3.081 3.021 2.967 2.918 2.865 2.829 2.798 2.773 2.744 2.510 0.227 0.000 0.000 0.000 0.000 0.000 0.000 0.000 0.000 0.000 0.000
4.278 4.370 4.465 4.554 4.655 4.760 4.867 4.977 5.090 5.206 5.323 5.443 5.565 5.689 5.814 5.941 6.069 6.199 6.329 6.449 6.570 5.680 2.418 1.625 6.746 2.148 2.156 2.076 2.057 2.108 2.131 1.984 1.728 1.644 2.521 4.479 5.249 5.121 4.985 4.851 4.719 4.590 4.463 4.340 4.220 4.103 3.990 3.881 3.776 3.675 3.579 3.477 3.391 3.310 3.233 3.163 3.097 3.028 2.974 2.926 2.884 2.838 2.809 2.785 2.767 2.436 0.049 0.000 0.000 0.000 0.000 0.000 0.000 0.000 0.000 0.000 0.000
4.292 4.384 4.480 4.579 4.681 4.786 4.894 4.995 5.108 5.224 5.342 5.462 5.583 5.707 5.833 5.959 6.087 6.216 6.345 6.475 6.414 4.083 1.698 1.680 6.744 2.168 2.192 2.190 2.100 2.211 2.204 1.928 1.653 2.449 4.127 5.226 5.257 5.120 4.985 4.852 4.721 4.593 4.467 4.345 4.226 4.110 3.987 3.879 3.775 3.675 3.579 3.489 3.403 3.312 3.236 3.166 3.102 3.033 2.979 2.932 2.891 2.846 2.817 2.794 2.778 2.269 0.000 0.000 0.000 0.000 0.000 0.000 0.000 0.000 0.000 0.000 0.000
4.305 4.398 4.495 4.595 4.697 4.803 4.911 5.022 5.136 5.252 5.370 5.480 5.602 5.726 5.851 5.978 6.105 6.234 6.363 6.482 5.721 2.529 1.543 1.719 6.742 2.185 2.266 2.282 2.251 2.333 2.156 1.901 2.477 4.214 5.263 5.373 5.245 5.109 4.974 4.842 4.712 4.585 4.461 4.339 4.221 4.105 3.994 3.886 3.773 3.673 3.579 3.488 3.403 3.323 3.238 3.168 3.104 3.045 2.983 2.936 2.895 2.861 2.823 2.801 2.786 2.018 0.000 0.000 0.000 0.000 0.000 0.000 0.000 0.000 0.000 0.000 0.000
4.318 4.412 4.509 4.610 4.713 4.819 4.928 5.040 5.154 5.270 5.388 5.508 5.631 5.754 5.870 5.996 6.124 6.252 6.381 6.360 4.390 1.579 1.595 1.853 6.740 2.274 2.344 2.381 2.422 2.304 2.088 2.824 4.371 5.399 5.519 5.380 5.243 5.107 4.974 4.843 4.714 4.587 4.463 4.342 4.225 4.110 4.000 3.882 3.759 3.661 3.576 3.487 3.402 3.322 3.247 3.168 3.104 3.046 2.994 2.947 2.897 2.863 2.836 2.815 2.790 1.813 0.000 0.000 0.000 0.000 0.000 0.000 0.000 0.000 0.000 0.000 0.000
4.331 4.426 4.524 4.625 4.729 4.836 4.945 5.057 5.172 5.288 5.407 5.527 5.649 5.773 5.898 6.025 6.152 6.281 6.400 5.749 2.799 1.421 1.737 6.738 2.268 2.381 2.435 2.487 2.390 2.275 2.980 4.607 5.605 5.644 5.514 5.376 5.240 5.106 4.973 4.843 4.714 4.589 4.466 4.335 4.218 4.104 3.984 3.808 3.645 3.517 3.523 3.493 3.409 3.319 3.245 3.176 3.112 3.054 3.003 2.947 2.907 2.873 2.846 2.826 2.792 1.665 0.000 0.000 0.000 0.000 0.000 0.000 0.000 0.000 0.000 0.000 0.000
4.355 4.450 4.549 4.651 4.745 4.853 4.963 5.075 5.190 5.316 5.435 5.556 5.668 5.792 5.918 6.044 6.172 6.300 6.329 4.608 1.788 1.458 1.791 6.736 2.371 2.468 2.537 2.433 2.359 3.455 4.801 5.719 5.778 5.638 5.510 5.373 5.237 5.104 4.972 4.842 4.705 4.580 4.457 4.338 4.221 4.088 3.858 3.562 3.319 3.121 3.338 3.478 3.404 3.325 3.251 3.182 3.118 3.061 2.999 2.954 2.914 2.881 2.854 2.834 2.790 1.513 0.000 0.000 0.000 0.000 0.000 0.000 0.000 0.000 0.000 0.000 0.000
4.368 4.465 4.564 4.667 4.772 4.880 4.990 5.103 5.218 5.335 5.454 5.575 5.697 5.821 5.947 6.074 6.191 6.319 5.938 3.177 1.386 1.504 1.850 6.734 2.451 2.614 2.533 2.290 3.607 5.304 5.893 5.911 5.771 5.633 5.505 5.369 5.235 5.102 4.971 4.842 4.705 4.581 4.459 4.339 4.213 3.980 3.571 3.295 3.033 2.715 3.051 3.442 3.408 3.329 3.255 3.186 3.113 3.055 3.004 2.958 2.919 2.886 2.849 2.829 2.776 1.329 0.000 0.000 0.000 0.000 0.000 0.000 0.000 0.000 0.000 0.000 0.000
