LISFLOOD/results/run3.mxe
ncols         400
nrows         288
xllcorner     341244.004907
yllcorner     4516825.805194
cellsize      10.000000
NODATA_value  -9999.000000
[rows 108 to 134 of 288, columns 310 to 371 of 400]
132.607 132.613 132.619 132.624 132.630 132.636 132.642 132.647 132.653 132.658 132.664 132.668 132.667 132.667 132.667 132.666 132.666 132.666 132.665 132.665 132.665 132.664 132.664 132.664 132.663 132.663 132.663 132.662 132.662 132.662 132.661 132.661 132.661 132.661 132.660 132.660 132.660 132.660 132.660 132.660 132.660 132.660 132.660 132.660 132.660 132.660 132.660 132.661 132.661 132.661 132.661 132.662 132.662 132.662 132.663 132.663 132.664 132.664 132.665 132.665 132.666 132.667
132.605 132.611 132.617 132.622 132.628 132.634 132.639 132.645 132.651 132.656 132.661 132.662 132.662 132.662 132.662 132.661 132.661 132.661 132.661 132.660 132.660 132.660 132.660 132.659 132.659 132.659 132.658 132.658 132.658 132.658 132.657 132.657 132.657 132.657 132.657 132.657 132.657 132.657 132.657 132.657 132.657 132.657 132.657 132.657 132.657 132.657 132.657 132.658 132.658 132.658 132.658 132.659 132.659 132.660 132.660 132.661 132.661 132.662 132.662 132.663 132.664 132.664
132.603 132.609 132.614 132.620 132.626 132.631 132.637 132.643 132.649 132.654 132.657 132.657 132.657 132.657 132.657 132.657 132.656 132.656 132.656 132.656 132.656 132.655 132.655 132.655 132.655 132.655 132.654 132.654 132.654 132.654 132.654 132.653 132.653 132.653 132.653 132.653 132.653 132.653 132.653 132.653 132.653 132.653 132.653 132.654 132.654 132.654 132.654 132.655 132.655 132.655 132.656 132.656 132.657 132.657 132.658 132.658 132.659 132.659 132.660 132.661 132.661 132.662
132.601 132.606 132.612 132.618 132.624 132.629 132.635 132.641 132.647 132.651 132.651 132.652 132.652 132.652 132.652 132.652 132.652 132.652 132.651 132.651 132.651 132.651 132.651 132.651 132.651 132.650 132.650 132.650 132.650 132.650 132.650 132.650 132.650 132.650 132.650 132.650 132.650 132.650 132.650 132.650 132.650 132.650 132.650 132.650 132.651 132.651 132.651 132.652 132.652 132.652 132.653 132.653 132.654 132.654 132.655 132.656 132.656 132.657 132.658 132.658 132.659 132.660
132.599 132.604 132.610 132.616 132.621 132.627 132.633 132.639 132.644 132.645 132.646 132.646 132.647 132.647 132.647 132.647 132.647 132.647 132.647 132.647 132.647 132.647 132.646 132.646 132.646 132.646 132.646 132.646 132.646 132.646 132.646 132.646 132.646 132.646 132.646 132.646 132.646 132.646 132.646 132.646 132.647 132.647 132.647 132.647 132.648 132.648 132.648 132.649 132.649 132.650 132.650 132.651 132.651 132.652 132.652 132.653 132.654 132.654 132.655 132.656 132.657 132.658
132.596 132.602 132.608 132.613 132.619 132.625 132.631 132.637 132.640 132.640 132.641 132.641 132.642 132.642 132.642 132.642 132.642 132.642 132.642 132.642 132.642 132.642 132.642 132.642 132.642 132.642 132.642 132.642 132.642 132.642 132.642 132.642 132.642 132.642 132.642 132.642 132.643 132.643 132.643 132.643 132.643 132.644 132.644 132.644 132.644 132.645 132.645 132.646 132.646 132.647 132.647 132.648 132.648 132.649 132.650 132.650 132.651 132.652 132.653 132.654 132.654 132.655
132.594 132.600 132.606 132.611 132.617 132.623 132.628 132.633 132.635 132.635 132.636 132.636 132.637 132.637 132.637 132.637 132.638 132.638 132.638 132.638 132.638 132.638 132.638 132.638 132.638 132.638 132.638 132.638 132.638 132.638 132.638 132.638 132.638 132.639 132.639 132.639 132.639 132.639 132.639 132.640 132.640 132.640 132.641 132.641 132.641 132.642 132.642 132.643 132.643 132.644 132.644 132.645 132.646 132.646 132.647 132.648 132.649 132.649 132.650 132.651 132.652 132.653
132.592 132.598 132.603 132.609 132.615 132.620 132.626 132.630 132.630 132.631 132.631 132.631 132.632 132.632 132.632 132.633 132.633 132.633 132.633 132.633 132.633 132.633 132.634 132.634 132.634 132.634 132.634 132.634 132.634 132.634 132.634 132.634 132.635 132.635 132.635 132.635 132.635 132.636 132.636 132.636 132.637 132.637 132.637 132.638 132.638 132.639 132.639 132.640 132.640 132.641 132.642 132.642 132.643 132.644 132.644 132.645 132.646 132.647 132.648 132.649 132.650 132.651
132.590 132.596 132.601 132.607 132.612 132.618 132.623 132.624 132.625 132.626 132.626 132.627 132.627 132.627 132.628 132.628 132.628 132.628 132.629 132.629 132.629 132.629 132.629 132.629 132.630 132.630 132.630 132.630 132.630 132.630 132.631 132.631 132.631 132.631 132.631 132.632 132.632 132.632 132.633 132.633 132.633 132.634 132.634 132.635 132.635 132.636 132.636 132.637 132.637 132.638 132.639 132.639 132.640 132.641 132.642 132.643 132.644 132.645 132.646 132.647 132.648 132.649
132.588 132.593 132.599 132.605 132.610 132.616 132.620 132.620 132.620 132.621 132.621 132.622 132.622 132.623 132.623 132.623 132.624 132.624 132.624 132.624 132.625 132.625 132.625 132.625 132.625 132.626 132.626 132.626 132.626 132.626 132.627 132.627 132.627 132.627 132.628 132.628 132.628 132.629 132.629 132.630 132.630 132.630 132.631 132.631 132.632 132.633 132.633 132.634 132.635 132.635 132.636 132.637 132.638 132.638 132.639 132.640 132.641 132.642 132.643 132.644 132.646 132.646
132.586 132.591 132.597 132.602 132.608 132.613 132.614 132.615 132.616 132.616 132.617 132.617 132.618 132.618 132.618 132.619 132.619 132.619 132.620 132.620 132.620 132.621 132.621 132.621 132.621 132.622 132.622 132.622 132.622 132.623 132.623 132.623 132.623 132.624 132.624 132.625 132.625 132.625 132.626 132.626 132.627 132.627 132.628 132.628 132.629 132.630 132.630 132.631 132.632 132.632 132.633 132.634 132.635 132.636 132.637 132.638 132.639 132.640 132.641 132.642 132.644 132.645
132.584 132.589 132.595 132.600 132.606 132.609 132.610 132.610 132.611 132.611 132.612 132.613 132.613 132.613 132.614 132.614 132.615 132.615 132.615 132.616 132.616 132.616 132.617 132.617 132.617 132.617 132.618 132.618 132.618 132.619 132.619 132.619 132.620 132.620 132.621 132.621 132.621 132.622 132.622 132.623 132.623 132.624 132.625 132.625 132.626 132.626 132.627 132.628 132.629 132.629 132.630 132.631 132.632 132.633 132.634 132.635 132.636 132.637 132.638 132.640 132.642 -9999.000
132.582 132.588 132.593 132.598 132.602 132.604 132.605 132.605 132.606 132.607 132.607 132.608 132.608 132.609 132.609 132.610 132.610 132.611 132.611 132.611 132.612 132.612 132.612 132.613 132.613 132.613 132.614 132.614 132.614 132.615 132.615 132.616 132.616 132.616 132.617 132.617 132.618 132.618 132.619 132.620 132.620 132.621 132.621 132.622 132.623 132.623 132.624 132.625 132.626 132.627 132.628 132.628 132.629 132.630 132.631 132.632 132.634 132.635 132.636 132.637 -9999.000 -9999.000
132.580 132.586 132.592 132.597 132.598 132.599 132.600 132.601 132.601 132.602 132.603 132.603 132.604 132.604 132.605 132.605 132.606 132.606 132.607 132.607 132.607 132.608 132.608 132.609 132.609 132.609 132.610 132.610 132.611 132.611 132.611 132.612 132.612 132.613 132.613 132.614 132.614 132.615 132.616 132.616 132.617 132.617 132.618 132.619 132.620 132.620 132.621 132.622 132.623 132.624 132.625 132.626 132.627 132.628 132.629 132.630 132.631 132.632 132.633 132.635 -9999.000 -9999.000
132.578 132.584 132.591 132.594 132.594 132.595 132.595 132.596 132.597 132.597 132.598 132.599 132.599 132.600 132.600 132.601 132.601 132.602 132.602 132.603 132.603 132.604 132.604 132.605 132.605 132.605 132.606 132.606 132.607 132.607 132.608 132.608 132.609 132.609 132.610 132.610 132.611 132.612 132.612 132.613 132.613 132.614 132.615 132.616 132.616 132.617 132.618 132.619 132.620 132.621 132.622 132.623 132.624 132.625 132.626 132.627 132.628 132.630 132.631 -9999.000 -9999.000 -9999.000
132.576 132.582 132.587 132.589 132.589 132.590 132.591 132.592 132.592 132.593 132.594 132.594 132.595 132.595 132.596 132.596 132.597 132.598 132.598 132.599 132.599 132.599 132.600 132.600 132.601 132.601 132.602 132.602 132.603 132.603 132.604 132.604 132.605 132.606 132.606 132.607 132.607 132.608 132.609 132.609 132.610 132.611 132.612 132.613 132.613 132.614 132.615 132.616 132.617 132.618 132.619 132.620 132.621 132.622 132.623 132.625 132.626 132.627 132.629 -9999.000 -9999.000 -9999.000
132.574 132.580 132.584 132.584 132.585 132.585 132.586 132.587 132.588 132.588 132.589 132.590 132.590 132.591 132.592 132.592 132.593 132.593 132.594 132.594 132.595 132.595 132.596 132.596 132.597 132.597 132.598 132.598 132.599 132.600 132.600 132.601 132.601 132.602 132.603 132.603 132.604 132.605 132.605 132.606 132.607 132.608 132.609 132.609 132.610 132.611 132.612 132.613 132.614 132.615 132.616 132.617 132.618 132.620 132.621 132.622 132.623 132.624 -9999.000 -9999.000 -9999.000 -9999.000
132.572 132.577 132.578 132.579 132.580 132.581 132.582 132.582 132.583 132.584 132.585 132.585 132.586 132.587 132.587 132.588 132.588 132.589 132.590 132.590 132.591 132.591 132.592 132.592 132.593 132.593 132.594 132.595 132.595 132.596 132.596 132.597 132.598 132.598 132.599 132.600 132.600 132.601 132.602 132.603 132.604 132.604 132.605 132.606 132.607 132.608 132.609 132.610 132.611 132.612 132.613 132.615 132.616 132.617 132.618 132.619 132.621 132.622 -9999.000 -9999.000 -9999.000 -9999.000
132.570 132.573 132.574 132.575 132.575 132.576 132.577 132.578 132.579 132.579 132.580 132.581 132.581 132.582 132.583 132.583 132.584 132.585 132.585 132.586 132.586 132.587 132.588 132.588 132.589 132.589 132.590 132.591 132.591 132.592 132.593 132.593 132.594 132.595 132.595 132.596 132.597 132.598 132.599 132.599 132.600 132.601 132.602 132.603 132.604 132.605 132.606 132.607 132.608 132.610 132.611 132.612 132.613 132.614 132.616 132.617 132.618 -9999.000 -9999.000 -9999.000 -9999.000 -9999.000
132.567 132.568 132.569 132.570 132.571 132.572 132.572 132.573 132.574 132.575 132.576 132.576 132.577 132.578 132.578 132.579 132.580 132.580 132.581 132.582 132.582 132.583 132.584 132.584 132.585 132.585 132.586 132.587 132.587 132.588 132.589 132.590 132.590 132.591 132.592 132.593 132.593 132.594 132.595 132.596 132.597 132.598 132.599 132.600 132.601 132.602 132.603 132.604 132.605 132.607 132.608 132.609 132.610 132.612 132.613 132.614 132.616 -9999.000 -9999.000 -9999.000 -9999.000 -9999.000
132.563 132.564 132.564 132.565 132.566 132.567 132.568 132.569 132.569 132.570 132.571 132.572 132.573 132.573 132.574 132.575 132.576 132.576 132.577 132.578 132.578 132.579 132.579 132.580 132.581 132.581 132.582 132.583 132.584 132.584 132.585 132.586 132.587 132.587 132.588 132.589 132.590 132.591 132.592 132.593 132.594 132.595 132.596 132.597 132.598 132.599 132.600 132.601 132.603 132.604 132.605 132.606 132.608 132.609 132.611 132.612 -9999.000 -9999.000 -9999.000 -9999.000 -9999.000 -9999.000
132.558 132.559 132.560 132.561 132.561 132.562 132.563 132.564 132.565 132.566 132.567 132.568 132.568 132.569 132.570 132.571 132.571 132.572 132.573 132.573 132.574 132.575 132.575 132.576 132.577 132.577 132.578 132.579 132.580 132.580 132.581 132.582 132.583 132.584 132.585 132.586 132.586 132.587 132.588 132.589 132.590 132.591 132.593 132.594 132.595 132.596 132.597 132.598 132.600 132.601 132.602 132.604 132.605 132.607 132.608 132.610 -9999.000 -9999.000 -9999.000 -9999.000 -9999.000 -9999.000
132.553 132.554 132.555 132.556 132.557 132.558 132.559 132.560 132.561 132.561 132.562 132.563 132.564 132.565 132.566 132.567 132.567 132.568 132.569 132.569 132.570 132.571 132.571 132.572 132.573 132.574 132.574 132.575 132.576 132.577 132.578 132.578 132.579 132.580 132.581 132.582 132.583 132.584 132.585 132.586 132.587 132.588 132.589 132.590 132.592 132.593 132.594 132.595 132.597 132.598 132.600 132.601 132.602 132.604 132.606 -9999.000 -9999.000 -9999.000 -9999.000 -9999.000 -9999.000 -9999.000
132.548 132.549 132.550 132.551 132.552 132.553 132.554 132.555 132.556 132.557 132.558 132.559 132.560 132.561 132.562 132.562 132.563 132.564 132.564 132.565 132.566 132.567 132.567 132.568 132.569 132.570 132.570 132.571 132.572 132.573 132.574 132.575 132.576 132.577 132.578 132.579 132.580 132.581 132.582 132.583 132.584 132.585 132.586 132.587 132.589 132.590 132.591 132.592 132.594 132.595 132.597 132.598 132.600 132.601 -9999.000 -9999.000 -9999.000 -9999.000 -9999.000 -9999.000 -9999.000 -9999.000
132.543 132.545 132.546 132.547 132.548 132.549 132.550 132.551 132.552 132.553 132.554 132.555 132.556 132.557 132.558 132.558 132.559 132.560 132.560 132.561 132.562 132.562 132.563 132.564 132.565 132.566 132.566 132.567 132.568 132.569 132.570 132.571 132.572 132.573 132.574 132.575 132.576 132.577 132.578 132.579 132.581 132.582 132.583 132.584 132.585 132.587 132.588 132.590 132.591 132.592 132.594 132.595 132.597 132.599 -9999.000 -9999.000 -9999.000 -9999.000 -9999.000 -9999.000 -9999.000 -9999.000
132.539 132.540 132.541 132.542 132.543 132.544 132.545 132.546 132.547 132.548 132.549 132.551 132.552 132.553 132.554 132.554 132.555 132.556 132.556 132.557 132.558 132.558 132.559 132.560 132.561 132.562 132.563 132.563 132.564 132.565 132.566 132.567 132.568 132.569 132.570 132.571 132.573 132.574 132.575 132.576 132.577 132.578 132.580 132.581 132.582 132.584 132.585 132.587 132.588 132.590 132.591 132.593 132.594 -9999.000 -9999.000 -9999.000 -9999.000 -9999.000 -9999.000 -9999.000 -9999.000 -9999.000
132.534 132.535 132.536 132.537 132.538 132.539 132.540 132.541 132.543 132.544 132.545 132.546 132.548 132.549 132.550 132.550 132.551 132.552 132.552 132.553 132.554 132.554 132.555 132.556 132.557 132.558 132.559 132.560 132.561 132.562 132.563 132.564 132.565 132.566 132.567 132.568 132.569 132.570 132.571 132.573 132.574 132.575 132.577 132.578 132.579 132.581 132.582 132.583 132.585 132.587 132.589 132.591 132.592 -9999.000 -9999.000 -9999.000 -9999.000 -9999.000 -9999.000 -9999.000 -9999.000 -9999.000
