LISFLOOD/results/run3.mxe
ncols         400
nrows         288
xllcorner     341244.004907
yllcorner     4516825.805194
cellsize      10.000000
NODATA_value  -9999.000000
[rows 81 to 107 of 288, columns 310 to 371 of 400]
132.665 132.672 132.678 132.684 132.691 132.697 132.704 132.710 132.717 132.723 132.730 132.736 132.743 132.750 132.756 132.763 132.770 132.777 132.784 132.784 132.783 132.781 132.779 132.777 132.776 132.774 132.772 132.770 132.768 132.766 132.765 132.763 132.761 132.759 132.758 132.756 132.754 132.753 132.751 132.750 132.748 132.747 132.745 132.744 132.743 132.741 132.740 132.739 132.738 132.737 132.736 132.735 132.734 132.733 132.732 132.731 132.731 132.730 132.729 132.729 132.728 132.728
132.663 132.670 132.676 132.682 132.689 132.695 132.701 132.708 132.714 132.721 132.727 132.734 132.741 132.747 132.754 132.760 132.767 132.774 132.780 132.779 132.778 132.777 132.775 132.773 132.771 132.770 132.768 132.766 132.764 132.763 132.761 132.759 132.758 132.756 132.754 132.753 132.751 132.750 132.748 132.747 132.745 132.744 132.742 132.741 132.740 132.739 132.737 132.736 132.735 132.734 132.733 132.732 132.731 132.730 132.730 132.729 132.728 132.728 132.727 132.727 132.726 132.726
132.661 132.668 132.674 132.680 132.686 132.693 132.699 132.706 132.712 132.718 132.725 132.731 132.738 132.745 132.751 132.758 132.764 132.771 132.777 132.775 132.774 132.772 132.771 132.769 132.767 132.765 132.764 132.762 132.760 132.759 132.757 132.755 132.754 132.752 132.751 132.749 132.748 132.746 132.745 132.743 132.742 132.741 132.739 132.738 132.737 132.736 132.734 132.733 132.732 132.731 132.730 132.730 132.729 132.728 132.727 132.726 132.726 132.725 132.725 132.724 132.724 132.723
132.659 132.665 132.672 132.678 132.684 132.691 132.697 132.703 132.710 132.716 132.722 132.729 132.735 132.742 132.748 132.755 132.762 132.768 132.773 132.771 132.770 132.768 132.766 132.765 132.763 132.761 132.760 132.758 132.756 132.755 132.753 132.752 132.750 132.749 132.747 132.746 132.744 132.743 132.741 132.740 132.739 132.737 132.736 132.735 132.734 132.733 132.732 132.731 132.730 132.729 132.728 132.727 132.726 132.725 132.725 132.724 132.723 132.723 132.722 132.722 132.722 132.721
132.657 132.663 132.670 132.676 132.682 132.688 132.695 132.701 132.707 132.714 132.720 132.726 132.733 132.739 132.746 132.752 132.759 132.766 132.770 132.767 132.765 132.764 132.762 132.760 132.759 132.757 132.756 132.754 132.753 132.751 132.750 132.748 132.746 132.745 132.744 132.742 132.741 132.739 132.738 132.737 132.735 132.734 132.733 132.732 132.731 132.730 132.729 132.728 132.727 132.726 132.725 132.724 132.724 132.723 132.722 132.722 132.721 132.721 132.720 132.720 132.719 132.719
132.655 132.661 132.667 132.674 132.680 132.686 132.692 132.699 132.705 132.711 132.718 132.724 132.730 132.737 132.743 132.750 132.756 132.763 132.763 132.762 132.761 132.759 132.758 132.756 132.755 132.753 132.752 132.750 132.749 132.747 132.746 132.744 132.743 132.741 132.740 132.739 132.737 132.736 132.735 132.733 132.732 132.731 132.730 132.729 132.728 132.727 132.726 132.725 132.724 132.723 132.722 132.722 132.721 132.720 132.720 132.719 132.719 132.718 132.718 132.717 132.717 132.717
132.653 132.659 132.665 132.671 132.678 132.684 132.690 132.696 132.702 132.709 132.715 132.721 132.728 132.734 132.740 132.747 132.753 132.759 132.759 132.758 132.756 132.755 132.754 132.752 132.751 132.749 132.748 132.746 132.745 132.743 132.742 132.741 132.739 132.738 132.736 132.735 132.734 132.733 132.731 132.730 132.729 132.728 132.727 132.726 132.725 132.724 132.723 132.722 132.721 132.720 132.720 132.719 132.718 132.718 132.717 132.717 132.716 132.716 132.715 132.715 132.715 132.715
132.651 132.657 132.663 132.669 132.675 132.681 132.688 132.694 132.700 132.706 132.712 132.719 132.725 132.731 132.738 132.744 132.750 132.756 132.755 132.753 132.752 132.751 132.749 132.748 132.746 132.745 132.744 132.742 132.741 132.739 132.738 132.737 132.735 132.734 132.733 132.732 132.730 132.729 132.728 132.727 132.726 132.725 132.724 132.723 132.722 132.721 132.720 132.719 132.718 132.718 132.717 132.716 132.716 132.715 132.715 132.714 132.714 132.713 132.713 132.713 132.713 132.712
132.649 132.655 132.661 132.667 132.673 132.679 132.685 132.691 132.698 132.704 132.710 132.716 132.722 132.729 132.735 132.741 132.747 132.752 132.751 132.749 132.748 132.746 132.745 132.744 132.742 132.741 132.740 132.738 132.737 132.736 132.734 132.733 132.732 132.730 132.729 132.728 132.727 132.726 132.725 132.724 132.723 132.722 132.721 132.720 132.719 132.718 132.717 132.716 132.716 132.715 132.714 132.714 132.713 132.713 132.712 132.712 132.711 132.711 132.711 132.710 132.710 132.710
132.647 132.653 132.659 132.665 132.671 132.677 132.683 132.689 132.695 132.701 132.707 132.714 132.720 132.726 132.732 132.739 132.745 132.749 132.747 132.745 132.744 132.742 132.741 132.740 132.738 132.737 132.736 132.734 132.733 132.732 132.730 132.729 132.728 132.727 132.726 132.725 132.723 132.722 132.721 132.720 132.719 132.718 132.717 132.717 132.716 132.715 132.714 132.713 132.713 132.712 132.711 132.711 132.710 132.710 132.710 132.709 132.709 132.709 132.708 132.708 132.708 132.708
132.645 132.650 132.656 132.662 132.668 132.675 132.681 132.687 132.693 132.699 132.705 132.711 132.717 132.723 132.729 132.736 132.742 132.743 132.742 132.741 132.739 132.738 132.737 132.735 132.734 132.733 132.732 132.730 132.729 132.728 132.727 132.726 132.724 132.723 132.722 132.721 132.720 132.719 132.718 132.717 132.716 132.715 132.714 132.713 132.713 132.712 132.711 132.710 132.710 132.709 132.709 132.708 132.708 132.707 132.707 132.707 132.706 132.706 132.706 132.706 132.706 132.706
132.642 132.648 132.654 132.660 132.666 132.672 132.678 132.684 132.690 132.696 132.702 132.708 132.714 132.720 132.726 132.732 132.738 132.738 132.737 132.736 132.735 132.734 132.732 132.731 132.730 132.729 132.728 132.726 132.725 132.724 132.723 132.722 132.721 132.720 132.719 132.717 132.716 132.715 132.715 132.714 132.713 132.712 132.711 132.710 132.710 132.709 132.708 132.708 132.707 132.706 132.706 132.705 132.705 132.705 132.704 132.704 132.704 132.704 132.704 132.703 132.703 132.703
132.640 132.646 132.652 132.658 132.664 132.670 132.676 132.682 132.688 132.694 132.700 132.706 132.712 132.718 132.724 132.729 132.735 132.734 132.733 132.732 132.731 132.729 132.728 132.727 132.726 132.725 132.724 132.722 132.721 132.720 132.719 132.718 132.717 132.716 132.715 132.714 132.713 132.712 132.711 132.710 132.709 132.709 132.708 132.707 132.707 132.706 132.705 132.705 132.704 132.704 132.703 132.703 132.702 132.702 132.702 132.702 132.701 132.701 132.701 132.701 132.701 132.701
132.638 132.644 132.650 132.656 132.662 132.668 132.673 132.679 132.685 132.691 132.697 132.703 132.709 132.715 132.721 132.727 132.732 132.730 132.729 132.728 132.726 132.725 132.724 132.723 132.722 132.721 132.720 132.718 132.717 132.716 132.715 132.714 132.713 132.712 132.711 132.710 132.709 132.709 132.708 132.707 132.706 132.705 132.705 132.704 132.703 132.703 132.702 132.702 132.701 132.701 132.700 132.700 132.700 132.699 132.699 132.699 132.699 132.699 132.699 132.699 132.699 132.699
132.636 132.642 132.648 132.653 132.659 132.665 132.671 132.677 132.683 132.689 132.695 132.700 132.706 132.712 132.718 132.725 132.728 132.726 132.725 132.723 132.722 132.721 132.720 132.719 132.718 132.717 132.715 132.714 132.713 132.712 132.711 132.710 132.710 132.709 132.708 132.707 132.706 132.705 132.704 132.704 132.703 132.702 132.702 132.701 132.700 132.700 132.699 132.699 132.698 132.698 132.698 132.697 132.697 132.697 132.697 132.697 132.696 132.696 132.696 132.696 132.696 132.697
132.634 132.639 132.645 132.651 132.657 132.663 132.669 132.675 132.680 132.686 132.692 132.698 132.704 132.709 132.715 132.721 132.722 132.721 132.720 132.719 132.718 132.717 132.716 132.715 132.714 132.712 132.711 132.710 132.709 132.709 132.708 132.707 132.706 132.705 132.704 132.703 132.702 132.702 132.701 132.700 132.700 132.699 132.698 132.698 132.697 132.697 132.696 132.696 132.696 132.695 132.695 132.695 132.694 132.694 132.694 132.694 132.694 132.694 132.694 132.694 132.694 132.694
132.631 132.637 132.643 132.649 132.655 132.661 132.666 132.672 132.678 132.684 132.690 132.695 132.701 132.707 132.712 132.718 132.717 132.717 132.716 132.715 132.714 132.712 132.711 132.710 132.709 132.708 132.707 132.706 132.706 132.705 132.704 132.703 132.702 132.701 132.700 132.700 132.699 132.698 132.698 132.697 132.696 132.696 132.695 132.695 132.694 132.694 132.693 132.693 132.693 132.692 132.692 132.692 132.692 132.692 132.691 132.691 132.691 132.691 132.692 132.692 132.692 132.692
132.629 132.635 132.641 132.647 132.652 132.658 132.664 132.670 132.676 132.681 132.687 132.693 132.698 132.704 132.709 132.714 132.713 132.712 132.711 132.710 132.709 132.708 132.707 132.706 132.705 132.704 132.703 132.702 132.702 132.701 132.700 132.699 132.698 132.698 132.697 132.696 132.695 132.695 132.694 132.694 132.693 132.693 132.692 132.692 132.691 132.691 132.690 132.690 132.690 132.690 132.689 132.689 132.689 132.689 132.689 132.689 132.689 132.689 132.689 132.689 132.689 132.690
132.627 132.633 132.639 132.644 132.650 132.656 132.662 132.668 132.673 132.679 132.685 132.690 132.696 132.701 132.706 132.711 132.709 132.708 132.707 132.706 132.705 132.704 132.703 132.702 132.701 132.700 132.699 132.698 132.698 132.697 132.696 132.695 132.695 132.694 132.693 132.693 132.692 132.691 132.691 132.690 132.690 132.689 132.689 132.688 132.688 132.688 132.687 132.687 132.687 132.687 132.687 132.686 132.686 132.686 132.686 132.686 132.686 132.686 132.687 132.687 132.687 132.687
132.625 132.631 132.636 132.642 132.648 132.654 132.659 132.665 132.671 132.677 132.682 132.688 132.694 132.699 132.704 132.707 132.705 132.704 132.703 132.702 132.701 132.700 132.699 132.698 132.697 132.696 132.695 132.694 132.694 132.693 132.692 132.692 132.691 132.690 132.690 132.689 132.688 132.688 132.687 132.687 132.686 132.686 132.686 132.685 132.685 132.685 132.684 132.684 132.684 132.684 132.684 132.684 132.684 132.684 132.684 132.684 132.684 132.684 132.684 132.684 132.685 132.685
132.623 132.628 132.634 132.640 132.646 132.651 132.657 132.663 132.669 132.674 132.680 132.686 132.691 132.697 132.702 132.702 132.701 132.699 132.698 132.697 132.696 132.695 132.694 132.694 132.693 132.692 132.691 132.690 132.690 132.689 132.688 132.688 132.687 132.687 132.686 132.685 132.685 132.684 132.684 132.684 132.683 132.683 132.682 132.682 132.682 132.682 132.681 132.681 132.681 132.681 132.681 132.681 132.681 132.681 132.681 132.681 132.681 132.682 132.682 132.682 132.682 132.683
132.620 132.626 132.632 132.638 132.643 132.649 132.655 132.661 132.666 132.672 132.678 132.684 132.689 132.695 132.699 132.697 132.696 132.695 132.694 132.693 132.692 132.691 132.690 132.689 132.689 132.688 132.687 132.686 132.686 132.685 132.685 132.684 132.683 132.683 132.682 132.682 132.681 132.681 132.681 132.680 132.680 132.679 132.679 132.679 132.679 132.679 132.678 132.678 132.678 132.678 132.678 132.678 132.678 132.678 132.678 132.679 132.679 132.679 132.679 132.680 132.680 132.681
132.618 132.624 132.630 132.635 132.641 132.647 132.653 132.658 132.664 132.670 132.676 132.681 132.687 132.692 132.693 132.692 132.691 132.690 132.689 132.688 132.687 132.686 132.686 132.685 132.684 132.684 132.683 132.682 132.682 132.681 132.681 132.680 132.680 132.679 132.679 132.678 132.678 132.677 132.677 132.677 132.676 132.676 132.676 132.676 132.676 132.675 132.675 132.675 132.675 132.675 132.675 132.675 132.675 132.676 132.676 132.676 132.676 132.677 132.677 132.677 132.678 132.678
132.616 132.622 132.628 132.633 132.639 132.645 132.650 132.656 132.662 132.668 132.673 132.679 132.685 132.689 132.687 132.687 132.686 132.685 132.684 132.683 132.683 132.682 132.681 132.681 132.680 132.680 132.679 132.678 132.678 132.677 132.677 132.676 132.676 132.675 132.675 132.675 132.674 132.674 132.674 132.673 132.673 132.673 132.673 132.673 132.673 132.672 132.672 132.672 132.672 132.672 132.672 132.673 132.673 132.673 132.673 132.673 132.674 132.674 132.675 132.675 132.675 132.676
132.614 132.620 132.625 132.631 132.637 132.642 132.648 132.654 132.660 132.665 132.671 132.677 132.682 132.682 132.682 132.681 132.681 132.680 132.680 132.679 132.678 132.678 132.677 132.676 132.676 132.675 132.675 132.674 132.674 132.673 132.673 132.673 132.672 132.672 132.671 132.671 132.671 132.671 132.670 132.670 132.670 132.670 132.670 132.669 132.669 132.669 132.669 132.669 132.669 132.670 132.670 132.670 132.670 132.670 132.671 132.671 132.671 132.672 132.672 132.673 132.673 132.674
132.612 132.617 132.623 132.629 132.635 132.640 132.646 132.652 132.657 132.663 132.669 132.675 132.678 132.677 132.677 132.676 132.676 132.675 132.675 132.674 132.674 132.673 132.673 132.672 132.672 132.671 132.671 132.670 132.670 132.669 132.669 132.669 132.668 132.668 132.668 132.668 132.667 132.667 132.667 132.667 132.667 132.666 132.666 132.666 132.666 132.666 132.666 132.666 132.667 132.667 132.667 132.667 132.667 132.668 132.668 132.668 132.669 132.669 132.670 132.670 132.671 132.671
132.609 132.615 132.621 132.627 132.632 132.638 132.644 132.649 132.655 132.661 132.666 132.671 132.672 132.672 132.672 132.671 132.671 132.671 132.670 132.670 132.669 132.669 132.668 132.668 132.667 132.667 132.667 132.666 132.666 132.666 132.665 132.665 132.665 132.664 132.664 132.664 132.664 132.664 132.663 132.663 132.663 132.663 132.663 132.663 132.663 132.663 132.663 132.663 132.664 132.664 132.664 132.664 132.665 132.665 132.665 132.666 132.666 132.667 132.667 132.668 132.668 132.669
