LISFLOOD/results/run3.inittm
ncols         400
nrows         288
xllcorner     341244.004907
yllcorner     4516825.805194
cellsize      10.000000
NODATA_value  -9999.000000
[rows 140 to 167 of 288, columns 252 to 314 of 400]
0.961 0.924 0.888 0.853 0.819 0.788 0.762 0.736 0.722 0.871 0.849 0.595 0.533 0.511 0.489 0.466 0.442 0.418 0.394 0.372 0.351 0.331 0.308 0.286 0.266 0.247 0.229 0.212 0.194 0.177 0.161 0.146 0.132 0.119 0.106 0.093 0.081 0.071 0.061 0.052 0.043 0.034 0.027 0.021 0.015 0.011 0.007 0.003 0.001 0.001 0.001 0.001 0.219 0.220 0.219 0.219 0.087 0.094 0.105 0.120 0.136 0.155 0.177
0.974 0.938 0.903 0.871 0.841 0.813 0.788 0.773 0.917 0.943 0.897 0.594 0.520 0.497 0.473 0.451 0.428 0.406 0.383 0.359 0.336 0.316 0.295 0.276 0.256 0.236 0.218 0.201 0.184 0.169 0.153 0.138 0.123 0.110 0.098 0.086 0.076 0.065 0.055 0.046 0.038 0.031 0.024 0.018 0.013 0.008 0.005 0.003 0.001 0.001 0.001 0.220 0.222 0.222 0.222 0.072 0.073 0.082 0.093 0.106 0.122 0.144 0.168
0.987 0.954 0.922 0.893 0.865 0.841 0.819 0.903 0.997 1.021 0.767 0.545 0.504 0.481 0.458 0.435 0.413 0.390 0.367 0.346 0.325 0.303 0.283 0.263 0.244 0.227 0.209 0.191 0.174 0.158 0.144 0.130 0.117 0.104 0.091 0.080 0.069 0.059 0.051 0.042 0.034 0.027 0.021 0.015 0.011 0.007 0.003 0.001 0.001 0.001 0.001 0.224 0.226 0.225 0.093 0.057 0.064 0.072 0.083 0.097 0.114 0.134 0.158
1.007 0.976 0.946 0.918 0.892 0.871 0.887 0.993 0.971 0.837 0.564 0.519 0.494 0.470 0.446 0.421 0.398 0.376 0.355 0.332 0.310 0.289 0.269 0.250 0.233 0.215 0.198 0.182 0.167 0.151 0.136 0.122 0.109 0.097 0.086 0.074 0.064 0.054 0.046 0.038 0.031 0.024 0.018 0.013 0.008 0.005 0.003 0.001 0.001 0.001 0.221 0.227 0.228 0.228 0.043 0.049 0.057 0.065 0.076 0.091 0.109 0.131 0.157
1.027 0.999 0.973 0.948 0.924 0.907 1.049 1.033 1.013 0.695 0.533 0.507 0.485 0.460 0.435 0.411 0.386 0.363 0.341 0.320 0.301 0.279 0.258 0.239 0.221 0.203 0.187 0.172 0.157 0.142 0.128 0.115 0.102 0.091 0.079 0.069 0.059 0.050 0.042 0.034 0.027 0.021 0.015 0.011 0.006 0.003 0.001 0.001 0.001 0.001 0.227 0.228 0.034 0.032 0.037 0.046 0.053 0.062 0.074 0.091 0.109 0.132 0.157
1.050 1.026 1.001 0.978 0.961 1.005 1.044 1.023 0.994 0.673 0.522 0.493 0.470 0.447 0.425 0.401 0.376 0.352 0.329 0.307 0.287 0.268 0.250 0.231 0.212 0.194 0.177 0.162 0.147 0.133 0.120 0.107 0.094 0.083 0.073 0.063 0.054 0.045 0.037 0.030 0.023 0.018 0.013 0.008 0.005 0.003 0.001 0.001 0.001 0.001 0.228 0.019 0.022 0.027 0.033 0.044 0.055 0.068 0.083 0.098 0.115 0.135 0.177
1.076 1.053 1.032 1.012 1.001 1.058 1.043 1.027 0.893 0.570 0.507 0.482 0.458 0.433 0.411 0.388 0.366 0.342 0.319 0.297 0.276 0.256 0.238 0.221 0.204 0.187 0.170 0.154 0.139 0.125 0.112 0.100 0.089 0.077 0.067 0.057 0.048 0.040 0.033 0.026 0.020 0.015 0.010 0.006 0.003 0.001 0.001 0.001 0.001 0.001 0.002 0.006 0.020 0.026 0.034 0.046 0.060 0.077 0.094 0.109 0.126 0.148 0.307
1.100 1.083 1.064 1.048 1.068 1.046 1.024 0.985 0.682 0.527 0.497 0.472 0.447 0.422 0.398 0.375 0.353 0.332 0.309 0.287 0.267 0.247 0.228 0.210 0.193 0.177 0.162 0.147 0.132 0.118 0.106 0.093 0.082 0.072 0.062 0.052 0.044 0.036 0.029 0.023 0.017 0.012 0.008 0.005 0.003 0.001 0.001 0.001 0.001 0.001 0.003 0.013 0.041 0.088 0.115 0.071 0.077 0.092 0.108 0.123 0.139 0.280 0.467
1.124 1.109 1.094 1.092 1.082 1.077 1.078 0.868 0.556 0.510 0.487 0.462 0.437 0.411 0.387 0.363 0.341 0.319 0.299 0.278 0.257 0.238 0.219 0.201 0.184 0.168 0.153 0.139 0.126 0.112 0.099 0.087 0.076 0.066 0.056 0.047 0.039 0.032 0.025 0.019 0.014 0.009 0.006 0.003 0.001 0.001 0.001 0.001 0.001 0.001 0.009 0.048 0.242 0.246 0.243 0.103 0.099 0.112 0.125 0.139 0.197 0.376 0.703
1.143 1.123 1.096 1.075 1.058 1.041 1.073 0.747 0.526 0.496 0.472 0.449 0.426 0.401 0.376 0.352 0.328 0.307 0.286 0.267 0.248 0.229 0.210 0.192 0.176 0.159 0.144 0.131 0.118 0.106 0.093 0.081 0.071 0.061 0.051 0.043 0.035 0.028 0.022 0.016 0.011 0.007 0.004 0.002 0.001 0.001 0.001 0.001 0.001 0.003 0.028 0.242 0.246 0.249 0.249 0.137 0.129 0.135 0.146 0.176 0.323 0.551 0.831
1.156 1.121 1.088 1.063 1.038 1.012 0.944 0.608 0.512 0.486 0.460 0.435 0.411 0.388 0.366 0.342 0.318 0.297 0.275 0.255 0.236 0.218 0.202 0.184 0.168 0.152 0.137 0.123 0.110 0.098 0.087 0.076 0.066 0.056 0.047 0.038 0.031 0.024 0.018 0.013 0.009 0.005 0.003 0.001 0.001 0.001 0.001 0.001 0.002 0.026 0.241 0.249 0.253 0.253 0.254 0.177 0.159 0.161 0.167 0.286 0.454 0.738 0.823
1.169 1.210 1.177 1.147 1.122 1.091 0.799 0.543 0.499 0.476 0.450 0.424 0.398 0.374 0.351 0.329 0.308 0.287 0.266 0.246 0.226 0.208 0.191 0.175 0.160 0.145 0.130 0.116 0.103 0.091 0.080 0.069 0.060 0.051 0.042 0.034 0.027 0.021 0.015 0.011 0.006 0.003 0.001 0.001 0.001 0.001 0.001 0.001 0.010 0.241 0.248 0.256 0.258 0.257 0.200 0.200 0.191 0.189 0.212 0.359 0.629 0.844 0.846
1.182 1.341 1.397 1.436 1.408 1.010 0.636 0.516 0.486 0.461 0.437 0.414 0.389 0.363 0.339 0.316 0.294 0.274 0.255 0.237 0.218 0.199 0.182 0.165 0.150 0.136 0.122 0.110 0.097 0.085 0.074 0.064 0.054 0.046 0.038 0.031 0.024 0.018 0.013 0.008 0.005 0.003 0.001 0.001 0.001 0.001 0.001 0.003 0.026 0.247 0.253 0.257 0.261 0.203 0.176 0.184 0.197 0.211 0.307 0.522 0.778 0.831 0.855
1.241 1.375 1.440 1.443 1.410 0.737 0.541 0.502 0.475 0.449 0.424 0.400 0.377 0.354 0.331 0.307 0.285 0.264 0.244 0.225 0.208 0.191 0.174 0.158 0.142 0.128 0.114 0.102 0.090 0.079 0.069 0.059 0.049 0.041 0.034 0.027 0.021 0.015 0.011 0.006 0.003 0.001 0.001 0.001 0.001 0.001 0.001 0.007 0.052 0.251 0.256 0.258 0.225 0.154 0.159 0.171 0.184 0.246 0.424 0.691 0.803 0.818 0.856
1.226 1.399 1.408 1.463 1.042 0.568 0.519 0.493 0.466 0.439 0.413 0.388 0.363 0.341 0.319 0.298 0.276 0.255 0.235 0.216 0.198 0.181 0.166 0.151 0.136 0.121 0.108 0.095 0.083 0.073 0.063 0.053 0.045 0.037 0.030 0.023 0.018 0.013 0.008 0.005 0.003 0.001 0.001 0.001 0.001 0.001 0.003 0.013 0.060 0.254 0.258 0.237 0.133 0.137 0.146 0.158 0.174 0.312 0.577 0.734 0.752 0.780 0.848
1.194 1.369 1.377 1.348 0.709 0.535 0.506 0.481 0.457 0.430 0.404 0.378 0.353 0.330 0.308 0.287 0.267 0.247 0.227 0.207 0.189 0.172 0.156 0.142 0.128 0.114 0.102 0.089 0.078 0.067 0.057 0.048 0.040 0.033 0.026 0.020 0.015 0.010 0.006 0.003 0.001 0.001 0.001 0.001 0.001 0.001 0.004 0.024 0.119 0.207 0.226 0.113 0.113 0.122 0.132 0.146 0.280 0.425 0.679 0.713 0.733 0.785 0.847
1.162 1.361 1.529 1.024 0.564 0.521 0.494 0.469 0.444 0.421 0.394 0.369 0.344 0.320 0.297 0.276 0.256 0.237 0.219 0.200 0.182 0.165 0.149 0.134 0.119 0.107 0.094 0.083 0.072 0.062 0.052 0.044 0.036 0.029 0.022 0.017 0.012 0.008 0.005 0.003 0.001 0.001 0.001 0.001 0.001 0.003 0.009 0.042 0.107 0.129 0.103 0.091 0.100 0.110 0.121 0.151 0.350 0.598 0.691 0.707 0.732 0.789 0.858
1.109 1.327 1.374 0.741 0.538 0.511 0.484 0.457 0.432 0.407 0.383 0.360 0.335 0.311 0.288 0.267 0.246 0.226 0.208 0.191 0.174 0.158 0.142 0.127 0.113 0.100 0.088 0.077 0.067 0.057 0.048 0.039 0.032 0.025 0.019 0.014 0.009 0.006 0.003 0.001 0.001 0.001 0.001 0.001 0.001 0.003 0.016 0.066 0.078 0.091 0.071 0.078 0.088 0.098 0.112 0.287 0.459 0.688 0.699 0.717 0.747 0.807 0.862
1.004 1.093 0.912 0.584 0.530 0.503 0.475 0.448 0.422 0.396 0.371 0.347 0.325 0.303 0.280 0.258 0.238 0.218 0.199 0.182 0.166 0.151 0.135 0.121 0.107 0.094 0.082 0.071 0.061 0.052 0.043 0.035 0.028 0.022 0.016 0.011 0.007 0.004 0.002 0.001 0.001 0.001 0.001 0.001 0.003 0.006 0.023 0.080 0.085 0.053 0.059 0.068 0.078 0.090 0.124 0.361 0.589 0.698 0.711 0.724 0.762 0.837 0.857
0.802 0.777 0.693 0.554 0.517 0.492 0.467 0.439 0.412 0.386 0.361 0.337 0.314 0.293 0.272 0.251 0.230 0.210 0.192 0.174 0.157 0.142 0.128 0.114 0.101 0.088 0.077 0.066 0.056 0.047 0.038 0.031 0.024 0.018 0.013 0.009 0.005 0.003 0.001 0.001 0.001 0.001 0.001 0.001 0.003 0.007 0.026 0.031 0.036 0.043 0.051 0.060 0.071 0.087 0.317 0.507 0.685 0.707 0.719 0.734 0.788 0.858 0.873
0.743 0.722 0.686 0.546 0.506 0.480 0.455 0.431 0.404 0.377 0.352 0.327 0.304 0.282 0.261 0.241 0.223 0.203 0.184 0.167 0.151 0.134 0.120 0.107 0.094 0.083 0.071 0.061 0.051 0.042 0.034 0.027 0.021 0.015 0.011 0.007 0.003 0.001 0.001 0.001 0.001 0.001 0.001 0.003 0.005 0.009 0.017 0.022 0.029 0.038 0.046 0.056 0.069 0.213 0.452 0.655 0.703 0.717 0.729 0.748 0.811 0.844 0.866
0.777 0.750 0.643 0.528 0.496 0.469 0.442 0.417 0.393 0.369 0.344 0.319 0.296 0.273 0.252 0.232 0.213 0.195 0.178 0.161 0.144 0.128 0.114 0.101 0.088 0.077 0.066 0.056 0.047 0.038 0.031 0.024 0.018 0.013 0.008 0.005 0.003 0.001 0.001 0.001 0.001 0.001 0.002 0.004 0.007 0.011 0.016 0.022 0.029 0.037 0.047 0.057 0.104 0.387 0.616 0.685 0.700 0.716 0.734 0.760 0.822 0.841 0.860
0.777 0.706 0.570 0.515 0.487 0.460 0.433 0.406 0.381 0.357 0.334 0.312 0.288 0.266 0.244 0.224 0.204 0.186 0.169 0.153 0.138 0.123 0.108 0.095 0.083 0.071 0.061 0.051 0.042 0.034 0.027 0.021 0.015 0.011 0.006 0.003 0.001 0.001 0.001 0.001 0.001 0.001 0.003 0.006 0.009 0.014 0.019 0.025 0.032 0.040 0.049 0.077 0.320 0.546 0.686 0.696 0.709 0.726 0.743 0.770 0.803 0.823 0.839
0.755 0.608 0.539 0.507 0.479 0.452 0.424 0.398 0.372 0.347 0.323 0.301 0.279 0.259 0.238 0.217 0.198 0.179 0.162 0.146 0.131 0.116 0.103 0.090 0.078 0.066 0.056 0.047 0.038 0.031 0.024 0.018 0.013 0.008 0.005 0.003 0.001 0.001 0.001 0.001 0.001 0.003 0.005 0.008 0.012 0.017 0.022 0.028 0.036 0.043 0.061 0.304 0.458 0.656 0.674 0.686 0.712 0.744 0.761 0.777 0.792 0.807 0.824
0.641 0.564 0.527 0.499 0.471 0.443 0.416 0.389 0.364 0.339 0.314 0.291 0.269 0.249 0.229 0.211 0.192 0.173 0.156 0.139 0.124 0.109 0.097 0.084 0.073 0.062 0.052 0.043 0.034 0.027 0.021 0.015 0.011 0.007 0.003 0.001 0.001 0.001 0.001 0.001 0.001 0.003 0.007 0.011 0.015 0.020 0.026 0.033 0.040 0.048 0.136 0.429 0.611 0.672 0.683 0.694 0.728 0.749 0.769 0.787 0.800 0.821 0.846
0.584 0.548 0.519 0.491 0.463 0.436 0.408 0.382 0.356 0.331 0.307 0.284 0.262 0.241 0.221 0.202 0.184 0.167 0.150 0.134 0.119 0.104 0.091 0.079 0.068 0.057 0.048 0.039 0.031 0.024 0.018 0.013 0.008 0.005 0.003 0.001 0.001 0.001 0.001 0.001 0.003 0.005 0.008 0.013 0.018 0.023 0.030 0.037 0.044 0.062 0.349 0.565 0.673 0.686 0.694 0.704 0.735 0.748 0.764 0.799 0.821 0.836 0.852
0.569 0.541 0.512 0.484 0.456 0.428 0.401 0.374 0.349 0.324 0.300 0.277 0.255 0.234 0.214 0.194 0.177 0.160 0.144 0.129 0.114 0.099 0.087 0.074 0.063 0.053 0.044 0.036 0.028 0.021 0.016 0.011 0.006 0.003 0.001 0.001 0.001 0.001 0.001 0.001 0.003 0.006 0.011 0.015 0.021 0.027 0.033 0.041 0.051 0.168 0.468 0.638 0.670 0.687 0.701 0.714 0.736 0.748 0.763 0.804 0.825 0.839 0.852
0.560 0.534 0.506 0.477 0.448 0.421 0.393 0.367 0.342 0.317 0.293 0.271 0.249 0.228 0.208 0.189 0.171 0.153 0.137 0.123 0.108 0.096 0.082 0.070 0.059 0.049 0.040 0.032 0.024 0.018 0.013 0.008 0.005 0.003 0.001 0.001 0.001 0.001 0.001 0.003 0.005 0.008 0.013 0.018 0.024 0.031 0.038 0.046 0.082 0.372 0.570 0.637 0.653 0.668 0.683 0.702 0.733 0.746 0.764 0.796 0.811 0.826 0.841
