LISFLOOD/results/run3.inittm
ncols         400
nrows         288
xllcorner     341244.004907
yllcorner     4516825.805194
cellsize      10.000000
NODATA_value  -9999.000000
[rows 112 to 139 of 288, columns 315 to 377 of 400]
0.158 0.155 0.153 0.001 0.149 0.148 0.151 0.154 0.161 0.166 0.170 0.178 0.183 0.184 0.185 0.188 0.193 0.199 0.207 0.214 0.224 0.235 0.246 0.258 0.271 0.284 0.299 0.313 0.351 0.719 1.436 2.573 2.607 2.727 2.627 2.570 2.797 -9999.000 -9999.000 -9999.000 2.883 1.902 1.857 1.850 1.841 1.836 1.831 1.826 1.824 1.821 1.822 1.819 1.817 1.816 1.814 2.375 -9999.000 -9999.000 -9999.000 -9999.000 -9999.000 -9999.000 -9999.000
0.158 0.156 0.001 0.001 0.152 0.152 0.154 0.158 0.165 0.169 0.176 0.189 0.189 0.190 0.192 0.196 0.201 0.207 0.213 0.222 0.231 0.241 0.255 0.266 0.278 0.291 0.306 0.321 0.347 0.720 1.646 2.666 2.669 2.739 2.816 2.729 -9999.000 -9999.000 -9999.000 -9999.000 2.523 1.906 1.889 1.887 1.882 1.876 1.871 1.866 1.864 1.860 1.859 1.856 1.856 1.854 1.862 2.939 -9999.000 -9999.000 -9999.000 -9999.000 -9999.000 -9999.000 -9999.000
0.159 0.158 0.001 0.154 0.156 0.158 0.160 0.163 0.169 0.176 0.188 0.199 0.198 0.198 0.199 0.203 0.208 0.214 0.221 0.229 0.239 0.252 0.274 0.288 0.293 0.303 0.316 0.331 0.351 0.746 1.828 2.656 2.748 2.766 2.856 2.761 -9999.000 -9999.000 -9999.000 -9999.000 2.128 1.848 1.853 1.877 1.889 1.899 1.906 1.906 1.903 1.900 1.898 1.894 1.893 1.890 2.013 -9999.000 -9999.000 -9999.000 -9999.000 -9999.000 -9999.000 -9999.000 -9999.000
0.161 0.001 0.001 0.156 0.159 0.162 0.165 0.169 0.179 0.189 0.203 0.208 0.209 0.217 0.207 0.211 0.216 0.222 0.230 0.238 0.248 0.274 0.352 0.370 0.323 0.317 0.329 0.342 0.359 0.761 1.864 2.513 2.582 2.621 2.872 2.806 -9999.000 -9999.000 -9999.000 -9999.000 1.907 1.798 1.806 1.819 1.835 1.853 1.884 1.903 1.921 1.932 1.936 1.933 1.932 1.938 2.607 -9999.000 -9999.000 -9999.000 -9999.000 -9999.000 -9999.000 -9999.000 -9999.000
0.162 0.001 0.159 0.159 0.162 0.166 0.169 0.177 0.192 0.208 0.217 0.218 0.220 0.225 0.216 0.219 0.224 0.231 0.239 0.247 0.260 0.327 0.441 0.460 0.412 0.341 0.343 0.354 0.370 0.767 1.891 2.477 2.536 2.573 2.775 2.856 -9999.000 -9999.000 -9999.000 2.950 1.772 1.752 1.761 1.777 1.793 1.812 1.832 1.854 1.876 1.898 1.931 1.948 1.966 2.129 -9999.000 -9999.000 -9999.000 -9999.000 -9999.000 -9999.000 -9999.000 -9999.000 -9999.000
0.001 0.001 0.161 0.163 0.166 0.169 0.174 0.187 0.197 0.205 0.213 0.221 0.226 0.231 0.226 0.229 0.234 0.241 0.249 0.257 0.276 0.392 0.567 0.587 0.509 0.381 0.362 0.368 0.383 0.700 1.852 2.501 2.533 2.548 2.742 -9999.000 -9999.000 -9999.000 -9999.000 2.313 1.686 1.695 1.708 1.736 1.752 1.773 1.793 1.817 1.840 1.863 1.887 1.911 1.961 2.770 -9999.000 -9999.000 -9999.000 -9999.000 -9999.000 -9999.000 -9999.000 -9999.000 -9999.000
0.001 0.163 0.164 0.166 0.168 0.174 0.184 0.198 0.203 0.209 0.215 0.221 0.226 0.232 0.237 0.241 0.246 0.252 0.259 0.268 0.306 0.478 0.713 0.731 0.638 0.451 0.383 0.385 0.396 0.581 1.644 2.406 2.440 2.487 2.757 -9999.000 -9999.000 -9999.000 -9999.000 1.777 1.639 1.651 1.666 1.683 1.703 1.736 1.756 1.781 1.804 1.828 1.852 1.882 2.015 -9999.000 -9999.000 -9999.000 -9999.000 -9999.000 -9999.000 -9999.000 -9999.000 -9999.000 -9999.000
0.001 0.166 0.167 0.169 0.172 0.183 0.196 0.206 0.210 0.217 0.221 0.226 0.229 0.235 0.243 0.250 0.257 0.263 0.271 0.278 0.348 0.578 0.771 0.770 0.681 0.537 0.412 0.404 0.411 0.460 1.258 2.154 2.351 2.487 2.838 3.051 -9999.000 -9999.000 2.887 1.599 1.593 1.607 1.623 1.644 1.665 1.688 1.712 1.747 1.770 1.795 1.821 1.853 2.392 -9999.000 -9999.000 -9999.000 -9999.000 -9999.000 -9999.000 -9999.000 -9999.000 -9999.000 -9999.000
0.168 0.169 0.170 0.173 0.178 0.194 0.204 0.211 0.217 0.226 0.228 0.231 0.234 0.240 0.248 0.256 0.264 0.272 0.281 0.289 0.397 0.666 0.752 0.767 0.767 0.582 0.441 0.423 0.426 0.446 0.867 1.993 2.439 2.637 2.980 3.026 -9999.000 -9999.000 2.021 1.527 1.538 1.566 1.583 1.605 1.628 1.653 1.678 1.704 1.730 1.764 1.792 1.835 -9999.000 -9999.000 -9999.000 -9999.000 -9999.000 -9999.000 -9999.000 -9999.000 -9999.000 -9999.000 -9999.000
0.171 0.172 0.173 0.177 0.187 0.202 0.211 0.218 0.227 0.233 0.234 0.236 0.239 0.246 0.254 0.262 0.271 0.280 0.289 0.300 0.501 0.724 0.759 0.776 0.791 0.664 0.472 0.441 0.442 0.461 0.671 1.876 2.606 2.747 -9999.000 -9999.000 -9999.000 -9999.000 1.524 1.479 1.494 1.513 1.535 1.569 1.593 1.618 1.646 1.673 1.699 1.727 1.758 2.066 -9999.000 -9999.000 -9999.000 -9999.000 -9999.000 -9999.000 -9999.000 -9999.000 -9999.000 -9999.000 -9999.000
0.173 0.175 0.177 0.181 0.196 0.212 0.222 0.227 0.233 0.238 0.241 0.242 0.246 0.253 0.261 0.269 0.278 0.288 0.298 0.326 0.652 0.854 0.872 0.889 0.905 0.797 0.496 0.460 0.462 0.477 0.564 1.606 2.687 2.803 2.906 2.996 -9999.000 2.163 1.423 1.434 1.452 1.473 1.498 1.524 1.551 1.587 1.616 1.643 1.670 1.699 1.743 2.767 -9999.000 -9999.000 -9999.000 -9999.000 -9999.000 -9999.000 -9999.000 -9999.000 -9999.000 -9999.000 -9999.000
0.177 0.178 0.181 0.187 0.203 0.219 0.227 0.233 0.238 0.243 0.247 0.249 0.254 0.261 0.268 0.276 0.286 0.297 0.308 0.428 0.792 0.960 0.974 0.941 0.963 0.933 0.534 0.482 0.484 0.494 0.550 1.421 2.733 2.901 2.929 3.011 3.012 1.452 1.376 1.390 1.411 1.435 1.462 1.490 1.519 1.549 1.587 1.614 1.643 1.675 1.992 -9999.000 -9999.000 -9999.000 -9999.000 -9999.000 -9999.000 -9999.000 -9999.000 -9999.000 -9999.000 -9999.000 -9999.000
0.181 0.182 0.186 0.199 0.214 0.226 0.232 0.238 0.243 0.247 0.251 0.256 0.262 0.268 0.276 0.284 0.294 0.304 0.332 0.621 0.876 0.951 0.968 0.981 0.996 1.009 0.652 0.504 0.508 0.513 0.562 1.241 2.747 3.021 3.052 -9999.000 2.543 1.320 1.331 1.347 1.372 1.398 1.427 1.458 1.489 1.521 1.552 1.581 1.619 1.661 2.782 -9999.000 -9999.000 -9999.000 -9999.000 -9999.000 -9999.000 -9999.000 -9999.000 -9999.000 -9999.000 -9999.000 -9999.000
0.183 0.187 0.198 0.215 0.229 0.233 0.238 0.243 0.247 0.251 0.256 0.261 0.268 0.276 0.284 0.293 0.302 0.314 0.450 0.799 0.923 0.943 0.958 0.975 0.992 1.011 0.872 0.534 0.530 0.532 0.587 1.136 2.628 -9999.000 -9999.000 -9999.000 1.682 1.257 1.276 1.299 1.336 1.364 1.396 1.428 1.461 1.494 1.526 1.557 1.591 1.848 -9999.000 -9999.000 -9999.000 -9999.000 -9999.000 -9999.000 -9999.000 -9999.000 -9999.000 -9999.000 -9999.000 -9999.000 -9999.000
0.187 0.194 0.214 0.229 0.236 0.239 0.243 0.247 0.251 0.256 0.260 0.267 0.274 0.282 0.292 0.301 0.311 0.353 0.671 0.894 0.913 0.931 0.947 0.967 0.988 1.016 1.032 0.579 0.551 0.553 0.596 1.104 2.658 -9999.000 -9999.000 2.496 1.251 1.210 1.234 1.261 1.292 1.323 1.367 1.402 1.436 1.470 1.503 1.535 1.603 2.813 -9999.000 -9999.000 -9999.000 -9999.000 -9999.000 -9999.000 -9999.000 -9999.000 -9999.000 -9999.000 -9999.000 -9999.000 -9999.000
0.193 0.207 0.224 0.231 0.238 0.244 0.248 0.252 0.256 0.260 0.265 0.272 0.281 0.289 0.298 0.308 0.326 0.512 0.871 1.065 1.089 0.996 0.984 0.984 1.004 1.026 1.044 0.695 0.573 0.574 0.601 1.067 2.688 -9999.000 -9999.000 1.571 1.131 1.153 1.195 1.226 1.259 1.296 1.333 1.369 1.414 1.449 1.482 1.516 2.243 -9999.000 -9999.000 -9999.000 -9999.000 -9999.000 -9999.000 -9999.000 -9999.000 -9999.000 -9999.000 -9999.000 -9999.000 -9999.000 -9999.000
0.207 0.220 0.226 0.232 0.238 0.244 0.251 0.255 0.259 0.264 0.271 0.278 0.286 0.295 0.306 0.316 0.399 0.749 1.081 1.189 1.227 1.249 1.073 1.005 1.019 1.034 1.051 0.833 0.599 0.596 0.619 1.039 2.721 2.807 2.105 1.116 1.082 1.111 1.144 1.181 1.230 1.269 1.310 1.350 1.388 1.422 1.463 1.522 -9999.000 -9999.000 -9999.000 -9999.000 -9999.000 -9999.000 -9999.000 -9999.000 -9999.000 -9999.000 -9999.000 -9999.000 -9999.000 -9999.000 -9999.000
0.219 0.224 0.229 0.234 0.239 0.245 0.251 0.257 0.262 0.269 0.276 0.284 0.292 0.302 0.313 0.329 0.624 1.006 1.199 1.225 1.252 1.275 1.300 1.097 1.039 1.049 1.068 0.980 0.637 0.621 0.639 0.997 2.613 2.604 1.296 1.009 1.037 1.071 1.109 1.151 1.194 1.249 1.292 1.333 1.372 1.408 1.451 2.162 -9999.000 -9999.000 -9999.000 -9999.000 -9999.000 -9999.000 -9999.000 -9999.000 -9999.000 -9999.000 -9999.000 -9999.000 -9999.000 -9999.000 -9999.000
0.218 0.224 0.230 0.236 0.241 0.247 0.252 0.258 0.265 0.273 0.281 0.289 0.298 0.312 0.348 0.473 0.924 1.286 1.322 1.350 1.384 1.409 1.477 1.504 1.066 1.067 1.173 1.121 0.689 0.647 0.658 0.864 1.672 1.442 0.942 0.962 0.997 1.037 1.081 1.126 1.174 1.221 1.265 1.318 1.358 1.394 1.658 -9999.000 -9999.000 -9999.000 -9999.000 -9999.000 -9999.000 -9999.000 -9999.000 -9999.000 -9999.000 -9999.000 -9999.000 -9999.000 -9999.000 -9999.000 -9999.000
0.218 0.224 0.230 0.236 0.242 0.247 0.253 0.260 0.268 0.276 0.284 0.294 0.305 0.344 0.454 0.818 1.353 1.568 1.622 1.659 1.702 1.462 1.719 1.751 1.261 1.087 1.331 1.240 0.746 0.673 0.678 0.724 1.115 0.904 0.867 0.918 0.961 1.007 1.056 1.107 1.158 1.209 1.257 1.301 1.347 1.461 2.786 -9999.000 -9999.000 -9999.000 -9999.000 -9999.000 -9999.000 -9999.000 -9999.000 -9999.000 -9999.000 -9999.000 -9999.000 -9999.000 -9999.000 -9999.000 -9999.000
0.218 0.224 0.229 0.235 0.241 0.248 0.255 0.263 0.271 0.279 0.288 0.299 0.340 0.446 0.717 1.282 1.625 1.664 1.702 1.736 1.774 1.804 1.751 1.943 1.645 1.104 1.365 1.266 0.779 0.698 0.699 0.723 0.756 0.786 0.823 0.868 0.917 0.986 1.042 1.097 1.149 1.201 1.250 1.294 1.364 2.333 -9999.000 -9999.000 -9999.000 -9999.000 -9999.000 -9999.000 -9999.000 -9999.000 -9999.000 -9999.000 -9999.000 -9999.000 -9999.000 -9999.000 -9999.000 -9999.000 -9999.000
0.219 0.224 0.229 0.235 0.241 0.249 0.257 0.265 0.273 0.282 0.294 0.340 0.439 0.653 1.136 1.567 1.652 1.692 1.723 1.756 1.804 1.868 1.790 1.928 1.915 1.121 1.399 1.291 0.799 0.721 0.722 0.743 0.772 0.801 0.834 0.873 0.919 0.970 1.022 1.074 1.145 1.198 1.245 1.288 1.889 -9999.000 -9999.000 -9999.000 -9999.000 -9999.000 -9999.000 -9999.000 -9999.000 -9999.000 -9999.000 -9999.000 -9999.000 -9999.000 -9999.000 -9999.000 -9999.000 -9999.000 -9999.000
0.221 0.225 0.230 0.236 0.243 0.250 0.258 0.267 0.276 0.285 0.323 0.425 0.644 1.088 1.524 1.655 1.703 1.751 1.798 1.802 1.864 1.957 1.922 1.938 1.953 1.138 1.443 1.318 0.800 0.747 0.749 0.767 0.790 0.822 0.853 0.888 0.931 0.977 1.027 1.078 1.130 1.180 1.239 1.409 -9999.000 -9999.000 -9999.000 -9999.000 -9999.000 -9999.000 -9999.000 -9999.000 -9999.000 -9999.000 -9999.000 -9999.000 -9999.000 -9999.000 -9999.000 -9999.000 -9999.000 -9999.000 -9999.000
0.223 0.227 0.232 0.238 0.244 0.252 0.260 0.269 0.278 0.303 0.428 0.672 1.076 1.528 1.654 1.769 1.809 1.872 1.932 1.889 1.997 2.186 2.265 1.960 1.979 1.177 1.477 1.342 0.812 0.777 0.780 0.793 0.814 0.842 0.877 0.911 0.949 0.992 1.038 1.086 1.135 1.209 1.462 2.603 -9999.000 -9999.000 -9999.000 -9999.000 -9999.000 -9999.000 -9999.000 -9999.000 -9999.000 -9999.000 -9999.000 -9999.000 -9999.000 -9999.000 -9999.000 -9999.000 -9999.000 -9999.000 -9999.000
0.227 0.231 0.236 0.241 0.247 0.255 0.266 0.298 0.338 0.489 0.793 1.160 1.479 1.614 1.862 1.947 2.014 2.112 2.352 1.988 2.025 2.124 2.297 1.997 2.008 1.199 1.222 1.078 0.839 0.811 0.815 0.826 0.844 0.868 0.898 0.937 0.973 1.012 1.054 1.099 1.173 1.772 3.051 -9999.000 -9999.000 -9999.000 -9999.000 -9999.000 -9999.000 -9999.000 -9999.000 -9999.000 -9999.000 -9999.000 -9999.000 -9999.000 -9999.000 -9999.000 -9999.000 -9999.000 -9999.000 -9999.000 -9999.000
0.229 0.234 0.239 0.244 0.253 0.277 0.314 0.379 0.555 0.852 1.138 1.415 1.511 1.620 2.324 2.476 2.590 2.352 2.512 2.499 2.087 2.147 2.278 2.366 2.047 1.219 1.191 0.918 0.869 0.853 0.854 0.864 0.879 0.900 0.926 0.958 0.992 1.037 1.077 1.118 1.414 -9999.000 -9999.000 -9999.000 -9999.000 -9999.000 -9999.000 -9999.000 -9999.000 -9999.000 -9999.000 -9999.000 -9999.000 -9999.000 -9999.000 -9999.000 -9999.000 -9999.000 -9999.000 -9999.000 -9999.000 -9999.000 -9999.000
0.230 0.237 0.242 0.249 0.282 0.506 0.755 0.898 1.172 1.416 1.529 1.620 1.677 1.933 2.094 2.161 2.201 2.234 2.268 2.310 2.169 2.181 2.304 2.352 1.910 1.246 1.074 0.934 0.900 0.895 0.896 0.904 0.919 0.936 0.959 0.987 1.019 1.054 1.101 1.140 1.896 -9999.000 -9999.000 -9999.000 -9999.000 -9999.000 -9999.000 -9999.000 -9999.000 -9999.000 -9999.000 -9999.000 -9999.000 -9999.000 -9999.000 -9999.000 -9999.000 -9999.000 -9999.000 -9999.000 -9999.000 -9999.000 -9999.000
0.217 0.238 0.246 0.253 0.323 0.832 -9999.000 -9999.000 -9999.000 -9999.000 -9999.000 -9999.000 -9999.000 -9999.000 -9999.000 -9999.000 -9999.000 -9999.000 -9999.000 -9999.000 -9999.000 2.218 2.317 2.271 1.462 1.421 1.092 0.966 0.938 0.935 0.936 0.943 0.956 0.975 0.994 1.020 1.049 1.081 1.118 1.164 2.471 -9999.000 -9999.000 -9999.000 -9999.000 -9999.000 -9999.000 -9999.000 -9999.000 -9999.000 -9999.000 -9999.000 -9999.000 -9999.000 -9999.000 -9999.000 -9999.000 -9999.000 -9999.000 -9999.000 -9999.000 -9999.000 -9999.000
