LISFLOOD/results/run3.max
ncols         400
nrows         288
xllcorner     341244.004907
yllcorner     4516825.805194
cellsize      10.000000
NODATA_value  -9999.000000
[rows 102 to 135 of 288, columns 231 to 307 of 400]
0.000 0.000 0.000 0.000 0.000 0.000 0.000 0.000 0.000 0.000 0.000 0.000 0.000 0.000 0.000 0.000 0.000 0.000 0.000 0.000 0.000 0.000 0.000 0.000 0.000 0.000 0.000 0.000 0.000 0.000 0.000 0.000 0.000 0.000 0.000 0.000 0.000 0.000 0.000 0.000 0.690 2.767 2.916 2.929 2.946 2.967 2.982 3.011 3.044 3.080 3.121 3.165 3.213 3.264 3.319 3.378 3.441 3.506 3.575 3.638 3.713 3.791 3.873 3.957 4.044 4.134 4.226 4.310 4.407 4.506 4.607 4.710 4.814 4.921 5.029 5.128 5.238
0.000 0.000 0.000 0.000 0.000 0.000 0.000 0.000 0.000 0.000 0.000 0.000 0.000 0.000 0.000 0.000 0.000 0.000 0.000 0.000 0.000 0.000 0.000 0.000 0.000 0.000 0.000 0.000 0.000 0.000 0.000 0.000 0.000 0.000 0.000 0.000 0.000 0.000 0.000 0.000 2.058 2.895 2.916 2.931 2.950 2.973 2.999 3.030 3.054 3.093 3.135 3.181 3.230 3.283 3.340 3.400 3.464 3.531 3.601 3.675 3.751 3.821 3.904 3.989 4.077 4.168 4.261 4.356 4.444 4.544 4.645 4.749 4.854 4.961 5.070 5.179 5.280
0.000 0.000 0.000 0.000 0.000 0.000 0.000 0.000 0.000 0.000 0.000 0.000 0.000 0.000 0.000 0.000 0.000 0.000 0.000 0.000 0.000 0.000 0.000 0.000 0.000 0.000 0.000 0.000 0.000 0.000 0.000 0.000 0.000 0.000 0.000 0.000 0.000 0.000 0.000 0.717 2.684 2.903 2.916 2.933 2.954 2.979 3.007 3.040 3.076 3.116 3.150 3.197 3.248 3.303 3.361 3.423 3.488 3.557 3.628 3.703 3.781 3.862 3.945 4.022 4.111 4.203 4.297 4.393 4.492 4.592 4.685 4.789 4.895 5.003 5.112 5.222 5.334
0.000 0.000 0.000 0.000 0.000 0.000 0.000 0.000 0.000 0.000 0.000 0.000 0.000 0.000 0.000 0.000 0.000 0.000 0.000 0.000 0.000 0.000 0.000 0.000 0.000 0.000 0.000 0.000 0.000 0.000 0.000 0.000 0.000 0.000 0.000 0.000 0.000 0.000 0.000 1.725 2.852 2.903 2.918 2.936 2.959 2.986 3.016 3.050 3.088 3.130 3.175 3.225 3.277 3.324 3.383 3.447 3.513 3.583 3.656 3.732 3.811 3.893 3.978 4.066 4.156 4.239 4.334 4.431 4.530 4.632 4.735 4.830 4.937 5.046 5.155 5.266 5.378
0.000 0.000 0.000 0.000 0.000 0.000 0.000 0.000 0.000 0.000 0.000 0.000 0.000 0.000 0.000 0.000 0.000 0.000 0.000 0.000 0.000 0.000 0.000 0.000 0.000 0.000 0.000 0.000 0.000 0.000 0.000 0.000 0.000 0.000 0.000 0.000 0.000 0.000 0.205 2.431 2.890 2.903 2.920 2.940 2.965 2.993 3.026 3.062 3.101 3.145 3.192 3.243 3.297 3.355 3.416 3.471 3.539 3.610 3.685 3.762 3.843 3.926 4.012 4.101 4.192 4.286 4.382 4.470 4.570 4.673 4.777 4.883 4.990 5.089 5.200 5.311 5.424
0.000 0.000 0.000 0.000 0.000 0.000 0.000 0.000 0.000 0.000 0.000 0.000 0.000 0.000 0.000 0.000 0.000 0.000 0.000 0.000 0.000 0.000 0.000 0.000 0.000 0.000 0.000 0.000 0.000 0.000 0.000 0.000 0.000 0.000 0.000 0.000 0.000 0.000 1.594 2.800 2.890 2.904 2.923 2.945 2.972 3.002 3.036 3.074 3.115 3.161 3.209 3.262 3.318 3.377 3.440 3.507 3.576 3.649 3.714 3.793 3.875 3.959 4.047 4.136 4.229 4.324 4.421 4.520 4.621 4.714 4.819 4.926 5.035 5.144 5.255 5.357 5.471
0.000 0.000 0.000 0.000 0.000 0.000 0.000 0.000 0.000 0.000 0.000 0.000 0.000 0.000 0.000 0.000 0.000 0.000 0.000 0.000 0.000 0.000 0.000 0.000 0.000 0.000 0.000 0.000 0.000 0.000 0.000 0.000 0.000 0.000 0.000 0.000 0.000 0.000 2.461 2.878 2.900 2.916 2.937 2.951 2.979 3.011 3.047 3.087 3.130 3.177 3.228 3.282 3.340 3.401 3.465 3.533 3.604 3.678 3.755 3.835 3.918 3.994 4.082 4.173 4.267 4.363 4.461 4.561 4.663 4.767 4.873 4.971 5.080 5.190 5.302 5.415 5.518
0.000 0.000 0.000 0.000 0.000 0.000 0.000 0.000 0.000 0.000 0.000 0.000 0.000 0.000 0.000 0.000 0.000 0.000 0.000 0.000 0.000 0.000 0.000 0.000 0.000 0.000 0.000 0.000 0.000 0.000 0.000 0.000 0.000 0.000 0.000 0.000 0.000 1.289 2.796 2.887 2.901 2.919 2.941 2.968 2.998 3.032 3.059 3.101 3.146 3.195 3.247 3.303 3.362 3.425 3.491 3.560 3.632 3.708 3.786 3.868 3.952 4.039 4.129 4.211 4.306 4.402 4.502 4.603 4.706 4.811 4.918 5.026 5.136 5.237 5.349 5.463 5.577
0.000 0.000 0.000 0.000 0.000 0.000 0.000 0.000 0.000 0.000 0.000 0.000 0.000 0.000 0.000 0.000 0.000 0.000 0.000 0.000 0.000 0.000 0.000 0.000 0.000 0.000 0.000 0.000 0.000 0.000 0.000 0.000 0.000 0.000 0.000 0.000 0.000 2.396 2.873 2.896 2.912 2.922 2.947 2.975 3.007 3.043 3.082 3.126 3.163 3.213 3.267 3.325 3.386 3.450 3.517 3.588 3.662 3.739 3.819 3.902 3.987 4.076 4.166 4.260 4.355 4.443 4.544 4.646 4.750 4.856 4.963 5.073 5.183 5.295 5.408 5.512 5.627
0.000 0.000 0.000 0.000 0.000 0.000 0.000 0.000 0.000 0.000 0.000 0.000 0.000 0.000 0.000 0.000 0.000 0.000 0.000 0.000 0.000 0.000 0.000 0.000 0.000 0.000 0.000 0.000 0.000 0.000 0.000 0.000 0.000 0.000 0.000 0.000 1.352 2.800 2.891 2.895 2.914 2.936 2.963 2.993 3.017 3.055 3.096 3.141 3.190 3.242 3.298 3.347 3.410 3.476 3.545 3.617 3.693 3.771 3.852 3.936 4.023 4.113 4.205 4.299 4.396 4.495 4.596 4.700 4.795 4.902 5.010 5.120 5.231 5.344 5.458 5.572 5.688
0.000 0.000 0.000 0.000 0.000 0.000 0.000 0.000 0.000 0.000 0.000 0.000 0.000 0.000 0.000 0.000 0.000 0.000 0.000 0.000 0.000 0.000 0.000 0.000 0.000 0.000 0.000 0.000 0.000 0.000 0.000 0.000 0.000 0.000 0.000 0.000 2.338 2.866 2.889 2.906 2.927 2.941 2.970 3.002 3.038 3.078 3.121 3.158 3.209 3.263 3.320 3.381 3.445 3.513 3.573 3.647 3.724 3.804 3.887 3.972 4.060 4.151 4.244 4.340 4.438 4.538 4.640 4.744 4.850 4.958 5.058 5.168 5.280 5.394 5.508 5.623 5.740
0.000 0.000 0.000 0.000 0.000 0.000 0.000 0.000 0.000 0.000 0.000 0.000 0.000 0.000 0.000 0.000 0.000 0.000 0.000 0.000 0.000 0.000 0.000 0.000 0.000 0.000 0.000 0.000 0.000 0.000 0.000 0.000 0.000 0.000 0.000 1.122 2.761 2.873 2.888 2.907 2.930 2.957 2.988 3.022 3.050 3.092 3.137 3.186 3.238 3.294 3.343 3.406 3.472 3.541 3.613 3.688 3.767 3.838 3.922 4.009 4.098 4.190 4.285 4.382 4.481 4.582 4.685 4.790 4.897 5.006 5.116 5.228 5.330 5.444 5.560 5.676 5.792
0.000 0.000 0.000 0.000 0.000 0.000 0.000 0.000 0.000 0.000 0.000 0.000 0.000 0.000 0.000 0.000 0.000 0.000 0.000 0.000 0.000 0.000 0.000 0.000 0.000 0.000 0.000 0.000 0.000 0.000 0.000 0.000 0.000 0.000 0.000 2.247 2.856 2.880 2.888 2.909 2.935 2.964 2.996 3.033 3.073 3.116 3.153 3.204 3.258 3.316 3.377 3.441 3.509 3.569 3.643 3.720 3.800 3.883 3.968 4.056 4.137 4.230 4.326 4.424 4.524 4.627 4.731 4.837 4.945 5.054 5.165 5.278 5.391 5.506 5.612 5.728 5.846
0.000 0.000 0.000 0.000 0.000 0.000 0.000 0.000 0.000 0.000 0.000 0.000 0.000 0.000 0.000 0.000 0.000 0.000 0.000 0.000 0.000 0.000 0.000 0.000 0.000 0.000 0.000 0.000 0.000 0.000 0.000 0.000 0.000 0.000 1.556 2.748 2.861 2.878 2.899 2.923 2.950 2.971 3.006 3.044 3.086 3.132 3.181 3.234 3.290 3.339 3.402 3.468 3.537 3.609 3.684 3.753 3.834 3.918 4.005 4.095 4.187 4.281 4.368 4.467 4.569 4.672 4.777 4.885 4.993 5.104 5.216 5.329 5.443 5.559 5.675 5.792 5.900
0.000 0.000 0.000 0.000 0.000 0.000 0.000 0.000 0.000 0.000 0.000 0.000 0.000 0.000 0.000 0.000 0.000 0.000 0.000 0.000 0.000 0.000 0.000 0.000 0.000 0.000 0.000 0.000 0.000 0.000 0.000 0.000 0.000 0.887 2.538 2.842 2.858 2.878 2.900 2.927 2.956 2.990 3.027 3.057 3.101 3.149 3.199 3.254 3.312 3.373 3.437 3.495 3.566 3.640 3.717 3.797 3.879 3.965 4.043 4.134 4.227 4.323 4.421 4.522 4.624 4.719 4.825 4.933 5.043 5.154 5.267 5.381 5.496 5.612 5.729 5.847 5.965
0.000 0.000 0.000 0.000 0.000 0.000 0.000 0.000 0.000 0.000 0.000 0.000 0.000 0.000 0.000 0.000 0.000 0.000 0.000 0.000 0.000 0.000 0.000 0.000 0.000 0.000 0.000 0.000 0.000 0.000 0.000 0.000 0.221 2.301 2.813 2.848 2.867 2.889 2.904 2.932 2.964 2.999 3.038 3.081 3.127 3.176 3.219 3.275 3.335 3.398 3.464 3.533 3.606 3.681 3.750 3.831 3.915 4.002 4.092 4.184 4.279 4.366 4.465 4.567 4.671 4.776 4.883 4.992 5.093 5.205 5.319 5.434 5.549 5.666 5.784 5.902 6.021
0.000 0.000 0.000 0.000 0.000 0.000 0.000 0.000 0.000 0.000 0.000 0.000 0.000 0.000 0.000 0.000 0.000 0.000 0.000 0.000 0.000 0.000 0.000 0.000 0.000 0.000 0.000 0.000 0.000 0.000 0.000 0.000 1.827 2.776 2.829 2.846 2.867 2.891 2.918 2.948 2.982 3.010 3.051 3.095 3.143 3.195 3.249 3.307 3.369 3.424 3.491 3.563 3.637 3.714 3.794 3.877 3.963 4.041 4.132 4.226 4.322 4.420 4.520 4.623 4.718 4.824 4.933 5.043 5.154 5.267 5.382 5.487 5.604 5.721 5.840 5.959 6.078
0.000 0.000 0.000 0.000 0.000 0.000 0.000 0.000 0.000 0.000 0.000 0.000 0.000 0.000 0.000 0.000 0.000 0.000 0.000 0.000 0.000 0.000 0.000 0.000 0.000 0.000 0.000 0.000 0.000 0.000 0.000 0.807 2.648 2.821 2.836 2.856 2.868 2.894 2.923 2.956 2.992 3.032 3.075 3.121 3.161 3.214 3.271 3.331 3.394 3.460 3.530 3.603 3.668 3.747 3.829 3.913 4.000 4.090 4.183 4.268 4.365 4.464 4.566 4.670 4.776 4.883 4.993 5.094 5.206 5.320 5.435 5.552 5.669 5.777 5.896 6.016 6.126
0.000 0.000 0.000 0.000 0.000 0.000 0.000 0.000 0.000 0.000 0.000 0.000 0.000 0.000 0.000 0.000 0.000 0.000 0.000 0.000 0.000 0.000 0.000 0.000 0.000 0.000 0.000 0.000 0.000 0.000 0.172 2.091 2.803 2.817 2.835 2.856 2.881 2.909 2.930 2.965 3.003 3.044 3.089 3.138 3.190 3.245 3.303 3.355 3.420 3.488 3.559 3.634 3.711 3.792 3.865 3.951 4.039 4.131 4.224 4.321 4.419 4.520 4.613 4.718 4.825 4.933 5.044 5.155 5.269 5.384 5.490 5.607 5.725 5.844 5.963 6.084 6.065
0.000 0.000 0.000 0.000 0.000 0.000 0.000 0.000 0.000 0.000 0.000 0.000 0.000 0.000 0.000 0.000 0.000 0.000 0.000 0.000 0.000 0.000 0.000 0.000 0.000 0.000 0.000 0.000 0.000 0.000 1.478 2.676 2.809 2.825 2.835 2.858 2.885 2.915 2.948 2.985 3.025 3.058 3.105 3.156 3.209 3.266 3.327 3.390 3.457 3.527 3.590 3.666 3.745 3.827 3.912 3.999 4.089 4.172 4.267 4.364 4.464 4.566 4.670 4.776 4.884 4.984 5.095 5.208 5.322 5.438 5.555 5.672 5.781 5.901 6.021 6.142 5.834
0.000 0.000 0.000 0.000 0.000 0.000 0.000 0.000 0.000 0.000 0.000 0.000 0.000 0.000 0.000 0.000 0.000 0.000 0.000 0.000 0.000 0.000 0.000 0.000 0.000 0.000 0.000 0.000 0.000 0.772 2.441 2.792 2.806 2.825 2.846 2.871 2.900 2.922 2.957 2.996 3.038 3.083 3.132 3.184 3.230 3.289 3.351 3.416 3.485 3.557 3.631 3.709 3.790 3.863 3.949 4.038 4.130 4.224 4.320 4.419 4.510 4.613 4.719 4.826 4.935 5.045 5.158 5.261 5.377 5.493 5.610 5.729 5.848 5.969 6.090 6.191 5.353
0.000 0.000 0.000 0.000 0.000 0.000 0.000 0.000 0.000 0.000 0.000 0.000 0.000 0.000 0.000 0.000 0.000 0.000 0.000 0.000 0.000 0.000 0.000 0.000 0.000 0.000 0.000 0.000 0.000 2.037 2.756 2.799 2.815 2.825 2.849 2.876 2.906 2.940 2.977 3.018 3.052 3.099 3.150 3.204 3.262 3.323 3.376 3.444 3.514 3.587 3.664 3.743 3.825 3.910 3.998 4.088 4.171 4.267 4.364 4.465 4.567 4.671 4.778 4.876 4.986 5.098 5.211 5.326 5.442 5.559 5.667 5.786 5.906 6.027 6.148 6.200 4.733
0.000 0.000 0.000 0.000 0.000 0.000 0.000 0.000 0.000 0.000 0.000 0.000 0.000 0.000 0.000 0.000 0.000 0.000 0.000 0.000 0.000 0.000 0.000 0.000 0.000 0.000 0.000 0.000 1.349 2.649 2.781 2.796 2.815 2.837 2.862 2.881 2.914 2.949 2.989 3.031 3.077 3.127 3.169 3.225 3.285 3.347 3.413 3.482 3.554 3.619 3.697 3.778 3.862 3.948 4.037 4.129 4.224 4.320 4.420 4.511 4.614 4.720 4.827 4.937 5.048 5.161 5.265 5.380 5.497 5.615 5.734 5.854 5.975 6.086 6.208 6.100 3.953
0.000 0.000 0.000 0.000 0.000 0.000 0.000 0.000 0.000 0.000 0.000 0.000 0.000 0.000 0.000 0.000 0.000 0.000 0.000 0.000 0.000 0.000 0.000 0.000 0.000 0.000 0.000 0.555 2.423 2.764 2.788 2.805 2.816 2.840 2.867 2.898 2.932 2.970 3.001 3.046 3.093 3.145 3.199 3.257 3.318 3.373 3.440 3.511 3.585 3.661 3.741 3.824 3.899 3.987 4.078 4.171 4.267 4.365 4.465 4.568 4.673 4.780 4.878 4.989 5.101 5.214 5.329 5.446 5.553 5.672 5.792 5.912 6.034 6.155 6.277 5.810 3.232
0.000 0.000 0.000 0.000 0.000 0.000 0.000 0.000 0.000 0.000 0.000 0.000 0.000 0.000 0.000 0.000 0.000 0.000 0.000 0.000 0.000 0.000 0.000 0.000 0.000 0.000 0.000 1.662 2.739 2.771 2.787 2.806 2.828 2.854 2.873 2.906 2.942 2.982 3.025 3.071 3.121 3.164 3.220 3.280 3.343 3.409 3.479 3.551 3.616 3.695 3.776 3.860 3.947 4.037 4.119 4.214 4.311 4.410 4.512 4.616 4.722 4.830 4.940 5.051 5.164 5.269 5.385 5.502 5.620 5.740 5.860 5.972 6.093 6.215 6.318 4.970 2.702
0.000 0.000 0.000 0.000 0.000 0.000 0.000 0.000 0.000 0.000 0.000 0.000 0.000 0.000 0.000 0.000 0.000 0.000 0.000 0.000 0.000 0.000 0.000 0.000 0.000 0.000 0.258 2.246 2.766 2.779 2.796 2.807 2.831 2.859 2.890 2.925 2.963 2.994 3.039 3.088 3.139 3.194 3.253 3.304 3.369 3.437 3.508 3.582 3.659 3.739 3.812 3.898 3.986 4.077 4.171 4.267 4.366 4.457 4.560 4.665 4.772 4.881 4.992 5.104 5.218 5.334 5.451 5.559 5.678 5.798 5.919 6.041 6.164 6.286 6.179 3.671 2.502
0.000 0.000 0.000 0.000 0.000 0.000 0.000 0.000 0.000 0.000 0.000 0.000 0.000 0.000 0.000 0.000 0.000 0.000 0.000 0.000 0.000 0.000 0.000 0.000 0.000 0.000 0.945 2.562 2.763 2.778 2.797 2.820 2.836 2.865 2.898 2.935 2.975 3.018 3.065 3.105 3.159 3.216 3.276 3.339 3.406 3.475 3.538 3.614 3.693 3.774 3.859 3.946 4.036 4.119 4.214 4.312 4.411 4.514 4.618 4.724 4.822 4.933 5.044 5.158 5.273 5.390 5.507 5.626 5.746 5.867 5.979 6.102 6.225 6.348 5.541 2.683 2.674
0.000 0.000 0.000 0.000 0.000 0.000 0.000 0.000 0.000 0.000 0.000 0.000 0.000 0.000 0.000 0.000 0.000 0.000 0.000 0.000 0.000 0.000 0.000 0.000 0.000 0.000 1.971 2.719 2.771 2.788 2.799 2.823 2.851 2.883 2.918 2.946 2.988 3.033 3.082 3.134 3.189 3.248 3.300 3.365 3.433 3.505 3.579 3.657 3.737 3.811 3.897 3.986 4.077 4.171 4.268 4.367 4.458 4.561 4.667 4.774 4.884 4.995 5.108 5.213 5.329 5.446 5.565 5.684 5.805 5.927 6.049 6.173 6.297 6.381 4.515 2.498 2.847
0.000 0.000 0.000 0.000 0.000 0.000 0.000 0.000 0.000 0.000 0.000 0.000 0.000 0.000 0.000 0.000 0.000 0.000 0.000 0.000 0.000 0.000 0.000 0.000 0.000 1.541 2.582 2.755 2.770 2.789 2.812 2.838 2.858 2.891 2.928 2.968 3.012 3.059 3.100 3.154 3.211 3.271 3.335 3.402 3.472 3.535 3.612 3.691 3.773 3.858 3.945 4.036 4.119 4.214 4.312 4.413 4.515 4.620 4.717 4.825 4.936 5.048 5.162 5.278 5.395 5.503 5.622 5.743 5.864 5.987 6.110 6.234 6.359 6.144 3.600 2.757 2.832
0.000 0.000 0.000 0.000 0.000 0.000 0.000 0.000 0.000 0.000 0.000 0.000 0.000 0.000 0.000 0.000 0.000 0.000 0.000 0.000 0.000 0.000 0.000 0.000 1.016 2.445 2.737 2.762 2.770 2.791 2.816 2.844 2.876 2.911 2.940 2.982 3.027 3.076 3.129 3.184 3.233 3.296 3.361 3.430 3.502 3.577 3.655 3.725 3.809 3.896 3.985 4.077 4.171 4.268 4.358 4.459 4.563 4.669 4.777 4.887 4.999 5.102 5.217 5.333 5.451 5.570 5.691 5.812 5.924 6.047 6.171 6.296 6.421 5.718 3.066 2.918 6.597
0.000 0.000 0.000 0.000 0.000 0.000 0.000 0.000 0.000 0.000 0.000 0.000 0.000 0.000 0.000 0.000 0.000 0.000 0.000 0.000 0.000 0.000 0.000 0.133 2.211 2.711 2.745 2.761 2.781 2.804 2.831 2.851 2.884 2.922 2.962 3.006 3.043 3.094 3.148 3.206 3.267 3.331 3.398 3.459 3.532 3.609 3.688 3.771 3.856 3.944 4.025 4.119 4.215 4.313 4.414 4.517 4.622 4.719 4.828 4.939 5.052 5.167 5.282 5.400 5.509 5.629 5.749 5.871 5.994 6.118 6.242 6.357 6.473 5.300 2.878 2.832 6.595
0.000 0.000 0.000 0.000 0.000 0.000 0.000 0.000 0.000 0.000 0.000 0.000 0.000 0.000 0.000 0.000 0.000 0.000 0.000 0.000 0.000 0.000 0.000 1.670 2.677 2.729 2.744 2.762 2.784 2.809 2.837 2.869 2.894 2.933 2.976 3.021 3.071 3.123 3.179 3.229 3.291 3.357 3.426 3.498 3.574 3.652 3.723 3.807 3.894 3.984 4.076 4.171 4.269 4.358 4.461 4.565 4.671 4.780 4.890 5.002 5.106 5.222 5.339 5.457 5.576 5.697 5.819 5.931 6.055 6.179 6.303 6.429 6.475 4.632 2.653 6.592 6.594
0.000 0.000 0.000 0.000 0.000 0.000 0.000 0.000 0.000 0.000 0.000 0.000 0.000 0.000 0.000 0.000 0.000 0.000 0.000 0.000 0.000 0.000 0.697 2.525 2.714 2.727 2.744 2.764 2.787 2.814 2.844 2.878 2.915 2.956 3.000 3.038 3.089 3.143 3.201 3.262 3.327 3.394 3.455 3.529 3.606 3.686 3.769 3.855 3.943 4.024 4.118 4.215 4.313 4.415 4.518 4.614 4.721 4.831 4.943 5.056 5.171 5.287 5.395 5.514 5.635 5.756 5.879 6.002 6.126 6.240 6.365 6.490 6.376 3.881 2.473 6.591 2.136
0.000 0.000 0.000 0.000 0.000 0.000 0.000 0.000 0.000 0.000 0.000 0.000 0.000 0.000 0.000 0.000 0.000 0.000 0.000 0.000 0.000 0.000 1.965 2.702 2.723 2.737 2.755 2.777 2.802 2.830 2.863 2.888 2.927 2.970 3.016 3.065 3.118 3.174 3.224 3.287 3.353 3.422 3.495 3.571 3.639 3.721 3.805 3.893 3.983 4.076 4.171 4.259 4.359 4.462 4.566 4.673 4.782 4.893 4.996 5.110 5.226 5.344 5.462 5.583 5.704 5.816 5.939 6.063 6.187 6.312 6.437 6.562 6.157 3.425 6.588 6.589 1.966
