LISFLOOD/results/run3.inittm
ncols         400
nrows         288
xllcorner     341244.004907
yllcorner     4516825.805194
cellsize      10.000000
NODATA_value  -9999.000000
[rows 28 to 55 of 288, columns 315 to 377 of 400]
0.166 0.149 0.134 0.119 0.104 0.091 0.079 0.067 0.057 0.048 0.040 0.033 0.027 0.021 0.017 0.013 0.011 0.008 0.004 0.003 0.006 0.003 0.004 0.006 0.009 0.012 0.017 0.022 0.028 0.036 0.043 0.052 0.073 0.209 0.663 1.919 -9999.000 -9999.000 -9999.000 -9999.000 -9999.000 -9999.000 3.033 2.406 0.904 0.707 0.717 0.730 0.746 0.764 0.784 0.812 0.834 0.858 0.884 0.911 0.939 0.969 1.000 1.031 1.070 1.101 1.133
0.160 0.144 0.128 0.114 0.100 0.087 0.076 0.064 0.054 0.046 0.038 0.031 0.025 0.019 0.014 0.011 0.008 0.005 0.003 0.001 0.001 0.001 0.002 0.004 0.006 0.009 0.014 0.019 0.026 0.033 0.041 0.050 0.106 0.354 1.351 -9999.000 -9999.000 -9999.000 -9999.000 -9999.000 1.779 2.302 2.561 1.589 0.672 0.674 0.684 0.698 0.715 0.733 0.754 0.776 0.806 0.830 0.856 0.884 0.913 0.942 0.973 1.006 1.037 1.077 1.109
0.153 0.138 0.123 0.109 0.096 0.084 0.072 0.062 0.052 0.043 0.036 0.029 0.024 0.018 0.013 0.009 0.006 0.003 0.001 0.001 0.001 0.001 0.001 0.002 0.004 0.008 0.012 0.018 0.024 0.031 0.039 0.054 0.175 0.738 2.562 -9999.000 -9999.000 -9999.000 2.654 -9999.000 1.531 1.575 1.688 0.834 0.626 0.642 0.653 0.668 0.686 0.704 0.726 0.748 0.772 0.804 0.830 0.858 0.887 0.917 0.948 0.981 1.014 1.056 1.086
0.148 0.133 0.119 0.105 0.093 0.081 0.069 0.059 0.050 0.042 0.034 0.028 0.022 0.017 0.013 0.009 0.006 0.004 0.002 0.001 0.001 0.001 0.001 0.003 0.005 0.008 0.012 0.017 0.023 0.030 0.038 0.082 0.336 1.521 3.047 -9999.000 -9999.000 -9999.000 1.423 1.472 1.492 1.512 1.527 0.593 0.593 0.604 0.619 0.640 0.658 0.677 0.699 0.722 0.747 0.772 0.806 0.833 0.863 0.893 0.925 0.957 0.991 1.024 1.064
0.142 0.128 0.114 0.101 0.089 0.078 0.067 0.057 0.048 0.040 0.033 0.027 0.022 0.017 0.013 0.010 0.007 0.005 0.002 0.001 0.001 0.001 0.001 0.003 0.006 0.008 0.012 0.017 0.023 0.029 0.046 0.157 0.797 1.861 2.717 2.757 3.026 1.333 1.312 1.516 1.520 1.528 0.788 0.553 0.563 0.575 0.591 0.608 0.632 0.652 0.674 0.697 0.722 0.749 0.776 0.811 0.840 0.871 0.903 0.936 0.969 1.003 1.035
0.139 0.124 0.111 0.099 0.087 0.076 0.066 0.056 0.047 0.039 0.033 0.027 0.022 0.017 0.013 0.011 0.008 0.006 0.002 0.001 0.001 0.001 0.001 0.003 0.006 0.009 0.013 0.018 0.023 0.032 0.082 0.357 1.034 1.157 1.159 1.232 1.231 1.256 1.292 1.493 1.533 1.529 0.523 0.523 0.533 0.547 0.564 0.582 0.602 0.628 0.650 0.674 0.699 0.726 0.754 0.783 0.819 0.850 0.882 0.914 0.948 0.982 1.015
0.138 0.124 0.111 0.098 0.087 0.076 0.066 0.056 0.047 0.039 0.033 0.027 0.022 0.017 0.013 0.011 0.008 0.006 0.003 0.001 0.001 0.001 0.001 0.003 0.007 0.009 0.014 0.018 0.024 0.047 0.164 0.812 0.965 1.011 0.924 1.108 1.131 1.381 1.495 1.557 1.551 1.002 0.488 0.495 0.507 0.522 0.539 0.558 0.579 0.601 0.629 0.653 0.678 0.706 0.734 0.763 0.793 0.831 0.862 0.896 0.929 0.963 0.996
0.138 0.124 0.111 0.098 0.087 0.076 0.066 0.057 0.048 0.040 0.033 0.027 0.022 0.018 0.014 0.012 0.009 0.007 0.004 0.001 0.001 0.001 0.001 0.004 0.007 0.011 0.014 0.019 0.030 0.091 0.343 0.821 0.882 0.927 0.883 1.628 1.205 2.374 2.820 2.126 1.575 0.544 0.461 0.471 0.484 0.499 0.517 0.537 0.558 0.580 0.604 0.634 0.659 0.686 0.714 0.744 0.775 0.806 0.845 0.878 0.912 0.946 0.978
0.138 0.124 0.111 0.098 0.087 0.076 0.066 0.057 0.048 0.041 0.034 0.028 0.022 0.018 0.014 0.011 0.008 0.004 0.002 0.001 0.001 0.001 0.001 0.004 0.007 0.011 0.016 0.021 0.053 0.186 0.431 0.588 0.628 0.661 0.503 1.147 1.191 1.273 1.364 1.498 1.018 0.432 0.433 0.445 0.463 0.479 0.497 0.517 0.538 0.561 0.586 0.611 0.642 0.669 0.697 0.727 0.758 0.789 0.822 0.862 0.896 0.928 0.961
0.136 0.123 0.111 0.098 0.087 0.077 0.067 0.057 0.049 0.041 0.034 0.028 0.022 0.017 0.013 0.009 0.005 0.003 0.001 0.001 0.001 0.001 0.001 0.004 0.007 0.012 0.017 0.029 0.104 0.317 0.382 0.412 0.440 0.426 0.383 0.873 0.958 0.911 1.115 1.184 0.493 0.401 0.412 0.426 0.441 0.461 0.479 0.499 0.521 0.544 0.569 0.594 0.621 0.654 0.682 0.711 0.742 0.774 0.806 0.839 0.872 0.913 0.944
0.137 0.123 0.110 0.098 0.087 0.077 0.067 0.058 0.050 0.042 0.035 0.028 0.023 0.017 0.012 0.007 0.004 0.001 0.001 0.001 0.001 0.001 0.003 0.006 0.009 0.013 0.020 0.053 0.194 0.298 0.312 0.338 0.355 0.317 0.356 0.424 0.466 0.509 0.572 0.573 0.377 0.381 0.393 0.407 0.423 0.441 0.463 0.483 0.506 0.529 0.554 0.579 0.607 0.634 0.668 0.697 0.728 0.759 0.792 0.826 0.859 0.893 0.931
0.137 0.123 0.111 0.099 0.088 0.077 0.067 0.058 0.050 0.042 0.036 0.029 0.023 0.017 0.012 0.007 0.004 0.001 0.001 0.001 0.001 0.001 0.003 0.006 0.010 0.015 0.031 0.100 0.222 0.234 0.251 0.269 0.285 0.274 0.292 0.304 0.360 0.624 0.598 0.384 0.351 0.363 0.376 0.391 0.408 0.426 0.446 0.470 0.492 0.516 0.541 0.567 0.593 0.622 0.651 0.685 0.715 0.747 0.779 0.812 0.847 0.881 0.912
0.136 0.123 0.111 0.099 0.088 0.078 0.068 0.059 0.051 0.043 0.036 0.029 0.023 0.017 0.012 0.007 0.004 0.001 0.001 0.001 0.001 0.001 0.004 0.007 0.011 0.019 0.053 0.156 0.194 0.201 0.216 0.232 0.248 0.245 0.277 0.282 0.338 0.356 0.368 0.325 0.334 0.347 0.361 0.377 0.394 0.413 0.433 0.455 0.481 0.504 0.529 0.555 0.582 0.610 0.639 0.668 0.704 0.735 0.767 0.801 0.834 0.868 0.899
0.136 0.123 0.111 0.099 0.088 0.078 0.068 0.059 0.051 0.043 0.036 0.029 0.023 0.017 0.012 0.007 0.004 0.001 0.001 0.001 0.001 0.001 0.004 0.007 0.012 0.031 0.086 0.158 0.168 0.179 0.191 0.204 0.221 0.233 0.253 0.260 0.274 0.285 0.294 0.306 0.319 0.333 0.348 0.365 0.383 0.402 0.423 0.444 0.467 0.494 0.519 0.544 0.572 0.600 0.629 0.658 0.689 0.726 0.757 0.790 0.823 0.856 0.903
0.136 0.123 0.111 0.099 0.088 0.078 0.068 0.059 0.051 0.044 0.037 0.029 0.023 0.017 0.012 0.007 0.004 0.001 0.001 0.001 0.001 0.001 0.004 0.007 0.014 0.047 0.115 0.144 0.155 0.165 0.177 0.190 0.202 0.211 0.240 0.246 0.258 0.268 0.277 0.291 0.306 0.322 0.338 0.355 0.374 0.393 0.414 0.436 0.459 0.482 0.511 0.536 0.563 0.591 0.619 0.649 0.680 0.711 0.748 0.781 0.813 0.846 1.087
0.136 0.123 0.111 0.099 0.089 0.078 0.069 0.060 0.052 0.044 0.036 0.029 0.023 0.017 0.011 0.007 0.004 0.001 0.001 0.001 0.001 0.001 0.004 0.007 0.026 0.069 0.126 0.134 0.146 0.158 0.169 0.181 0.189 0.204 0.221 0.231 0.238 0.246 0.258 0.278 0.296 0.312 0.329 0.348 0.366 0.386 0.407 0.428 0.451 0.475 0.504 0.529 0.556 0.583 0.611 0.641 0.671 0.703 0.734 0.772 0.804 0.842 1.721
0.136 0.122 0.110 0.099 0.088 0.078 0.069 0.060 0.052 0.044 0.036 0.029 0.022 0.016 0.011 0.007 0.004 0.001 0.001 0.001 0.001 0.001 0.004 0.008 0.041 0.097 0.122 0.130 0.141 0.152 0.164 0.173 0.183 0.208 0.221 0.231 0.239 0.246 0.258 0.274 0.291 0.307 0.323 0.341 0.358 0.380 0.401 0.422 0.445 0.469 0.493 0.518 0.548 0.576 0.604 0.633 0.664 0.695 0.727 0.759 0.797 0.853 2.650
0.136 0.123 0.111 0.099 0.088 0.078 0.068 0.059 0.051 0.043 0.036 0.028 0.022 0.016 0.010 0.006 0.003 0.001 0.001 0.001 0.001 0.001 0.004 0.018 0.063 0.104 0.112 0.122 0.134 0.146 0.156 0.164 0.178 0.207 0.220 0.230 0.238 0.248 0.261 0.274 0.288 0.303 0.319 0.336 0.354 0.373 0.393 0.417 0.439 0.463 0.488 0.513 0.539 0.570 0.598 0.627 0.657 0.688 0.720 0.752 0.784 1.124 -9999.000
0.135 0.123 0.111 0.099 0.088 0.078 0.068 0.059 0.051 0.043 0.035 0.027 0.020 0.014 0.009 0.006 0.003 0.001 0.001 0.001 0.001 0.001 0.006 0.040 0.082 0.093 0.101 0.110 0.121 0.134 0.144 0.157 0.174 0.197 0.207 0.216 0.224 0.238 0.257 0.271 0.285 0.299 0.316 0.333 0.351 0.370 0.390 0.411 0.436 0.458 0.483 0.508 0.534 0.561 0.588 0.621 0.651 0.682 0.713 0.746 0.784 1.772 -9999.000
0.135 0.122 0.110 0.099 0.088 0.078 0.069 0.059 0.051 0.042 0.034 0.026 0.019 0.013 0.007 0.004 0.001 0.001 0.001 0.001 0.001 0.003 0.022 0.062 0.083 0.089 0.096 0.104 0.114 0.125 0.137 0.153 0.173 0.201 0.211 0.218 0.227 0.241 0.254 0.269 0.282 0.297 0.312 0.329 0.347 0.367 0.387 0.408 0.429 0.455 0.479 0.504 0.530 0.557 0.584 0.613 0.641 0.676 0.708 0.741 0.808 2.571 -9999.000
0.136 0.123 0.111 0.099 0.088 0.078 0.068 0.059 0.050 0.042 0.033 0.025 0.018 0.012 0.007 0.004 0.001 0.001 0.001 0.001 0.001 0.006 0.042 0.073 0.079 0.086 0.093 0.102 0.111 0.121 0.137 0.151 0.173 0.192 0.201 0.210 0.223 0.239 0.251 0.264 0.277 0.293 0.309 0.326 0.344 0.363 0.383 0.404 0.427 0.453 0.476 0.501 0.527 0.553 0.581 0.609 0.638 0.667 0.697 0.728 0.936 -9999.000 -9999.000
0.135 0.123 0.111 0.099 0.088 0.078 0.068 0.059 0.049 0.041 0.032 0.024 0.017 0.012 0.007 0.004 0.001 0.001 0.001 0.001 0.001 0.013 0.053 0.069 0.074 0.081 0.087 0.096 0.106 0.118 0.138 0.154 0.178 0.190 0.198 0.208 0.221 0.233 0.246 0.259 0.273 0.288 0.306 0.323 0.341 0.360 0.381 0.402 0.423 0.446 0.473 0.498 0.523 0.549 0.577 0.606 0.634 0.664 0.694 0.726 1.224 -9999.000 -9999.000
0.135 0.122 0.110 0.099 0.088 0.078 0.068 0.059 0.049 0.040 0.032 0.024 0.017 0.012 0.007 0.004 0.001 0.001 0.001 0.001 0.002 0.039 0.057 0.063 0.069 0.075 0.082 0.089 0.098 0.116 0.134 0.152 0.168 0.177 0.186 0.198 0.213 0.225 0.239 0.253 0.268 0.284 0.301 0.317 0.338 0.357 0.378 0.399 0.421 0.444 0.467 0.491 0.519 0.546 0.574 0.602 0.631 0.661 0.692 0.728 1.575 -9999.000 -9999.000
0.136 0.123 0.111 0.099 0.088 0.078 0.068 0.058 0.049 0.039 0.031 0.023 0.017 0.012 0.007 0.004 0.001 0.001 0.001 0.001 0.033 0.049 0.057 0.061 0.067 0.072 0.079 0.086 0.097 0.117 0.132 0.152 0.161 0.168 0.176 0.190 0.205 0.218 0.232 0.247 0.263 0.279 0.297 0.314 0.333 0.352 0.375 0.396 0.418 0.441 0.464 0.489 0.513 0.539 0.571 0.598 0.628 0.658 0.689 0.736 2.022 -9999.000 -9999.000
0.136 0.123 0.111 0.100 0.089 0.078 0.068 0.058 0.048 0.039 0.030 0.023 0.017 0.011 0.007 0.004 0.001 0.001 0.001 0.001 0.041 0.049 0.053 0.057 0.063 0.068 0.074 0.083 0.096 0.111 0.130 0.157 0.166 0.172 0.181 0.192 0.203 0.215 0.228 0.243 0.258 0.274 0.293 0.312 0.331 0.350 0.370 0.391 0.412 0.438 0.462 0.486 0.512 0.537 0.564 0.596 0.626 0.656 0.687 0.792 2.629 -9999.000 -9999.000
0.136 0.123 0.112 0.100 0.089 0.079 0.069 0.059 0.049 0.039 0.030 0.022 0.016 0.011 0.007 0.003 0.001 0.001 0.001 0.037 0.044 0.047 0.051 0.056 0.061 0.066 0.072 0.082 0.092 0.107 0.133 0.144 0.151 0.159 0.173 0.187 0.199 0.212 0.225 0.240 0.255 0.272 0.289 0.307 0.325 0.347 0.368 0.389 0.411 0.433 0.456 0.484 0.509 0.536 0.563 0.590 0.618 0.653 0.684 0.924 -9999.000 -9999.000 -9999.000
0.137 0.124 0.112 0.101 0.090 0.079 0.069 0.059 0.048 0.038 0.029 0.022 0.016 0.010 0.006 0.003 0.001 0.001 0.001 0.041 0.044 0.047 0.051 0.056 0.061 0.067 0.073 0.082 0.092 0.112 0.133 0.142 0.149 0.158 0.171 0.183 0.195 0.208 0.221 0.235 0.252 0.269 0.287 0.305 0.324 0.343 0.363 0.387 0.409 0.431 0.454 0.478 0.503 0.529 0.561 0.589 0.617 0.646 0.677 1.052 -9999.000 -9999.000 -9999.000
0.138 0.126 0.114 0.102 0.091 0.081 0.071 0.060 0.049 0.039 0.029 0.021 0.014 0.009 0.006 0.003 0.001 0.001 0.001 0.043 0.046 0.048 0.052 0.056 0.061 0.067 0.073 0.082 0.096 0.117 0.127 0.133 0.141 0.151 0.166 0.178 0.191 0.203 0.218 0.233 0.248 0.265 0.282 0.303 0.322 0.342 0.362 0.382 0.403 0.429 0.453 0.478 0.502 0.528 0.555 0.582 0.616 0.646 0.676 1.274 -9999.000 -9999.000 -9999.000
