LISFLOOD/results/run3.totaltm
ncols         400
nrows         288
xllcorner     341244.004907
yllcorner     4516825.805194
cellsize      10.000000
NODATA_value  -9999.000000
[rows 238 to 271 of 288, columns 231 to 307 of 400]
2.313 2.351 2.388 2.426 2.463 2.500 2.536 2.571 2.604 2.636 2.667 2.697 2.724 2.750 2.775 2.801 2.825 2.848 2.871 2.891 2.910 2.928 2.944 2.959 2.973 2.986 2.998 3.008 3.017 3.026 3.033 3.039 3.045 3.049 3.052 3.055 3.056 3.056 3.056 3.055 3.052 3.034 2.616 2.681 2.996 3.006 2.965 2.536 2.416 2.413 2.404 2.394 2.384 2.373 2.363 2.353 2.330 2.267 2.161 2.119 2.091 2.034 1.960 1.805 1.720 1.372 1.202 1.668 1.761 1.743 1.718 1.692 1.662 1.629 1.594 1.557 1.518
2.311 2.349 2.386 2.424 2.462 2.499 2.535 2.570 2.603 2.636 2.667 2.697 2.726 2.754 2.781 2.806 2.828 2.850 2.871 2.892 2.911 2.929 2.946 2.962 2.976 2.988 3.000 3.011 3.019 3.028 3.034 3.041 3.046 3.050 3.053 3.055 3.056 3.056 3.056 3.054 3.049 3.024 2.609 2.654 2.987 2.997 2.906 2.499 2.404 2.400 2.387 2.375 2.368 2.363 2.355 2.338 2.284 2.196 2.108 2.078 2.061 2.011 1.874 1.749 1.563 1.083 0.989 1.556 1.726 1.713 1.692 1.667 1.639 1.609 1.577 1.543 1.507
2.308 2.346 2.384 2.422 2.460 2.497 2.533 2.568 2.602 2.635 2.667 2.697 2.726 2.754 2.781 2.806 2.830 2.853 2.874 2.894 2.913 2.931 2.947 2.963 2.977 2.991 3.002 3.012 3.022 3.029 3.036 3.042 3.047 3.051 3.053 3.055 3.056 3.056 3.056 3.054 3.048 2.619 2.610 2.783 2.978 2.988 2.667 2.452 2.392 2.386 2.374 2.361 2.354 2.351 2.345 2.321 2.247 2.164 2.092 2.062 2.036 1.976 1.783 1.701 1.392 1.036 0.927 1.394 1.684 1.677 1.659 1.637 1.612 1.584 1.554 1.522 1.488
2.310 2.345 2.380 2.418 2.457 2.494 2.531 2.567 2.601 2.634 2.666 2.696 2.725 2.753 2.780 2.806 2.830 2.853 2.875 2.896 2.915 2.933 2.949 2.964 2.978 2.992 3.003 3.014 3.023 3.031 3.038 3.044 3.049 3.052 3.055 3.056 3.056 3.056 3.056 3.054 2.617 2.604 2.606 2.849 2.969 2.973 2.554 2.392 2.370 2.363 2.362 2.352 2.343 2.338 2.333 2.303 2.228 2.142 2.075 2.048 2.011 1.935 1.765 1.649 1.176 0.793 0.758 1.234 1.638 1.636 1.623 1.604 1.582 1.556 1.528 1.498 1.465
2.310 2.348 2.386 2.422 2.458 2.493 2.528 2.563 2.598 2.632 2.663 2.694 2.723 2.752 2.779 2.804 2.829 2.853 2.874 2.896 2.915 2.933 2.951 2.966 2.981 2.994 3.006 3.016 3.025 3.033 3.039 3.045 3.049 3.052 3.055 3.056 3.056 3.056 3.055 3.039 2.609 2.596 2.601 2.924 2.959 2.933 2.499 2.362 2.356 2.350 2.348 2.339 2.331 2.324 2.317 2.289 2.217 2.127 2.062 2.036 1.984 1.888 1.738 1.585 0.913 0.742 0.712 1.288 1.595 1.593 1.584 1.568 1.548 1.525 1.499 1.470 1.439
2.308 2.346 2.383 2.421 2.458 2.496 2.532 2.566 2.599 2.631 2.661 2.691 2.721 2.749 2.777 2.803 2.828 2.851 2.874 2.895 2.914 2.933 2.951 2.966 2.981 2.994 3.007 3.017 3.027 3.034 3.041 3.046 3.050 3.053 3.055 3.056 3.056 3.056 2.617 2.608 2.600 2.597 2.596 2.933 2.947 2.689 2.429 2.349 2.340 2.334 2.332 2.325 2.314 2.312 2.303 2.278 2.229 2.157 2.091 2.032 1.957 1.831 1.661 1.391 0.222 0.177 0.471 1.450 1.552 1.549 1.543 1.530 1.513 1.491 1.467 1.440 1.410
2.304 2.342 2.379 2.417 2.456 2.493 2.529 2.564 2.598 2.632 2.664 2.694 2.723 2.751 2.777 2.802 2.826 2.849 2.872 2.893 2.913 2.932 2.949 2.966 2.981 2.994 3.006 3.017 3.027 3.036 3.042 3.048 3.051 3.054 3.055 3.056 3.056 3.056 2.607 2.598 2.594 2.593 2.804 2.922 2.908 2.527 2.336 2.326 2.326 2.321 2.317 2.311 2.301 2.299 2.291 2.273 2.229 2.168 2.112 2.004 1.906 1.741 1.526 1.146 0.000 0.000 0.138 1.446 1.508 1.506 1.500 1.489 1.474 1.455 1.432 1.407 1.378
2.299 2.337 2.375 2.413 2.451 2.489 2.525 2.561 2.596 2.629 2.661 2.691 2.720 2.748 2.775 2.801 2.826 2.849 2.871 2.892 2.912 2.929 2.947 2.964 2.979 2.993 3.006 3.017 3.027 3.036 3.043 3.048 3.053 3.055 3.056 3.056 3.056 3.052 2.598 2.592 2.590 2.589 2.888 2.909 2.706 2.414 2.273 2.307 2.311 2.307 2.299 2.294 2.288 2.287 2.281 2.266 2.215 2.144 2.081 1.942 1.818 1.637 1.340 1.034 0.681 0.465 0.515 1.421 1.464 1.463 1.459 1.450 1.432 1.416 1.394 1.370 1.343
2.293 2.331 2.369 2.407 2.446 2.483 2.520 2.556 2.591 2.624 2.656 2.687 2.716 2.744 2.772 2.798 2.823 2.846 2.868 2.890 2.910 2.928 2.946 2.962 2.977 2.991 3.003 3.015 3.025 3.034 3.041 3.047 3.051 3.053 3.055 3.056 3.055 2.609 2.581 2.586 2.586 2.772 2.876 2.879 2.538 2.305 2.238 2.283 2.291 2.290 2.281 2.277 2.274 2.276 2.270 2.253 2.183 2.101 2.006 1.857 1.737 1.530 1.246 0.967 0.889 0.793 0.808 1.382 1.412 1.414 1.412 1.406 1.391 1.376 1.356 1.333 1.307
2.286 2.323 2.362 2.401 2.439 2.477 2.514 2.550 2.584 2.618 2.650 2.681 2.711 2.739 2.767 2.793 2.818 2.842 2.864 2.886 2.906 2.925 2.943 2.959 2.974 2.988 3.001 3.012 3.022 3.031 3.038 3.043 3.048 3.051 3.053 3.055 3.051 2.596 2.524 2.577 2.581 2.841 2.862 2.676 2.438 2.236 2.219 2.257 2.269 2.273 2.264 2.259 2.259 2.263 2.259 2.241 2.157 2.037 1.949 1.819 1.664 1.456 1.179 0.801 0.762 0.745 0.819 1.342 1.357 1.362 1.361 1.358 1.344 1.330 1.313 1.291 1.267
2.276 2.314 2.352 2.391 2.430 2.468 2.506 2.542 2.577 2.611 2.643 2.674 2.704 2.733 2.761 2.788 2.813 2.837 2.859 2.881 2.901 2.920 2.938 2.954 2.969 2.983 2.996 3.008 3.018 3.026 3.033 3.039 3.044 3.048 3.051 3.053 3.014 2.553 2.471 2.563 2.575 2.829 2.839 2.536 2.296 2.188 2.193 2.227 2.247 2.253 2.245 2.242 2.244 2.248 2.247 2.227 2.081 1.942 1.896 1.749 1.558 1.359 1.055 0.000 0.421 0.657 1.198 1.300 1.305 1.308 1.308 1.305 1.296 1.282 1.266 1.247 1.224
2.275 2.312 2.349 2.385 2.422 2.458 2.496 2.532 2.568 2.602 2.635 2.667 2.697 2.726 2.754 2.781 2.806 2.830 2.853 2.874 2.895 2.914 2.932 2.948 2.964 2.978 2.991 3.002 3.012 3.021 3.028 3.034 3.039 3.044 3.047 3.047 2.596 2.311 2.249 2.537 2.588 2.813 2.727 2.449 2.126 2.139 2.165 2.208 2.226 2.232 2.223 2.222 2.226 2.234 2.236 2.211 2.018 1.870 1.789 1.637 1.439 1.155 0.588 0.000 0.000 0.435 1.184 1.254 1.255 1.256 1.254 1.252 1.243 1.232 1.217 1.203 1.182
2.267 2.304 2.341 2.379 2.417 2.454 2.490 2.525 2.559 2.592 2.624 2.657 2.688 2.717 2.746 2.772 2.798 2.822 2.845 2.867 2.887 2.907 2.924 2.941 2.957 2.971 2.983 2.995 3.006 3.014 3.022 3.028 3.034 3.038 3.042 3.027 2.548 1.902 2.098 2.488 2.712 2.797 2.541 2.309 2.056 2.090 2.136 2.192 2.203 2.205 2.198 2.201 2.209 2.221 2.225 2.194 1.984 1.828 1.677 1.545 1.276 0.752 0.000 0.000 0.000 0.000 1.137 1.206 1.208 1.202 1.201 1.197 1.196 1.184 1.170 1.155 1.136
2.258 2.296 2.333 2.370 2.408 2.445 2.481 2.517 2.552 2.586 2.618 2.649 2.679 2.708 2.735 2.762 2.788 2.813 2.836 2.858 2.878 2.898 2.916 2.933 2.948 2.962 2.976 2.987 2.998 3.007 3.014 3.022 3.027 3.032 3.033 2.737 2.188 1.201 1.944 2.446 2.743 2.778 2.504 2.181 1.993 2.049 2.113 2.175 2.177 2.168 2.169 2.176 2.192 2.209 2.214 2.177 1.949 1.778 1.550 1.381 1.108 0.482 0.000 0.000 0.000 0.000 1.098 1.152 1.155 1.150 1.149 1.146 1.143 1.133 1.119 1.106 1.087
2.248 2.285 2.322 2.360 2.397 2.434 2.471 2.507 2.542 2.576 2.608 2.639 2.669 2.699 2.727 2.753 2.779 2.803 2.825 2.847 2.868 2.888 2.906 2.923 2.939 2.953 2.966 2.978 2.988 2.998 3.006 3.013 3.019 3.023 3.019 2.536 1.006 0.991 1.806 2.409 2.734 2.757 2.459 2.029 1.896 2.010 2.122 2.157 2.141 2.097 2.131 2.144 2.167 2.196 2.204 2.162 1.917 1.724 1.436 1.251 0.968 0.370 0.000 0.000 0.000 0.000 1.060 1.096 1.098 1.094 1.092 1.089 1.087 1.079 1.067 1.054 1.037
2.236 2.273 2.311 2.348 2.385 2.422 2.459 2.496 2.531 2.564 2.597 2.628 2.659 2.688 2.716 2.742 2.768 2.792 2.816 2.837 2.858 2.877 2.895 2.912 2.928 2.942 2.956 2.967 2.978 2.988 2.996 3.003 3.009 3.013 2.962 2.269 0.681 0.792 1.617 2.392 2.716 2.729 2.410 1.893 1.809 2.018 2.117 2.133 2.037 2.003 2.069 2.102 2.146 2.174 2.192 2.151 1.878 1.614 1.325 1.044 0.250 0.000 0.000 0.000 0.000 0.000 1.016 1.034 1.038 1.037 1.035 1.033 1.029 1.023 1.013 1.001 0.986
2.228 2.263 2.299 2.333 2.371 2.408 2.446 2.482 2.517 2.552 2.584 2.616 2.646 2.676 2.703 2.730 2.756 2.780 2.803 2.825 2.846 2.865 2.883 2.901 2.916 2.931 2.943 2.956 2.967 2.976 2.984 2.992 2.998 3.001 2.574 1.203 0.637 0.755 1.471 2.382 2.694 2.670 2.356 1.757 1.784 2.034 2.102 2.090 1.984 1.968 2.030 2.069 2.123 2.153 2.178 2.138 1.833 1.409 0.986 0.582 0.000 0.000 0.000 0.000 0.000 0.000 0.968 0.974 0.978 0.978 0.977 0.975 0.971 0.966 0.957 0.946 0.932
2.217 2.252 2.288 2.324 2.361 2.396 2.432 2.466 2.502 2.537 2.570 2.602 2.632 2.662 2.690 2.717 2.742 2.767 2.790 2.812 2.832 2.852 2.870 2.887 2.903 2.918 2.931 2.943 2.954 2.964 2.972 2.979 2.984 2.984 2.408 0.242 0.308 0.737 1.372 2.372 2.672 2.614 2.314 1.678 1.711 2.019 2.085 2.037 1.933 1.938 1.993 2.038 2.102 2.136 2.168 2.127 1.791 1.167 0.622 0.187 0.000 0.000 0.000 0.000 0.000 0.000 0.916 0.918 0.919 0.919 0.919 0.917 0.913 0.908 0.900 0.890 0.878
2.204 2.240 2.276 2.311 2.347 2.383 2.419 2.454 2.489 2.523 2.555 2.585 2.616 2.646 2.674 2.702 2.727 2.752 2.775 2.797 2.818 2.837 2.856 2.873 2.888 2.903 2.917 2.929 2.940 2.949 2.958 2.964 2.969 2.947 1.616 0.006 0.389 0.777 1.299 2.362 2.650 2.573 2.272 1.528 1.475 1.978 2.064 1.988 1.888 1.907 1.955 2.009 2.083 2.125 2.156 2.111 1.724 1.098 0.552 0.037 0.000 0.000 0.000 0.000 0.000 0.523 0.865 0.866 0.866 0.867 0.859 0.858 0.853 0.854 0.847 0.838 0.828
2.191 2.227 2.262 2.297 2.332 2.368 2.403 2.439 2.473 2.507 2.539 2.572 2.602 2.631 2.659 2.684 2.711 2.736 2.759 2.781 2.802 2.822 2.840 2.857 2.873 2.888 2.901 2.913 2.924 2.934 2.942 2.948 2.953 2.727 0.000 0.000 0.528 0.875 1.418 2.356 2.628 2.527 2.207 1.305 1.381 1.938 2.042 1.938 1.858 1.876 1.916 1.993 2.071 2.101 2.131 2.078 1.678 1.038 0.490 0.000 0.000 0.000 0.000 0.000 0.000 0.712 0.811 0.811 0.811 0.811 0.804 0.803 0.799 0.798 0.792 0.784 0.776
2.177 2.212 2.247 2.282 2.317 2.352 2.387 2.422 2.456 2.490 2.523 2.554 2.584 2.614 2.642 2.669 2.694 2.719 2.742 2.763 2.784 2.804 2.823 2.840 2.856 2.871 2.884 2.896 2.907 2.917 2.924 2.930 2.934 2.469 0.000 0.000 0.454 0.848 1.524 2.372 2.606 2.504 2.162 1.157 1.358 1.920 2.019 1.894 1.831 1.844 1.882 1.999 2.057 2.078 2.092 2.052 1.638 0.972 0.391 0.000 0.000 0.000 0.000 0.000 0.000 0.699 0.756 0.756 0.756 0.755 0.749 0.746 0.743 0.742 0.738 0.732 0.726
2.161 2.196 2.231 2.266 2.301 2.335 2.369 2.404 2.438 2.472 2.504 2.536 2.566 2.596 2.623 2.651 2.676 2.701 2.724 2.746 2.767 2.787 2.805 2.822 2.837 2.852 2.865 2.877 2.888 2.897 2.904 2.910 2.909 2.257 0.099 0.000 0.324 0.771 1.498 2.358 2.583 2.488 2.135 1.032 1.318 1.922 1.994 1.836 1.789 1.809 1.867 1.987 2.045 2.062 2.067 2.032 1.624 0.909 0.311 0.000 0.000 0.000 0.000 0.000 0.000 0.655 0.695 0.700 0.701 0.699 0.695 0.692 0.689 0.688 0.685 0.682 0.678
2.144 2.179 2.214 2.248 2.283 2.317 2.351 2.385 2.419 2.452 2.485 2.516 2.547 2.576 2.604 2.631 2.657 2.681 2.704 2.726 2.747 2.767 2.785 2.802 2.818 2.832 2.846 2.858 2.867 2.876 2.883 2.888 2.861 1.571 0.204 0.246 0.349 0.701 1.402 2.339 2.559 2.473 2.064 0.819 1.271 1.932 1.968 1.731 1.727 1.757 1.842 1.940 2.021 2.044 2.044 2.012 1.593 0.861 0.248 0.000 0.000 0.000 0.000 0.000 0.000 0.608 0.632 0.641 0.643 0.643 0.641 0.639 0.637 0.636 0.634 0.632 0.630
2.126 2.161 2.196 2.229 2.264 2.298 2.331 2.365 2.398 2.431 2.464 2.495 2.526 2.555 2.583 2.610 2.636 2.660 2.683 2.705 2.726 2.746 2.764 2.781 2.796 2.811 2.824 2.836 2.846 2.854 2.861 2.864 2.513 0.200 0.221 0.273 0.355 0.531 1.228 2.319 2.536 2.459 2.034 0.703 1.298 1.917 1.932 1.604 1.657 1.719 1.812 1.916 2.001 2.019 1.987 1.978 1.506 0.813 0.000 0.000 0.000 0.000 0.000 0.000 0.184 0.565 0.578 0.581 0.585 0.587 0.587 0.585 0.589 0.588 0.587 0.586 0.585
2.108 2.141 2.175 2.209 2.243 2.276 2.309 2.343 2.376 2.409 2.441 2.473 2.503 2.532 2.561 2.587 2.613 2.637 2.661 2.683 2.703 2.723 2.741 2.758 2.773 2.788 2.801 2.812 2.822 2.831 2.837 2.834 2.243 0.000 0.048 0.127 0.178 0.207 1.015 2.297 2.512 2.459 2.008 0.646 1.533 1.898 1.873 1.402 1.602 1.679 1.785 1.946 1.986 1.998 1.945 1.925 1.362 0.359 0.000 0.000 0.000 0.000 0.000 0.000 0.450 0.518 0.524 0.527 0.532 0.534 0.535 0.534 0.539 0.538 0.537 0.537 0.537
2.091 2.125 2.159 2.192 2.226 2.258 2.291 2.323 2.355 2.384 2.417 2.448 2.478 2.508 2.537 2.563 2.589 2.614 2.637 2.659 2.679 2.699 2.717 2.734 2.749 2.763 2.776 2.787 2.797 2.805 2.811 2.784 1.538 0.000 0.000 0.058 0.000 0.000 0.779 2.246 2.488 2.457 2.034 0.883 1.556 1.875 1.832 1.265 1.368 1.611 1.758 1.944 1.969 1.967 1.885 1.824 1.260 0.000 0.000 0.000 0.000 0.000 0.000 0.000 0.421 0.469 0.472 0.473 0.476 0.479 0.481 0.483 0.487 0.488 0.489 0.489 0.491
2.072 2.106 2.139 2.173 2.205 2.237 2.269 2.301 2.332 2.363 2.395 2.426 2.456 2.485 2.513 2.539 2.563 2.588 2.611 2.633 2.654 2.673 2.692 2.708 2.723 2.738 2.750 2.761 2.770 2.778 2.782 2.551 0.000 0.000 0.000 0.000 0.000 0.000 0.399 2.063 2.466 2.444 2.154 1.312 1.415 1.836 1.807 1.102 0.989 1.498 1.730 1.926 1.954 1.944 1.854 1.781 1.200 0.000 0.000 0.000 0.000 0.000 0.000 0.253 0.377 0.412 0.418 0.421 0.423 0.426 0.428 0.432 0.436 0.438 0.441 0.442 0.445
2.053 2.086 2.119 2.152 2.184 2.216 2.247 2.278 2.309 2.339 2.371 2.401 2.430 2.459 2.487 2.513 2.538 2.563 2.586 2.608 2.628 2.646 2.664 2.681 2.696 2.710 2.722 2.733 2.742 2.748 2.752 2.216 0.000 0.000 0.000 0.000 0.000 0.000 0.000 1.559 2.399 2.422 2.284 1.310 1.271 1.797 1.788 1.015 0.943 1.444 1.709 1.911 1.938 1.913 1.812 1.723 0.992 0.000 0.000 0.000 0.000 0.000 0.000 0.281 0.332 0.353 0.363 0.368 0.371 0.374 0.377 0.381 0.385 0.388 0.392 0.395 0.398
2.032 2.066 2.098 2.131 2.162 2.193 2.224 2.254 2.285 2.315 2.345 2.374 2.403 2.432 2.459 2.485 2.511 2.535 2.558 2.580 2.600 2.619 2.637 2.653 2.668 2.682 2.694 2.703 2.711 2.717 2.713 1.711 0.000 0.000 0.000 0.000 0.000 0.000 0.000 0.764 2.228 2.402 2.371 1.731 1.702 1.733 1.767 0.852 0.884 1.396 1.739 1.902 1.921 1.874 1.769 1.600 0.786 0.000 0.000 0.000 0.000 0.000 0.032 0.246 0.287 0.302 0.307 0.313 0.318 0.321 0.331 0.334 0.338 0.342 0.346 0.351 0.350
2.010 2.043 2.076 2.108 2.139 2.170 2.201 2.231 2.261 2.290 2.319 2.348 2.376 2.403 2.431 2.457 2.482 2.506 2.529 2.550 2.571 2.589 2.607 2.623 2.638 2.652 2.663 2.672 2.681 2.686 2.619 0.591 0.000 0.000 0.000 0.000 0.000 0.000 0.000 0.065 1.861 2.373 2.361 2.075 1.673 1.644 1.726 0.711 0.913 1.439 1.740 1.888 1.900 1.826 1.726 1.531 0.640 0.000 0.000 0.000 0.000 0.000 0.138 0.203 0.233 0.248 0.255 0.263 0.268 0.272 0.282 0.284 0.289 0.293 0.298 0.303 0.284
1.987 2.020 2.053 2.084 2.116 2.146 2.176 2.206 2.236 2.264 2.292 2.321 2.348 2.374 2.401 2.427 2.452 2.476 2.498 2.519 2.539 2.558 2.576 2.592 2.607 2.619 2.631 2.639 2.647 2.644 2.266 0.000 0.000 0.000 0.000 0.000 0.000 0.000 0.000 0.000 1.219 2.249 2.343 2.232 1.643 1.615 1.649 0.638 1.042 1.468 1.732 1.872 1.874 1.783 1.688 1.428 0.581 0.000 0.000 0.000 0.000 0.000 0.112 0.158 0.178 0.193 0.201 0.208 0.214 0.221 0.231 0.236 0.240 0.245 0.250 0.254 0.000
1.962 1.996 2.028 2.059 2.090 2.121 2.150 2.179 2.208 2.237 2.265 2.292 2.319 2.345 2.371 2.396 2.420 2.444 2.466 2.487 2.507 2.526 2.543 2.559 2.573 2.586 2.597 2.605 2.612 2.592 1.592 0.000 0.000 0.000 0.000 0.000 0.000 0.000 0.000 0.000 0.680 2.033 2.322 2.298 1.764 1.540 1.406 0.682 1.006 1.414 1.727 1.856 1.840 1.712 1.612 1.325 0.652 0.188 0.000 0.000 0.000 0.000 0.071 0.107 0.124 0.137 0.146 0.155 0.163 0.171 0.179 0.186 0.191 0.197 0.202 0.206 0.000
1.940 1.972 2.003 2.032 2.063 2.092 2.127 2.156 2.184 2.212 2.239 2.266 2.289 2.315 2.340 2.364 2.388 2.411 2.433 2.453 2.473 2.492 2.509 2.524 2.538 2.551 2.561 2.569 2.574 2.392 0.077 0.000 0.000 0.000 0.000 0.000 0.000 0.000 0.000 0.000 0.181 1.586 2.283 2.283 2.077 1.437 0.846 0.708 0.919 1.342 1.703 1.837 1.817 1.679 1.508 1.268 0.930 0.267 0.000 0.000 0.000 0.000 0.027 0.052 0.069 0.082 0.093 0.102 0.111 0.119 0.128 0.135 0.142 0.147 0.152 0.095 0.000
1.915 1.947 1.978 2.009 2.040 2.071 2.101 2.129 2.157 2.184 2.211 2.236 2.262 2.287 2.311 2.334 2.357 2.377 2.398 2.419 2.438 2.456 2.473 2.488 2.502 2.514 2.523 2.531 2.536 2.044 0.000 0.000 0.000 0.000 0.000 0.000 0.000 0.000 0.000 0.000 0.000 0.778 2.038 2.264 2.230 1.678 0.745 0.587 0.553 1.262 1.691 1.816 1.787 1.614 1.463 1.223 0.957 0.001 0.000 0.000 0.000 0.000 0.000 0.000 0.014 0.028 0.039 0.048 0.063 0.072 0.081 0.088 0.095 0.102 0.102 0.000 0.000
