LISFLOOD/results/run3.totaltm
ncols         400
nrows         288
xllcorner     341244.004907
yllcorner     4516825.805194
cellsize      10.000000
NODATA_value  -9999.000000
[rows 68 to 101 of 288, columns 308 to 384 of 400]
2.796 2.813 2.828 2.844 2.858 2.872 2.884 2.897 2.908 2.919 2.928 2.937 2.946 2.953 2.959 2.964 2.969 2.974 2.977 2.981 2.983 2.988 2.992 3.056 2.994 2.992 2.989 2.987 2.985 2.991 2.988 2.979 2.973 2.968 2.961 2.954 2.947 2.939 2.929 2.918 2.908 2.896 2.883 2.868 2.844 2.781 2.719 2.654 2.562 2.489 2.489 2.619 2.658 2.646 2.630 2.613 2.590 2.569 2.546 2.522 2.496 2.469 2.437 2.408 2.341 1.040 0.000 0.000 0.000 0.000 0.000 0.000 0.000 0.000 0.000 0.000 0.000
2.794 2.812 2.827 2.842 2.857 2.870 2.883 2.896 2.907 2.918 2.928 2.937 2.945 2.952 2.958 2.964 2.969 2.974 2.977 2.980 2.983 2.987 2.991 3.056 2.993 2.991 2.989 2.987 3.004 3.006 2.998 2.989 2.978 2.964 2.951 2.946 2.941 2.933 2.924 2.916 2.904 2.893 2.881 2.863 2.815 2.743 2.696 2.632 2.554 2.526 2.509 2.528 2.634 2.625 2.611 2.595 2.573 2.553 2.532 2.508 2.484 2.453 2.427 2.398 2.315 0.910 0.000 0.000 0.000 0.000 0.000 0.000 0.000 0.000 0.000 0.000 0.000
2.793 2.809 2.825 2.841 2.856 2.869 2.882 2.894 2.906 2.916 2.927 2.936 2.944 2.951 2.957 2.964 2.969 2.973 2.977 2.980 2.983 2.987 3.056 3.056 2.992 2.990 2.988 3.009 3.021 3.014 3.006 2.996 2.966 2.944 2.938 2.939 2.934 2.927 2.919 2.911 2.899 2.888 2.876 2.849 2.780 2.717 2.663 2.587 2.534 2.470 2.451 2.453 2.607 2.602 2.589 2.574 2.556 2.536 2.515 2.493 2.469 2.440 2.414 2.387 2.291 0.807 0.000 0.000 0.000 0.000 0.000 0.000 0.000 0.000 0.000 0.000 0.000
2.791 2.808 2.824 2.839 2.853 2.867 2.881 2.893 2.904 2.915 2.925 2.934 2.942 2.949 2.957 2.964 2.968 2.972 2.976 2.979 2.983 2.986 3.056 2.992 2.991 2.989 3.026 3.033 3.027 3.021 3.006 2.966 2.938 2.927 2.932 2.932 2.926 2.920 2.913 2.904 2.894 2.883 2.870 2.826 2.749 2.700 2.646 2.573 2.504 2.465 2.452 2.451 2.576 2.577 2.566 2.552 2.536 2.517 2.497 2.476 2.450 2.426 2.401 2.374 2.255 0.684 0.000 0.000 0.000 0.000 0.000 0.000 0.000 0.000 0.000 0.000 0.000
2.788 2.804 2.821 2.837 2.851 2.865 2.878 2.891 2.902 2.913 2.923 2.932 2.939 2.947 2.955 2.961 2.966 2.969 2.974 2.978 2.981 2.985 3.056 2.992 3.029 3.044 3.044 3.039 3.033 3.017 2.965 2.933 2.912 2.919 2.923 2.923 2.918 2.912 2.905 2.896 2.887 2.876 2.862 2.803 2.733 2.687 2.626 2.556 2.522 2.504 2.488 2.476 2.545 2.550 2.541 2.529 2.514 2.497 2.475 2.456 2.433 2.410 2.385 2.360 2.236 0.661 0.000 0.000 0.000 0.000 0.000 0.000 0.000 0.000 0.000 0.000 0.000
2.785 2.802 2.818 2.833 2.848 2.862 2.876 2.888 2.899 2.910 2.919 2.928 2.936 2.943 2.951 2.957 2.962 2.966 2.971 2.974 2.979 2.986 3.056 3.056 3.055 3.053 3.049 3.044 3.030 2.968 2.931 2.903 2.904 2.911 2.914 2.914 2.909 2.904 2.897 2.889 2.879 2.869 2.854 2.797 2.715 2.654 2.579 2.519 2.484 2.434 2.414 2.442 2.513 2.523 2.516 2.502 2.489 2.474 2.454 2.436 2.414 2.392 2.369 2.342 2.265 0.852 0.000 0.000 0.000 0.000 0.000 0.000 0.000 0.000 0.000 0.000 0.000
2.781 2.798 2.814 2.830 2.844 2.858 2.872 2.884 2.896 2.906 2.916 2.924 2.932 2.942 2.948 2.953 2.958 2.963 2.968 2.973 2.982 3.056 3.056 3.056 3.055 3.052 3.049 3.040 2.971 2.934 2.894 2.888 2.897 2.902 2.905 2.905 2.901 2.896 2.889 2.881 2.871 2.861 2.847 2.774 2.641 2.575 2.528 2.481 2.390 2.287 2.263 2.398 2.482 2.493 2.487 2.476 2.464 2.450 2.432 2.411 2.392 2.372 2.349 2.327 2.288 1.152 0.000 0.000 0.000 0.000 0.000 0.000 0.000 0.000 0.000 0.000 0.000
2.776 2.793 2.809 2.825 2.839 2.853 2.867 2.879 2.891 2.901 2.910 2.917 2.925 2.932 2.938 2.944 2.950 2.958 2.966 2.979 3.056 3.056 3.056 3.056 3.055 3.052 3.044 2.978 2.934 2.884 2.868 2.879 2.889 2.892 2.896 2.895 2.892 2.886 2.879 2.871 2.862 2.852 2.828 2.684 2.573 2.532 2.434 2.420 2.199 2.178 2.157 2.300 2.453 2.462 2.459 2.449 2.438 2.423 2.408 2.389 2.371 2.351 2.330 2.310 2.277 1.223 0.000 0.000 0.000 0.000 0.000 0.000 0.000 0.000 0.000 0.000 0.000
2.771 2.787 2.803 2.819 2.833 2.847 2.860 2.872 2.883 2.893 2.902 2.909 2.897 2.891 2.899 2.910 2.935 2.957 2.976 3.054 3.056 3.056 3.056 3.055 3.053 3.045 2.978 2.944 2.904 2.883 2.872 2.871 2.880 2.883 2.887 2.885 2.881 2.876 2.869 2.862 2.852 2.842 2.752 2.574 2.486 2.347 2.293 2.285 2.108 2.136 2.098 2.194 2.425 2.432 2.427 2.420 2.411 2.397 2.384 2.367 2.349 2.331 2.311 2.290 2.231 0.883 0.000 0.000 0.000 0.000 0.000 0.000 0.000 0.000 0.000 0.000 0.000
2.766 2.782 2.798 2.813 2.827 2.840 2.852 2.863 2.874 2.883 2.892 2.894 2.877 2.884 2.893 2.901 2.942 2.971 3.049 3.055 3.056 3.056 3.056 3.055 3.049 2.974 2.951 2.927 2.914 2.904 2.896 2.888 2.879 2.875 2.876 2.874 2.871 2.865 2.858 2.851 2.842 2.825 2.626 2.496 2.414 2.334 2.312 2.267 2.090 2.087 2.061 2.046 2.399 2.403 2.398 2.393 2.385 2.373 2.360 2.344 2.328 2.307 2.289 2.272 2.184 0.587 0.000 0.000 0.000 0.000 0.000 0.000 0.000 0.000 0.000 0.000 0.000
2.759 2.775 2.790 2.805 2.819 2.832 2.843 2.854 2.864 2.873 2.878 2.868 2.874 2.881 2.889 2.927 2.964 3.044 3.052 3.055 3.056 3.056 3.056 3.054 2.972 2.956 2.943 2.935 2.923 2.916 2.909 2.902 2.890 2.878 2.867 2.863 2.859 2.854 2.847 2.839 2.831 2.758 2.545 2.441 2.342 2.320 2.296 2.137 2.058 2.039 2.014 1.998 2.372 2.376 2.372 2.366 2.359 2.348 2.334 2.320 2.304 2.286 2.269 2.253 2.184 0.738 0.000 0.000 0.000 0.000 0.000 0.000 0.000 0.000 0.000 0.000 0.000
2.752 2.767 2.782 2.796 2.809 2.822 2.833 2.844 2.853 2.861 2.843 2.839 2.847 2.857 2.913 2.956 3.041 3.051 3.053 3.055 3.056 3.056 3.056 2.973 2.961 2.956 2.951 2.937 2.928 2.923 2.917 2.909 2.896 2.882 2.869 2.857 2.849 2.843 2.836 2.828 2.814 2.661 2.440 2.339 2.322 2.303 2.243 1.997 1.966 2.001 1.991 1.983 2.347 2.349 2.346 2.341 2.332 2.323 2.309 2.296 2.282 2.264 2.248 2.234 2.196 0.906 0.000 0.000 0.000 0.000 0.000 0.000 0.000 0.000 0.000 0.000 0.000
2.748 2.761 2.774 2.787 2.800 2.812 2.823 2.832 2.841 2.845 2.827 2.831 2.828 2.880 2.945 3.033 3.049 3.052 3.055 3.056 3.056 3.056 2.973 2.967 2.962 2.958 2.948 2.926 2.922 2.918 2.913 2.904 2.894 2.883 2.871 2.858 2.844 2.835 2.827 2.818 2.762 2.505 2.292 2.282 2.301 2.281 2.146 1.964 1.971 2.017 2.006 1.996 2.319 2.322 2.319 2.314 2.306 2.298 2.286 2.272 2.258 2.242 2.227 2.215 2.182 0.891 0.000 0.000 0.000 0.000 0.000 0.000 0.000 0.000 0.000 0.000 0.000
2.747 2.757 2.768 2.779 2.790 2.801 2.811 2.820 2.827 2.826 2.832 2.839 2.846 2.926 3.014 3.044 3.049 3.053 3.055 3.056 3.056 2.972 2.967 2.964 2.961 2.956 2.941 2.927 2.921 2.916 2.910 2.901 2.892 2.882 2.870 2.857 2.844 2.831 2.820 2.805 2.662 2.389 2.347 2.332 2.308 2.233 2.082 2.056 2.042 2.031 2.017 2.006 2.281 2.296 2.293 2.289 2.281 2.272 2.259 2.247 2.233 2.218 2.204 2.194 2.164 0.879 0.000 0.000 0.000 0.000 0.000 0.000 0.000 0.000 0.000 0.000 0.000
2.754 2.762 2.770 2.777 2.784 2.792 2.801 2.808 2.816 2.823 2.828 2.834 2.904 2.981 3.032 3.039 3.044 3.041 3.005 2.969 3.056 2.967 2.965 2.963 2.958 2.949 2.932 2.926 2.921 2.916 2.908 2.899 2.890 2.879 2.868 2.856 2.841 2.828 2.816 2.774 2.532 2.398 2.377 2.293 2.270 2.156 2.104 2.081 2.056 2.042 2.023 2.009 2.239 2.268 2.266 2.261 2.254 2.246 2.234 2.222 2.209 2.195 2.182 2.172 2.145 0.849 0.000 0.000 0.000 0.000 0.000 0.000 0.000 0.000 0.000 0.000 0.000
2.764 2.773 2.782 2.788 2.793 2.796 2.799 2.807 2.814 2.819 2.814 2.881 2.947 3.019 3.027 3.033 3.024 2.961 2.963 2.964 3.056 2.965 2.963 2.959 2.953 2.940 2.921 2.919 2.916 2.911 2.903 2.895 2.887 2.877 2.866 2.854 2.841 2.827 2.812 2.727 2.512 2.425 2.290 2.124 2.123 2.113 2.106 2.080 2.056 2.034 2.009 1.994 2.209 2.240 2.238 2.233 2.227 2.219 2.207 2.196 2.183 2.170 2.158 2.148 2.126 0.853 0.000 0.000 0.000 0.000 0.000 0.000 0.000 0.000 0.000 0.000 0.000
2.776 2.786 2.793 2.801 2.806 2.808 2.809 2.813 2.821 2.826 2.833 2.921 3.004 3.013 3.020 3.012 2.956 2.958 2.961 2.963 3.056 2.963 2.960 2.955 2.947 2.937 2.924 2.918 2.913 2.907 2.899 2.891 2.883 2.874 2.863 2.851 2.838 2.825 2.807 2.700 2.521 2.387 2.266 2.197 2.172 2.150 2.122 2.051 2.033 2.007 1.986 1.971 2.178 2.212 2.210 2.206 2.199 2.192 2.181 2.170 2.158 2.143 2.133 2.123 2.106 1.030 0.000 0.000 0.000 0.000 0.000 0.000 0.000 0.000 0.000 0.000 0.000
2.787 2.797 2.805 2.812 2.817 2.820 2.819 2.814 2.797 2.766 2.887 2.959 2.997 3.006 3.003 2.952 2.955 2.958 2.960 3.056 3.056 2.961 2.958 2.952 2.944 2.937 2.931 2.926 2.921 2.911 2.901 2.891 2.882 2.872 2.862 2.850 2.838 2.823 2.798 2.646 2.453 2.306 2.270 2.232 2.211 2.188 2.048 1.954 1.942 1.916 1.891 1.873 2.141 2.181 2.179 2.176 2.171 2.163 2.153 2.142 2.132 2.118 2.107 2.097 2.085 1.301 0.000 0.000 0.000 0.000 0.000 0.000 0.000 0.000 0.000 0.000 0.000
2.797 2.807 2.816 2.823 2.830 2.833 2.829 2.826 2.804 2.844 2.924 2.978 2.988 2.990 2.947 2.951 2.953 2.957 2.959 3.056 2.961 2.958 2.954 2.947 2.941 2.935 2.930 2.926 2.921 2.912 2.903 2.893 2.883 2.873 2.861 2.849 2.836 2.822 2.764 2.554 2.373 2.243 2.192 2.191 2.193 2.078 1.879 1.847 1.841 1.819 1.797 1.802 2.093 2.150 2.149 2.146 2.139 2.133 2.124 2.114 2.104 2.092 2.081 2.071 2.063 1.234 0.000 0.000 0.000 0.000 0.000 0.000 0.000 0.000 0.000 0.000 0.000
2.808 2.818 2.827 2.835 2.841 2.846 2.841 2.836 2.745 2.894 2.956 2.970 2.978 2.943 2.946 2.949 2.952 2.956 2.957 3.056 2.957 2.954 2.950 2.945 2.941 2.936 2.932 2.927 2.921 2.912 2.903 2.894 2.884 2.873 2.861 2.848 2.835 2.819 2.716 2.493 2.312 2.184 2.172 2.202 2.151 1.878 1.763 1.734 1.708 1.681 1.657 1.746 2.057 2.117 2.117 2.115 2.108 2.103 2.095 2.086 2.077 2.066 2.053 2.044 2.039 1.179 0.000 0.000 0.000 0.000 0.000 0.000 0.000 0.000 0.000 0.000 0.000
2.817 2.827 2.837 2.844 2.851 2.856 2.853 2.844 2.857 2.921 2.949 2.960 2.938 2.941 2.944 2.948 2.951 2.954 2.956 3.056 2.954 2.952 2.947 2.943 2.938 2.935 2.932 2.927 2.921 2.913 2.904 2.895 2.884 2.873 2.861 2.847 2.834 2.812 2.673 2.480 2.303 2.265 2.247 2.218 1.960 1.754 1.738 1.717 1.696 1.674 1.643 1.626 2.027 2.085 2.084 2.082 2.076 2.071 2.064 2.056 2.047 2.037 2.026 2.019 2.016 1.169 0.000 0.000 0.000 0.000 0.000 0.000 0.000 0.000 0.000 0.000 0.000
2.824 2.836 2.845 2.853 2.860 2.866 2.863 2.846 2.908 2.927 2.938 2.942 2.935 2.939 2.942 2.946 2.950 2.952 2.954 3.056 2.953 2.950 2.946 2.939 2.936 2.932 2.929 2.925 2.919 2.912 2.904 2.894 2.884 2.872 2.859 2.846 2.832 2.796 2.631 2.463 2.305 2.289 2.267 2.120 1.853 1.778 1.754 1.672 1.638 1.629 1.594 1.576 1.997 2.054 2.051 2.049 2.044 2.039 2.032 2.025 2.017 2.008 1.998 1.992 1.989 1.211 0.000 0.000 0.000 0.000 0.000 0.000 0.000 0.000 0.000 0.000 0.000
2.832 2.842 2.852 2.861 2.868 2.874 2.874 2.886 2.914 2.921 2.927 2.929 2.933 2.937 2.941 2.946 2.949 2.951 3.056 3.056 2.951 2.947 2.943 2.939 2.935 2.931 2.928 2.923 2.917 2.911 2.903 2.894 2.883 2.872 2.859 2.844 2.831 2.758 2.597 2.428 2.310 2.303 2.242 2.009 1.959 1.874 1.527 1.265 1.228 1.301 1.227 1.290 1.966 2.022 2.018 2.017 2.013 2.008 1.999 1.993 1.986 1.978 1.971 1.965 1.963 1.193 0.000 0.000 0.000 0.000 0.000 0.000 0.000 0.000 0.000 0.000 0.000
2.837 2.849 2.859 2.868 2.876 2.882 2.888 2.903 2.912 2.917 2.923 2.927 2.931 2.936 2.940 2.944 2.947 2.949 3.056 2.951 2.948 2.944 2.939 2.935 2.932 2.929 2.925 2.920 2.914 2.908 2.900 2.891 2.881 2.870 2.857 2.844 2.827 2.716 2.567 2.392 2.338 2.326 2.161 2.013 1.991 1.898 1.381 0.654 0.648 1.024 0.798 0.874 1.921 1.987 1.984 1.982 1.979 1.976 1.968 1.961 1.954 1.948 1.942 1.937 1.936 0.956 0.000 0.000 0.000 0.000 0.000 0.000 0.000 0.000 0.000 0.000 0.000
2.841 2.852 2.863 2.873 2.883 2.891 2.898 2.905 2.911 2.918 2.923 2.927 2.931 2.936 2.939 2.943 2.946 2.947 3.056 2.949 2.946 2.941 2.937 2.933 2.930 2.927 2.923 2.918 2.912 2.906 2.898 2.889 2.879 2.868 2.854 2.842 2.819 2.679 2.539 2.390 2.374 2.336 2.033 1.938 1.738 1.606 1.308 0.100 0.526 0.954 0.292 0.573 1.853 1.951 1.949 1.947 1.945 1.942 1.936 1.928 1.924 1.916 1.912 1.908 1.907 0.398 0.000 0.000 0.000 0.000 0.000 0.000 0.000 0.000 0.000 0.000 0.000
2.843 2.854 2.864 2.874 2.882 2.890 2.897 2.903 2.911 2.917 2.921 2.925 2.929 2.933 2.938 2.941 2.944 2.946 3.056 2.946 2.942 2.938 2.934 2.931 2.928 2.925 2.921 2.916 2.909 2.903 2.895 2.886 2.876 2.865 2.853 2.839 2.797 2.645 2.529 2.438 2.421 2.223 1.843 1.689 1.126 0.775 0.694 0.221 0.357 0.871 0.000 0.536 1.826 1.917 1.916 1.912 1.911 1.908 1.903 1.896 1.892 1.886 1.882 1.880 1.877 0.135 0.000 0.000 0.000 0.000 0.000 0.000 0.000 0.000 0.000 0.000 0.000
2.843 2.854 2.864 2.873 2.882 2.889 2.896 2.902 2.909 2.914 2.919 2.923 2.928 2.932 2.937 2.939 2.942 2.944 3.056 2.943 2.939 2.936 2.931 2.928 2.925 2.922 2.918 2.913 2.907 2.900 2.892 2.883 2.873 2.861 2.849 2.834 2.759 2.610 2.512 2.470 2.403 2.049 1.663 1.378 0.708 0.000 0.000 0.000 0.000 0.579 0.000 0.503 1.826 1.883 1.883 1.879 1.878 1.876 1.869 1.864 1.860 1.854 1.851 1.850 1.845 0.049 0.000 0.000 0.000 0.000 0.000 0.000 0.000 0.000 0.000 0.000 0.000
2.844 2.854 2.864 2.873 2.881 2.888 2.895 2.901 2.907 2.912 2.916 2.920 2.924 2.932 2.936 2.939 2.941 3.056 3.056 2.941 2.938 2.934 2.930 2.926 2.923 2.919 2.915 2.909 2.904 2.896 2.888 2.879 2.869 2.857 2.845 2.828 2.720 2.577 2.487 2.456 2.308 1.883 1.491 1.034 0.434 0.000 0.000 0.000 0.000 0.454 0.069 0.556 1.809 1.850 1.849 1.846 1.844 1.843 1.837 1.831 1.828 1.823 1.821 1.819 1.806 0.000 0.000 0.000 0.000 0.000 0.000 0.000 0.000 0.000 0.000 0.000 0.000
2.845 2.855 2.864 2.873 2.881 2.888 2.894 2.902 2.908 2.912 2.917 2.921 2.926 2.932 2.934 2.937 2.939 3.056 2.942 2.938 2.934 2.931 2.927 2.924 2.921 2.917 2.912 2.907 2.901 2.893 2.885 2.876 2.866 2.854 2.842 2.820 2.692 2.549 2.463 2.416 2.188 1.772 1.366 0.557 0.418 0.000 0.000 0.000 0.088 0.326 0.267 0.893 1.787 1.817 1.814 1.813 1.811 1.809 1.805 1.799 1.796 1.791 1.789 1.788 1.774 0.000 0.000 0.000 0.000 0.000 0.000 0.000 0.000 0.000 0.000 0.000 0.000
2.846 2.856 2.865 2.873 2.881 2.887 2.893 2.899 2.904 2.909 2.913 2.917 2.925 2.930 2.933 2.936 2.938 3.056 2.938 2.934 2.931 2.927 2.924 2.921 2.918 2.914 2.909 2.904 2.897 2.890 2.881 2.872 2.862 2.850 2.838 2.812 2.673 2.524 2.443 2.362 2.061 1.644 1.336 0.601 0.481 0.583 0.387 0.363 0.322 0.285 0.246 1.213 1.759 1.779 1.780 1.780 1.779 1.775 1.772 1.767 1.764 1.759 1.758 1.757 1.744 0.000 0.000 0.000 0.000 0.000 0.000 0.000 0.000 0.000 0.000 0.000 0.000
2.848 2.858 2.867 2.874 2.882 2.888 2.894 2.901 2.905 2.909 2.913 2.917 2.924 2.928 2.932 2.934 2.936 3.056 2.934 2.932 2.928 2.924 2.921 2.918 2.916 2.911 2.906 2.901 2.894 2.886 2.878 2.868 2.857 2.846 2.833 2.801 2.649 2.498 2.415 2.300 1.935 1.444 1.220 0.944 0.771 0.677 0.000 0.141 0.311 0.279 0.248 1.449 1.732 1.741 1.743 1.744 1.744 1.741 1.737 1.734 1.732 1.727 1.725 1.724 1.706 0.000 0.000 0.000 0.000 0.000 0.000 0.000 0.000 0.000 0.000 0.000 0.000
2.849 2.859 2.868 2.876 2.883 2.889 2.895 2.900 2.904 2.908 2.912 2.917 2.922 2.926 2.929 2.932 2.933 3.056 2.933 2.930 2.926 2.922 2.918 2.915 2.912 2.908 2.903 2.897 2.891 2.882 2.873 2.863 2.852 2.841 2.828 2.787 2.614 2.466 2.380 2.231 1.819 1.256 1.119 1.049 0.869 0.606 0.520 0.498 0.450 0.389 0.348 1.617 1.703 1.706 1.707 1.708 1.709 1.707 1.703 1.699 1.697 1.694 1.692 1.691 1.645 0.000 0.000 0.000 0.000 0.000 0.000 0.000 0.000 0.000 0.000 0.000 0.000
2.851 2.860 2.869 2.877 2.884 2.890 2.896 2.901 2.906 2.909 2.913 2.917 2.922 2.925 2.928 2.931 2.932 3.056 2.932 2.928 2.923 2.916 2.913 2.911 2.908 2.904 2.899 2.893 2.886 2.878 2.869 2.858 2.847 2.835 2.822 2.767 2.573 2.438 2.335 2.155 1.669 1.144 1.112 0.966 0.855 0.486 0.434 0.448 0.403 0.324 0.348 1.624 1.673 1.672 1.673 1.673 1.673 1.672 1.669 1.665 1.664 1.662 1.659 1.658 1.566 0.000 0.000 0.000 0.000 0.000 0.000 0.000 0.000 0.000 0.000 0.000 0.000
2.853 2.862 2.870 2.878 2.884 2.891 2.897 2.902 2.906 2.909 2.914 2.918 2.922 2.926 2.928 2.930 3.056 2.932 2.930 2.926 2.920 2.915 2.911 2.908 2.904 2.900 2.894 2.888 2.881 2.873 2.864 2.853 2.842 2.830 2.816 2.741 2.535 2.405 2.278 2.064 1.447 1.081 1.082 0.953 0.833 0.000 0.000 0.434 0.409 0.304 0.397 1.607 1.641 1.639 1.640 1.641 1.641 1.637 1.635 1.631 1.629 1.629 1.626 1.627 1.353 0.000 0.000 0.000 0.000 0.000 0.000 0.000 0.000 0.000 0.000 0.000 0.000
