LISFLOOD/results/run4.inittm
ncols         134
nrows         96
xllcorner     341244.004907
yllcorner     4516825.805194
cellsize      30.000000
NODATA_value  -9999.000000
[rows 28 to 55 of 96, columns 62 to 123 of 134]
-9999.000 -9999.000 -9999.000 -9999.000 -9999.000 -9999.000 -9999.000 -9999.000 -9999.000 -9999.000 -9999.000 -9999.000 -9999.000 -9999.000 -9999.000 -9999.000 -9999.000 -9999.000 -9999.000 -9999.000 -9999.000 -9999.000 -9999.000 -9999.000 -9999.000 -9999.000 2.064 2.045 1.949 1.567 1.227 0.286 0.247 0.232 0.217 0.203 0.189 0.177 0.166 0.156 0.146 0.138 0.130 0.125 0.093 0.086 0.117 0.001 -9999.000 2.198 0.128 0.112 0.113 0.133 0.428 0.549 0.737 0.773 0.311 0.312 0.319 0.323
-9999.000 -9999.000 -9999.000 -9999.000 -9999.000 -9999.000 -9999.000 -9999.000 -9999.000 -9999.000 -9999.000 -9999.000 -9999.000 -9999.000 -9999.000 -9999.000 -9999.000 -9999.000 -9999.000 -9999.000 -9999.000 -9999.000 -9999.000 -9999.000 -9999.000 -9999.000 1.961 2.683 1.945 1.611 0.837 0.272 0.256 0.241 0.226 0.211 0.197 0.184 0.172 0.160 0.146 0.133 0.124 0.119 0.097 0.162 0.144 0.001 -9999.000 0.277 0.137 0.125 0.125 0.192 0.459 0.752 1.259 1.114 0.338 0.337 0.341 0.343
-9999.000 -9999.000 -9999.000 -9999.000 -9999.000 -9999.000 -9999.000 -9999.000 -9999.000 -9999.000 -9999.000 -9999.000 -9999.000 -9999.000 -9999.000 -9999.000 -9999.000 -9999.000 -9999.000 -9999.000 -9999.000 -9999.000 -9999.000 -9999.000 -9999.000 -9999.000 1.890 2.851 1.769 1.517 0.468 0.282 0.266 0.251 0.235 0.219 0.205 0.192 0.178 0.166 0.153 0.141 0.133 0.124 0.131 0.364 0.277 0.001 -9999.000 0.137 0.136 0.138 0.138 0.239 0.421 1.022 2.107 1.354 0.365 0.361 0.363 0.364
-9999.000 -9999.000 -9999.000 -9999.000 -9999.000 -9999.000 -9999.000 -9999.000 -9999.000 -9999.000 -9999.000 -9999.000 -9999.000 -9999.000 -9999.000 -9999.000 -9999.000 -9999.000 -9999.000 -9999.000 -9999.000 -9999.000 -9999.000 -9999.000 -9999.000 -9999.000 1.790 2.274 1.563 0.998 0.313 0.293 0.277 0.261 0.244 0.229 0.214 0.200 0.187 0.174 0.162 0.151 0.142 0.138 0.579 0.677 1.713 0.001 0.124 0.122 0.128 0.135 0.148 0.262 0.630 4.260 3.258 1.404 0.389 0.384 0.387 0.387
-9999.000 -9999.000 -9999.000 -9999.000 -9999.000 -9999.000 -9999.000 -9999.000 -9999.000 -9999.000 -9999.000 -9999.000 -9999.000 -9999.000 -9999.000 -9999.000 -9999.000 -9999.000 -9999.000 -9999.000 -9999.000 -9999.000 -9999.000 -9999.000 -9999.000 2.541 1.692 1.996 1.599 0.535 0.317 0.303 0.288 0.272 0.256 0.240 0.224 0.210 0.197 0.184 0.173 0.162 0.153 0.253 0.404 0.626 -9999.000 0.001 0.114 0.117 0.122 0.129 0.153 0.304 1.798 -9999.000 3.526 1.375 0.412 0.408 0.410 0.410
-9999.000 -9999.000 -9999.000 -9999.000 -9999.000 -9999.000 -9999.000 -9999.000 -9999.000 -9999.000 -9999.000 -9999.000 -9999.000 -9999.000 -9999.000 -9999.000 -9999.000 -9999.000 -9999.000 -9999.000 -9999.000 -9999.000 -9999.000 -9999.000 -9999.000 1.660 1.637 2.281 1.157 0.339 0.318 0.306 0.293 0.281 0.267 0.252 0.237 0.222 0.208 0.196 0.185 0.175 0.167 0.221 0.241 0.529 0.001 -9999.000 0.117 0.121 0.126 0.133 0.169 0.383 3.588 -9999.000 3.666 1.205 0.436 0.433 0.435 0.435
-9999.000 -9999.000 -9999.000 -9999.000 -9999.000 -9999.000 -9999.000 -9999.000 -9999.000 -9999.000 -9999.000 -9999.000 -9999.000 -9999.000 -9999.000 -9999.000 -9999.000 -9999.000 -9999.000 -9999.000 -9999.000 -9999.000 -9999.000 -9999.000 -9999.000 1.430 1.593 2.361 0.554 0.322 0.309 0.298 0.287 0.277 0.268 0.259 0.249 0.236 0.223 0.211 0.199 0.190 0.183 0.197 0.179 0.001 0.001 -9999.000 0.122 0.126 0.132 0.139 0.193 0.516 -9999.000 -9999.000 3.802 0.919 0.460 0.459 0.460 0.461
-9999.000 -9999.000 -9999.000 -9999.000 -9999.000 -9999.000 -9999.000 -9999.000 -9999.000 -9999.000 -9999.000 -9999.000 -9999.000 -9999.000 -9999.000 -9999.000 -9999.000 -9999.000 -9999.000 -9999.000 -9999.000 -9999.000 -9999.000 2.241 1.990 1.368 1.800 1.393 0.341 0.311 0.298 0.287 0.276 0.266 0.257 0.249 0.242 0.237 0.231 0.226 0.217 0.208 0.258 0.253 0.214 0.001 -9999.000 2.619 0.128 0.133 0.139 0.147 0.211 0.848 -9999.000 5.097 2.886 0.555 0.485 0.485 0.486 0.487
-9999.000 -9999.000 -9999.000 -9999.000 -9999.000 -9999.000 -9999.000 -9999.000 -9999.000 -9999.000 -9999.000 -9999.000 -9999.000 -9999.000 -9999.000 -9999.000 -9999.000 -9999.000 -9999.000 -9999.000 -9999.000 -9999.000 -9999.000 -9999.000 1.433 1.308 1.735 0.639 0.313 0.300 0.288 0.276 0.265 0.254 0.246 0.238 0.232 0.226 0.220 0.217 0.216 0.226 0.417 0.371 0.001 0.001 -9999.000 0.826 0.138 0.142 0.148 0.155 0.224 2.403 -9999.000 6.205 1.948 0.539 0.511 0.512 0.512 0.624
-9999.000 -9999.000 -9999.000 -9999.000 -9999.000 -9999.000 -9999.000 -9999.000 -9999.000 -9999.000 -9999.000 -9999.000 -9999.000 -9999.000 -9999.000 -9999.000 -9999.000 -9999.000 -9999.000 -9999.000 -9999.000 -9999.000 -9999.000 -9999.000 1.221 1.281 1.319 0.341 0.301 0.288 0.276 0.264 0.253 0.244 0.235 0.227 0.221 0.214 0.211 0.206 0.204 0.227 1.302 2.087 0.001 -9999.000 -9999.000 0.563 0.151 0.153 0.159 0.164 0.219 5.584 -9999.000 -9999.000 1.268 0.563 0.538 0.539 0.539 1.031
-9999.000 -9999.000 -9999.000 -9999.000 -9999.000 -9999.000 -9999.000 -9999.000 -9999.000 -9999.000 -9999.000 -9999.000 -9999.000 -9999.000 -9999.000 -9999.000 -9999.000 -9999.000 -9999.000 -9999.000 -9999.000 -9999.000 -9999.000 -9999.000 1.159 1.274 0.573 0.305 0.291 0.277 0.264 0.253 0.241 0.231 0.218 0.203 0.200 0.196 0.196 0.197 0.194 0.343 2.874 0.001 0.001 -9999.000 -9999.000 0.426 0.166 0.167 0.192 0.177 0.216 6.202 6.575 -9999.000 0.817 0.588 0.569 0.566 0.569 1.736
-9999.000 -9999.000 -9999.000 -9999.000 -9999.000 -9999.000 -9999.000 -9999.000 -9999.000 -9999.000 -9999.000 -9999.000 -9999.000 -9999.000 -9999.000 -9999.000 -9999.000 -9999.000 -9999.000 -9999.000 -9999.000 -9999.000 -9999.000 -9999.000 1.115 0.798 0.317 0.295 0.280 0.266 0.252 0.237 0.213 0.190 0.172 0.154 0.146 0.138 0.138 0.171 0.188 0.419 1.427 0.001 3.572 -9999.000 -9999.000 0.286 0.182 0.187 0.357 0.208 0.223 3.136 6.370 2.912 0.605 0.596 0.600 0.595 0.822 -9999.000
-9999.000 -9999.000 -9999.000 -9999.000 -9999.000 -9999.000 -9999.000 -9999.000 -9999.000 -9999.000 -9999.000 -9999.000 -9999.000 -9999.000 -9999.000 -9999.000 -9999.000 -9999.000 -9999.000 -9999.000 -9999.000 -9999.000 -9999.000 2.051 1.049 0.389 0.301 0.284 0.268 0.252 0.227 0.198 0.175 0.152 0.134 0.116 0.102 0.094 0.090 0.128 0.184 0.342 0.001 0.001 -9999.000 -9999.000 0.901 0.214 0.196 0.225 0.449 0.289 0.239 1.118 5.902 1.370 0.542 0.563 0.586 0.612 1.823 -9999.000
-9999.000 -9999.000 -9999.000 -9999.000 -9999.000 -9999.000 -9999.000 -9999.000 -9999.000 -9999.000 -9999.000 -9999.000 -9999.000 -9999.000 -9999.000 -9999.000 -9999.000 -9999.000 -9999.000 -9999.000 -9999.000 -9999.000 -9999.000 1.382 0.565 0.307 0.291 0.273 0.252 0.224 0.195 0.169 0.144 0.122 0.102 0.087 0.072 0.062 0.055 0.090 0.181 0.001 0.001 0.226 -9999.000 -9999.000 0.321 0.224 0.211 0.375 0.562 0.409 0.256 0.652 3.295 0.674 0.507 0.529 0.556 0.718 -9999.000 -9999.000
-9999.000 -9999.000 -9999.000 -9999.000 -9999.000 -9999.000 -9999.000 -9999.000 -9999.000 -9999.000 -9999.000 -9999.000 -9999.000 -9999.000 -9999.000 -9999.000 -9999.000 -9999.000 -9999.000 -9999.000 -9999.000 -9999.000 -9999.000 2.156 0.337 0.298 0.278 0.256 0.224 0.195 0.166 0.141 0.118 0.097 0.079 0.063 0.049 0.038 0.029 0.104 0.199 0.001 0.258 -9999.000 -9999.000 0.397 0.264 0.239 0.285 0.726 0.663 0.552 0.276 0.609 1.212 0.447 0.471 0.498 0.532 2.078 -9999.000 -9999.000
-9999.000 -9999.000 -9999.000 -9999.000 -9999.000 -9999.000 -9999.000 -9999.000 -9999.000 -9999.000 -9999.000 -9999.000 -9999.000 -9999.000 -9999.000 -9999.000 -9999.000 -9999.000 -9999.000 -9999.000 -9999.000 -9999.000 3.611 0.567 0.305 0.284 0.260 0.228 0.197 0.168 0.142 0.117 0.097 0.077 0.061 0.045 0.032 0.022 0.013 0.184 0.001 0.001 -9999.000 5.134 0.367 0.253 0.255 0.266 0.569 2.991 1.736 0.574 0.301 0.363 0.390 0.408 0.438 0.474 0.882 -9999.000 -9999.000 -9999.000
-9999.000 -9999.000 -9999.000 -9999.000 -9999.000 -9999.000 -9999.000 -9999.000 -9999.000 -9999.000 -9999.000 -9999.000 -9999.000 -9999.000 -9999.000 -9999.000 -9999.000 -9999.000 -9999.000 -9999.000 -9999.000 -9999.000 0.913 0.324 0.294 0.268 0.237 0.204 0.174 0.146 0.121 0.098 0.078 0.060 0.044 0.032 0.020 0.011 0.004 0.198 0.001 2.070 0.415 0.263 0.229 0.236 0.249 0.449 -9999.000 -9999.000 2.777 0.604 0.317 0.330 0.351 0.376 0.412 0.566 4.002 -9999.000 -9999.000 -9999.000
-9999.000 -9999.000 -9999.000 -9999.000 -9999.000 -9999.000 -9999.000 -9999.000 -9999.000 -9999.000 -9999.000 -9999.000 -9999.000 -9999.000 -9999.000 -9999.000 -9999.000 -9999.000 -9999.000 -9999.000 -9999.000 -9999.000 0.438 0.308 0.280 0.247 0.215 0.183 0.154 0.127 0.103 0.082 0.063 0.047 0.033 0.021 0.012 0.004 0.001 0.001 0.001 0.205 0.208 0.138 0.186 0.238 0.501 -9999.000 -9999.000 -9999.000 3.058 0.635 0.331 0.346 0.366 0.392 0.559 3.763 -9999.000 -9999.000 -9999.000 -9999.000
-9999.000 -9999.000 -9999.000 -9999.000 -9999.000 -9999.000 -9999.000 -9999.000 -9999.000 -9999.000 -9999.000 -9999.000 -9999.000 -9999.000 -9999.000 -9999.000 -9999.000 -9999.000 -9999.000 -9999.000 -9999.000 0.974 0.335 0.312 0.286 0.257 0.196 0.165 0.138 0.112 0.089 0.069 0.051 0.036 0.024 0.014 0.007 0.003 0.001 0.001 0.208 0.036 0.048 0.084 0.249 -9999.000 -9999.000 -9999.000 -9999.000 -9999.000 2.202 0.561 0.349 0.366 0.387 0.409 1.308 -9999.000 -9999.000 -9999.000 -9999.000 -9999.000
-9999.000 -9999.000 -9999.000 -9999.000 -9999.000 -9999.000 -9999.000 -9999.000 -9999.000 -9999.000 -9999.000 -9999.000 -9999.000 -9999.000 -9999.000 -9999.000 -9999.000 -9999.000 -9999.000 -9999.000 -9999.000 0.524 0.348 0.332 0.323 0.307 0.176 0.148 0.122 0.098 0.077 0.058 0.041 0.027 0.016 0.008 0.002 0.001 0.001 0.001 0.001 0.007 0.021 0.221 0.488 -9999.000 -9999.000 -9999.000 -9999.000 -9999.000 1.494 0.413 0.375 0.388 0.409 0.446 3.676 -9999.000 -9999.000 -9999.000 -9999.000 -9999.000
-9999.000 -9999.000 -9999.000 -9999.000 -9999.000 -9999.000 -9999.000 -9999.000 -9999.000 -9999.000 -9999.000 -9999.000 -9999.000 -9999.000 -9999.000 -9999.000 -9999.000 -9999.000 -9999.000 -9999.000 -9999.000 0.399 0.362 0.353 0.362 0.215 0.160 0.133 0.107 0.085 0.064 0.047 0.033 0.020 0.011 0.004 0.001 0.001 0.001 0.206 0.020 0.021 0.077 0.332 -9999.000 -9999.000 -9999.000 -9999.000 -9999.000 -9999.000 0.654 0.438 0.406 0.416 0.437 1.541 -9999.000 -9999.000 -9999.000 -9999.000 -9999.000 -9999.000
-9999.000 -9999.000 -9999.000 -9999.000 -9999.000 -9999.000 -9999.000 -9999.000 -9999.000 -9999.000 -9999.000 -9999.000 -9999.000 -9999.000 -9999.000 -9999.000 -9999.000 -9999.000 -9999.000 -9999.000 0.934 0.386 0.369 0.356 0.341 0.178 0.148 0.121 0.097 0.075 0.056 0.039 0.026 0.015 0.007 0.002 0.001 0.001 0.213 0.226 0.210 0.044 0.259 -9999.000 -9999.000 -9999.000 -9999.000 -9999.000 -9999.000 1.584 0.503 0.470 0.444 0.449 0.937 6.053 -9999.000 -9999.000 -9999.000 -9999.000 -9999.000 -9999.000
-9999.000 -9999.000 -9999.000 -9999.000 -9999.000 -9999.000 -9999.000 -9999.000 -9999.000 -9999.000 -9999.000 -9999.000 -9999.000 -9999.000 -9999.000 -9999.000 -9999.000 -9999.000 -9999.000 -9999.000 0.507 0.398 0.396 0.393 0.269 0.164 0.136 0.109 0.086 0.066 0.048 0.032 0.020 0.011 0.003 0.001 0.001 0.001 0.235 0.231 0.217 0.228 -9999.000 -9999.000 -9999.000 -9999.000 -9999.000 -9999.000 3.759 0.568 0.529 0.503 0.486 0.504 3.085 -9999.000 -9999.000 -9999.000 -9999.000 -9999.000 -9999.000 -9999.000
-9999.000 -9999.000 -9999.000 -9999.000 -9999.000 -9999.000 -9999.000 -9999.000 -9999.000 -9999.000 -9999.000 -9999.000 -9999.000 -9999.000 -9999.000 -9999.000 -9999.000 -9999.000 -9999.000 1.417 0.398 0.406 0.393 0.376 0.181 0.151 0.123 0.098 0.076 0.056 0.040 0.026 0.015 0.007 0.002 0.001 0.001 0.001 0.241 0.234 0.224 0.311 -9999.000 -9999.000 -9999.000 -9999.000 -9999.000 -9999.000 0.953 0.582 0.556 0.534 0.524 1.371 -9999.000 -9999.000 -9999.000 -9999.000 -9999.000 -9999.000 -9999.000 -9999.000
-9999.000 -9999.000 -9999.000 -9999.000 -9999.000 -9999.000 -9999.000 -9999.000 -9999.000 -9999.000 -9999.000 -9999.000 -9999.000 -9999.000 -9999.000 -9999.000 -9999.000 -9999.000 -9999.000 0.690 0.368 0.393 0.401 0.252 0.169 0.139 0.112 0.088 0.067 0.048 0.033 0.020 0.011 0.003 0.001 0.001 0.001 0.234 0.241 0.105 0.256 -9999.000 -9999.000 -9999.000 -9999.000 -9999.000 -9999.000 1.849 0.633 0.606 0.583 0.566 0.587 6.500 -9999.000 -9999.000 -9999.000 -9999.000 -9999.000 -9999.000 -9999.000 -9999.000
-9999.000 -9999.000 -9999.000 -9999.000 -9999.000 -9999.000 -9999.000 -9999.000 -9999.000 -9999.000 -9999.000 -9999.000 -9999.000 -9999.000 -9999.000 -9999.000 -9999.000 -9999.000 -9999.000 0.467 0.346 0.328 0.317 0.192 0.159 0.129 0.103 0.079 0.059 0.041 0.027 0.016 0.007 0.002 0.001 0.001 0.001 0.004 0.012 0.076 0.533 -9999.000 -9999.000 -9999.000 -9999.000 -9999.000 3.554 0.685 0.656 0.632 0.612 0.598 1.662 -9999.000 -9999.000 -9999.000 -9999.000 -9999.000 -9999.000 -9999.000 -9999.000 -9999.000
-9999.000 -9999.000 -9999.000 -9999.000 -9999.000 -9999.000 -9999.000 -9999.000 -9999.000 -9999.000 -9999.000 -9999.000 -9999.000 -9999.000 -9999.000 -9999.000 -9999.000 -9999.000 1.206 0.367 0.316 0.296 0.263 0.178 0.147 0.119 0.094 0.071 0.051 0.034 0.021 0.011 0.004 0.001 0.001 0.001 0.001 0.004 0.015 0.311 -9999.000 -9999.000 -9999.000 -9999.000 -9999.000 -9999.000 0.939 0.707 0.681 0.659 0.643 0.664 -9999.000 -9999.000 -9999.000 -9999.000 -9999.000 -9999.000 -9999.000 -9999.000 -9999.000 -9999.000
-9999.000 -9999.000 -9999.000 -9999.000 -9999.000 -9999.000 -9999.000 -9999.000 -9999.000 -9999.000 -9999.000 -9999.000 -9999.000 -9999.000 -9999.000 -9999.000 -9999.000 -9999.000 0.599 0.314 0.276 0.241 0.205 0.170 0.138 0.109 0.085 0.063 0.044 0.028 0.016 0.008 0.002 0.001 0.001 0.001 0.002 0.007 0.276 -9999.000 -9999.000 -9999.000 -9999.000 -9999.000 -9999.000 2.589 0.762 0.732 0.708 0.689 0.677 2.939 -9999.000 -9999.000 -9999.000 -9999.000 -9999.000 -9999.000 -9999.000 -9999.000 -9999.000 -9999.000
