LISFLOOD/results/run5.max
ncols         80
nrows         58
xllcorner     341244.004907
yllcorner     4516805.805194
cellsize      50.000000
NODATA_value  -9999.000000
[rows 0 to 33 of 58, columns 0 to 75 of 80]
0.000 0.000 0.000 0.000 0.000 0.000 0.000 0.000 0.000 0.000 0.000 0.000 0.000 0.000 0.000 0.000 0.000 0.000 0.000 0.000 0.000 0.000 0.000 0.000 0.000 0.000 0.000 0.000 0.000 0.000 0.000 0.000 0.000 0.000 0.000 0.000 0.000 0.000 0.000 0.000 0.000 0.000 0.000 0.000 0.000 0.000 0.000 0.000 0.000 0.000 0.000 0.000 0.000 0.000 0.000 0.000 0.000 0.000 0.000 0.000 0.000 0.000 0.000 0.000 0.000 0.000 0.000 0.000 0.000 0.000 0.000 0.000 0.000 0.000 0.000 0.000
0.000 0.000 0.000 0.000 0.000 0.000 0.000 0.000 0.000 0.000 0.000 0.000 0.000 0.000 0.000 0.000 0.000 0.000 0.000 0.000 0.000 0.000 0.000 0.000 0.000 0.000 0.000 0.000 0.000 0.096 0.933 1.911 2.283 2.318 1.598 0.076 0.902 2.107 3.202 5.303 6.288 5.180 4.221 7.581 6.709 0.000 0.000 0.000 0.000 0.000 0.000 0.000 0.000 0.000 0.000 0.000 0.000 0.000 0.000 0.000 0.000 0.000 0.000 0.000 0.000 0.000 0.000 0.000 0.000 0.000 0.000 0.000 0.000 0.000 0.000 0.000
0.000 0.000 0.000 0.000 0.000 0.000 0.000 0.000 0.000 0.000 0.000 0.000 0.000 0.000 0.000 0.000 0.000 0.000 0.000 0.000 0.000 0.000 0.000 0.000 0.000 0.000 0.000 0.010 0.051 0.061 0.000 0.000 0.000 0.000 0.000 0.000 0.000 0.000 0.585 4.579 6.121 4.612 5.803 6.984 3.526 3.855 6.702 9.461 6.800 6.760 6.891 7.244 7.507 7.841 6.565 6.421 6.458 7.306 7.054 10.343 10.783 11.732 11.752 11.781 11.808 11.833 11.854 11.411 7.384 8.671 11.884 11.834 11.143 11.980 11.968 11.965
0.000 0.000 0.000 0.000 0.000 0.000 0.000 0.000 0.000 0.000 0.000 0.000 0.000 0.000 0.000 0.000 0.000 0.000 0.000 0.000 0.000 0.000 0.000 0.000 0.000 0.000 0.000 0.000 0.000 0.000 0.000 0.000 0.000 0.000 0.000 0.000 0.000 0.000 0.000 2.649 3.875 4.564 5.664 4.246 3.639 4.245 7.362 9.330 6.800 6.810 7.031 7.673 7.726 7.850 6.455 6.831 6.547 7.155 9.533 10.143 11.012 11.733 11.763 11.792 11.811 11.837 11.808 11.225 8.209 11.126 11.927 10.516 11.073 11.990 11.978 11.965
0.000 0.000 0.000 0.000 0.000 0.000 0.000 0.000 0.000 0.000 0.000 0.000 0.000 0.000 0.000 0.000 0.000 0.000 0.000 0.000 0.000 0.000 0.000 0.000 0.000 0.000 0.000 0.000 0.000 0.000 0.000 0.000 0.000 0.000 0.000 0.000 0.000 0.000 0.182 2.232 3.207 4.535 5.024 4.686 4.399 5.315 8.971 8.859 6.888 6.908 7.249 7.691 7.674 8.328 5.813 6.759 6.626 8.394 11.342 10.372 11.622 11.753 11.774 11.806 11.826 11.855 8.607 8.620 8.640 12.075 10.403 9.739 11.595 11.991 11.987 11.974
0.000 0.000 0.000 0.000 0.000 0.000 0.000 0.000 0.000 0.000 0.000 0.000 0.000 0.000 0.000 0.000 0.000 0.000 0.000 0.000 0.000 0.000 0.000 0.000 0.000 0.000 0.000 0.000 0.000 0.000 0.000 0.000 0.000 0.000 0.000 0.000 0.000 0.000 0.000 2.032 3.306 4.554 5.313 5.085 5.398 7.063 10.240 7.688 7.136 7.286 7.537 7.799 8.102 8.016 5.481 6.697 7.274 10.732 10.451 10.571 11.781 11.793 11.826 11.849 11.864 11.878 8.626 9.816 8.669 11.421 8.021 9.803 11.996 12.000 11.996 11.982
0.000 0.000 0.000 0.000 0.000 0.000 0.000 0.000 0.000 0.000 0.000 0.000 0.000 0.000 0.000 0.000 0.000 0.000 0.000 0.000 0.000 0.000 0.000 0.000 0.000 0.000 0.000 0.000 0.000 0.000 0.000 0.000 0.000 0.000 0.000 0.000 0.000 0.000 0.532 1.997 3.383 4.451 5.071 5.382 6.246 9.021 9.637 7.575 7.534 7.754 7.935 7.777 8.880 6.923 6.338 6.354 9.251 11.029 7.558 11.108 11.880 11.902 11.926 11.952 11.982 11.997 8.675 9.793 8.708 8.796 7.567 10.865 12.025 12.009 11.993 11.980
0.000 0.000 0.000 0.000 0.000 0.000 0.000 0.000 0.000 0.000 0.000 0.000 0.000 0.000 0.000 0.000 0.000 0.000 0.000 0.000 0.000 0.000 0.000 0.000 0.000 0.000 0.000 0.000 0.000 0.000 0.000 0.000 0.000 0.000 0.000 0.000 0.000 0.000 0.918 1.952 3.398 4.346 4.767 5.419 7.262 10.327 7.914 8.081 8.060 8.140 8.041 8.943 8.266 5.620 6.755 7.601 11.078 8.126 7.385 11.815 11.907 11.930 11.965 12.002 12.034 12.081 8.689 9.774 8.719 7.298 8.247 11.933 12.023 12.015 12.000 11.576
0.000 0.000 0.000 0.000 0.000 0.000 0.000 0.000 0.000 0.000 0.000 0.000 0.000 0.000 0.000 0.000 0.000 0.000 0.000 0.000 0.000 0.000 0.000 0.000 0.000 0.000 0.000 0.000 0.000 0.000 0.000 0.000 0.000 0.000 0.000 0.000 0.000 0.059 1.189 2.154 3.291 4.110 4.751 5.174 8.227 9.873 8.129 8.177 8.266 8.476 8.957 8.789 6.882 6.226 6.671 9.456 9.953 6.801 8.590 11.891 11.913 11.946 11.981 12.009 12.050 12.085 8.689 9.758 7.884 7.650 10.321 12.038 12.027 12.010 12.005 10.431
0.000 0.000 0.000 0.000 0.000 0.000 0.000 0.000 0.000 0.000 0.000 0.000 0.000 0.000 0.000 0.000 0.000 0.000 0.000 0.000 0.000 0.000 0.000 0.000 0.000 0.000 0.000 0.000 0.000 0.000 0.000 0.000 0.000 0.000 0.000 0.000 0.000 0.440 1.108 2.455 3.673 4.253 4.755 5.677 10.162 8.947 8.374 8.462 8.421 8.781 8.332 7.954 5.377 7.771 7.575 10.771 9.028 6.766 9.975 11.905 11.927 11.960 11.985 12.022 12.051 12.094 8.684 9.743 7.495 8.016 11.781 12.039 12.029 12.012 11.997 9.054
0.000 0.000 0.000 0.000 0.000 0.000 0.000 0.000 0.000 0.000 0.000 0.000 0.000 0.000 0.000 0.000 0.000 0.000 0.000 0.000 0.000 0.000 0.000 0.000 0.000 0.000 0.000 0.000 0.000 0.000 0.000 0.000 0.000 0.000 0.000 0.000 0.000 0.542 1.028 2.845 3.884 4.435 4.677 5.990 10.515 8.591 8.468 8.556 8.505 8.605 8.366 6.308 6.471 7.085 9.140 10.495 8.812 6.920 10.969 11.909 11.940 11.962 11.997 12.033 12.060 12.100 8.677 9.729 8.064 9.650 12.057 12.037 12.029 12.013 11.969 8.286
0.000 0.000 0.000 0.000 0.000 0.000 0.000 0.000 0.000 0.000 0.000 0.000 0.000 0.000 0.000 0.000 0.000 0.000 0.000 0.000 0.000 0.000 0.000 0.000 0.000 0.000 0.000 0.000 0.000 0.000 0.000 0.000 0.000 0.000 0.000 0.000 0.009 0.450 1.226 3.164 4.144 4.545 4.768 8.022 10.527 8.624 8.481 8.459 8.399 8.439 7.440 5.372 8.095 6.788 9.043 11.059 7.655 7.453 11.751 11.911 11.941 11.973 12.007 12.032 12.067 12.094 8.670 9.716 8.312 11.541 12.051 12.043 12.026 12.022 11.728 8.117
0.000 0.000 0.000 0.000 0.000 0.000 0.000 0.000 0.000 0.000 0.000 0.000 0.000 0.000 0.000 0.000 0.000 0.000 0.000 0.000 0.000 0.000 0.000 0.000 0.000 0.000 0.000 0.000 0.000 0.000 0.000 0.000 0.000 0.000 0.000 0.000 0.219 0.832 1.981 3.501 4.383 4.745 5.219 8.423 10.549 8.886 8.414 8.392 8.512 8.342 5.703 6.825 7.448 7.251 8.956 11.191 7.877 9.055 11.893 11.922 11.942 11.973 12.006 12.029 12.064 8.660 7.264 9.702 8.680 12.070 12.063 12.047 12.032 12.019 11.297 8.086
0.000 0.000 0.000 0.000 0.000 0.000 0.000 0.000 0.000 0.000 0.000 0.000 0.000 0.000 0.000 0.000 0.000 0.000 0.000 0.000 0.000 0.000 0.000 0.000 0.000 0.000 0.000 0.000 0.000 0.000 0.000 0.000 0.000 0.000 0.000 0.000 0.355 1.076 2.697 3.858 4.381 4.784 5.789 8.444 10.380 9.378 8.666 8.564 8.564 7.104 5.756 8.468 6.340 7.504 7.978 10.513 8.749 10.216 11.903 11.932 11.951 11.972 12.004 12.036 12.070 8.646 9.686 8.671 8.667 12.089 11.944 11.550 12.047 12.035 10.964 8.214
0.000 0.000 0.000 0.000 0.000 0.000 0.000 0.000 0.000 0.000 0.000 0.000 0.000 0.000 0.000 0.000 0.000 0.000 0.000 0.000 0.000 0.000 0.000 0.000 0.000 0.000 0.367 0.417 0.000 0.000 0.000 0.000 0.000 0.000 0.000 0.302 0.796 1.749 2.882 4.255 4.428 4.893 5.998 8.614 10.441 9.669 8.997 9.066 8.566 5.407 7.528 7.780 6.352 7.105 7.839 9.234 10.250 11.276 11.903 11.931 11.960 11.980 12.010 12.032 11.244 7.528 9.674 8.662 11.620 12.097 11.525 11.023 12.071 12.060 10.869 8.340
0.000 0.000 0.000 0.000 0.000 0.000 0.000 0.000 0.000 0.000 0.000 0.000 0.000 0.000 0.000 0.000 0.000 0.000 0.000 0.000 0.000 0.000 0.000 0.000 0.000 0.000 0.597 0.608 0.000 0.000 0.000 0.000 0.000 0.000 0.141 0.647 1.330 2.513 3.737 4.661 4.536 4.931 5.687 8.984 10.501 8.620 7.829 8.258 6.598 5.988 8.349 6.321 7.144 7.137 7.760 8.355 11.140 11.846 11.903 11.940 11.958 11.987 12.016 11.937 8.626 8.621 9.663 8.650 12.087 12.036 10.415 10.354 12.084 12.084 10.925 8.405
0.000 0.000 0.000 0.000 0.000 0.000 0.000 0.000 0.000 0.000 0.000 0.000 0.000 0.000 0.000 0.000 0.000 0.000 0.000 0.000 0.000 0.000 0.000 0.000 0.000 0.000 0.838 0.680 0.332 0.000 0.000 0.000 0.000 0.124 0.670 1.108 1.903 3.217 4.422 4.517 4.853 4.989 6.026 9.773 10.301 7.230 7.220 6.779 5.179 7.910 7.241 5.893 7.045 7.498 7.801 8.375 11.760 11.885 11.911 11.928 11.955 11.983 12.012 10.571 8.609 9.641 9.651 8.637 12.103 11.424 9.685 9.886 12.087 12.098 10.960 8.461
0.000 0.000 0.000 0.000 0.000 0.000 0.000 0.000 0.000 0.000 0.000 0.000 0.000 0.000 0.000 0.000 0.000 0.000 0.000 0.000 0.000 0.000 0.000 0.000 0.000 0.012 0.889 0.821 0.515 0.412 0.377 0.005 0.028 0.596 0.903 1.350 2.606 3.772 4.438 4.463 4.670 5.186 7.144 10.642 8.821 7.171 7.611 5.531 6.601 7.701 6.112 6.403 6.875 7.558 7.721 9.275 11.899 11.914 11.930 11.946 11.962 11.989 11.977 10.914 8.590 9.630 7.522 8.623 12.100 10.793 9.335 9.508 12.090 12.102 11.115 8.377
0.000 0.000 0.000 0.000 0.000 0.000 0.000 0.000 0.000 0.000 0.000 0.000 0.000 0.000 0.000 0.000 0.000 0.000 0.000 0.000 0.000 0.000 0.000 0.000 0.000 0.000 0.869 1.042 0.916 0.924 0.664 0.351 0.511 0.897 1.037 1.785 3.011 4.177 4.433 4.850 5.107 5.224 8.212 10.871 7.481 7.382 6.252 4.242 7.012 6.972 5.953 6.434 6.956 7.518 7.851 10.874 11.908 11.923 11.938 11.953 11.979 11.995 11.961 11.317 7.843 9.620 8.616 12.092 12.067 10.522 8.455 9.019 12.083 12.096 11.000 8.284
0.000 0.000 0.000 0.000 0.000 0.000 0.000 0.000 0.000 0.000 0.000 0.000 0.000 0.000 0.000 0.000 0.000 0.000 0.000 0.000 0.000 0.000 0.000 0.000 0.000 0.000 0.878 1.251 1.556 1.533 1.184 1.028 0.966 1.185 1.453 2.291 3.567 4.283 4.260 4.726 5.193 5.651 10.100 9.689 7.220 7.343 2.674 5.614 7.184 6.254 6.594 6.304 7.346 7.658 8.700 11.843 11.897 11.921 11.935 11.960 11.975 11.991 12.006 8.583 7.565 9.608 8.605 12.079 11.925 9.751 7.306 9.271 12.095 12.090 10.805 7.891
0.000 0.000 0.000 0.000 0.000 0.000 0.000 0.000 0.000 0.000 0.000 0.000 0.000 0.000 0.000 0.000 0.000 0.000 0.000 0.000 0.000 0.000 0.000 0.000 0.000 0.003 0.885 1.658 2.123 2.171 2.121 1.974 1.329 1.695 2.022 3.108 3.914 4.330 4.326 4.893 5.300 7.398 10.947 8.787 8.079 4.277 2.329 7.637 6.465 7.034 7.274 6.415 7.905 7.557 10.569 11.872 11.895 11.919 11.933 11.957 11.972 11.987 12.012 8.569 9.595 6.781 8.594 12.067 11.734 8.800 7.327 9.802 12.088 12.084 10.600 6.725
0.000 0.000 0.000 0.000 0.000 0.000 0.000 0.000 0.000 0.000 0.000 0.000 0.000 0.000 0.000 0.000 0.000 0.000 0.000 0.000 0.000 0.000 0.000 0.000 0.000 0.013 0.640 1.453 1.719 1.816 2.036 1.928 1.901 2.616 2.991 3.886 4.131 4.287 4.413 4.869 5.607 9.085 11.064 9.013 6.821 0.000 5.927 6.720 5.167 5.365 6.084 7.224 8.295 8.206 11.778 11.870 11.893 11.916 11.930 11.954 11.968 11.982 8.558 7.711 9.584 7.639 12.017 12.056 11.643 8.021 7.568 10.844 12.081 12.078 10.055 4.115
0.000 0.000 0.000 0.000 0.000 0.000 0.000 0.000 0.000 0.000 0.000 0.000 0.000 0.000 0.000 0.000 0.000 0.000 0.000 0.000 0.000 0.000 0.000 0.000 0.000 0.000 0.494 0.977 0.933 0.961 1.000 1.581 2.383 2.807 3.370 4.185 4.179 4.444 4.720 4.966 6.513 10.431 11.031 8.681 0.302 1.828 6.562 5.059 4.867 4.905 5.034 6.814 8.264 10.285 11.856 11.878 11.890 11.903 11.927 11.950 11.964 11.988 8.544 9.571 6.938 8.417 12.046 12.035 11.753 7.441 7.659 11.826 12.074 12.071 8.327 0.000
0.000 0.000 0.000 0.000 0.000 0.000 0.000 0.000 0.000 0.000 0.000 0.000 0.000 0.000 0.000 0.000 0.000 0.000 0.000 0.000 0.000 0.000 0.000 0.000 0.000 0.228 0.295 0.780 0.606 0.714 1.043 1.544 2.155 3.347 3.680 4.064 4.208 4.682 4.647 5.052 7.428 11.037 10.087 3.916 0.000 5.469 5.093 4.830 4.547 4.725 4.983 7.333 9.122 11.783 11.864 11.876 11.898 11.910 11.923 11.947 11.960 8.534 7.687 9.559 6.796 9.466 12.035 11.354 11.863 7.802 8.680 12.059 12.067 11.325 4.585 0.000
0.000 0.000 0.000 0.000 0.000 0.000 0.000 0.000 0.000 0.000 0.000 0.000 0.000 0.000 0.000 0.000 0.000 0.000 0.000 0.000 0.000 0.000 0.000 0.000 0.000 0.402 0.337 0.853 0.909 1.097 1.426 2.176 3.527 3.738 3.201 3.603 4.616 5.180 4.873 5.067 9.473 10.331 7.287 0.270 3.054 4.866 4.793 4.559 4.156 4.514 4.992 8.071 11.261 11.861 11.872 11.883 11.905 11.917 11.930 11.953 11.966 8.520 9.546 7.365 7.015 11.325 11.934 10.174 11.823 8.852 10.532 12.061 12.060 8.488 0.065 0.000
0.000 0.000 0.000 0.000 0.000 0.000 0.000 0.000 0.000 0.000 0.000 0.000 0.000 0.000 0.000 0.000 0.000 0.000 0.000 0.000 0.000 0.000 0.000 0.012 0.377 0.833 0.629 1.045 1.382 1.639 1.908 2.708 3.588 2.980 2.311 3.373 4.775 5.438 5.910 6.753 10.655 9.128 0.106 0.000 5.297 5.669 5.144 4.829 4.496 4.313 5.141 9.309 11.849 11.869 11.879 11.890 11.902 11.924 11.936 11.959 8.511 8.505 9.535 7.174 9.664 11.994 10.494 9.384 11.373 10.093 11.903 12.054 11.275 3.136 0.000 0.000
0.000 0.000 0.000 0.000 0.000 0.000 0.000 0.000 0.000 0.000 0.000 0.000 0.000 0.000 0.000 0.000 0.000 0.000 0.000 0.000 0.000 0.000 0.175 0.477 0.641 1.036 1.171 1.237 1.664 2.082 2.450 3.220 3.220 2.091 1.552 3.414 4.695 5.216 5.957 8.738 10.279 5.303 0.000 2.449 5.878 5.710 5.103 4.958 5.034 5.161 7.329 11.567 11.856 11.866 11.886 11.897 11.908 11.930 11.942 11.955 8.497 9.522 7.632 8.525 11.853 10.923 7.583 8.704 11.374 11.924 12.034 11.955 7.430 0.000 0.000 0.000
0.000 0.000 0.000 0.000 0.000 0.000 0.000 0.000 0.000 0.000 0.000 0.000 0.000 0.000 0.000 0.000 0.000 0.000 0.000 0.000 0.000 0.000 0.093 0.705 0.986 1.480 1.844 1.890 1.986 2.484 2.962 3.152 2.592 1.213 1.374 3.685 4.655 5.405 6.155 10.284 9.052 0.000 0.000 6.040 5.858 5.759 5.242 5.217 5.402 5.749 9.996 11.844 11.863 11.873 11.893 11.903 11.914 11.926 11.948 8.489 8.481 9.511 8.510 11.931 9.302 6.703 6.683 8.844 11.834 12.024 12.024 8.963 0.000 0.000 0.000 0.000
0.000 0.000 0.000 0.000 0.000 0.000 0.000 0.000 0.000 0.000 0.000 0.000 0.000 0.000 0.000 0.000 0.000 0.000 0.000 0.000 0.000 0.000 0.000 0.151 0.750 1.883 2.076 2.362 2.288 2.736 3.144 2.704 1.375 0.516 1.346 3.807 4.656 5.606 7.654 10.642 4.852 0.000 4.622 5.944 5.784 5.776 5.560 5.484 5.780 6.756 11.663 11.801 11.630 11.879 11.889 11.909 11.920 11.931 11.943 8.474 9.499 8.491 8.501 10.251 6.791 6.342 6.453 10.094 11.995 12.015 11.486 5.059 0.000 0.000 0.000 0.000
0.000 0.000 0.000 0.000 0.000 0.000 0.000 0.000 0.000 0.000 0.000 0.000 0.000 0.000 0.000 0.000 0.000 0.000 0.000 0.000 0.000 0.000 0.000 0.033 0.753 1.235 1.738 2.133 2.450 2.557 2.846 2.036 0.547 0.229 1.810 3.879 4.709 6.358 10.215 9.480 0.000 0.000 6.450 5.729 5.750 5.933 6.046 6.081 6.196 8.453 11.840 11.428 11.786 11.885 11.895 11.915 11.926 11.937 8.466 8.458 9.488 8.487 11.099 6.940 6.931 6.922 7.683 11.794 12.025 11.886 8.495 0.000 0.000 0.000 0.000 0.000
0.000 0.000 0.000 0.000 0.000 0.000 0.000 0.000 0.000 0.000 0.000 0.000 0.000 0.000 0.000 0.000 0.000 0.000 0.000 0.000 0.000 0.000 0.000 0.000 0.575 0.987 1.460 2.265 2.571 2.638 2.648 1.619 0.531 0.643 2.474 4.054 5.123 8.042 10.929 7.294 0.000 4.885 5.820 5.642 5.845 6.198 6.112 6.107 6.103 10.649 11.636 11.304 11.872 11.881 11.890 11.910 11.921 11.932 8.452 9.475 8.467 8.477 7.907 6.738 7.140 7.051 10.733 12.015 12.017 10.450 2.762 0.000 0.000 0.000 0.000 0.000
0.000 0.000 0.000 0.000 0.000 0.000 0.000 0.000 0.000 0.000 0.000 0.000 0.000 0.000 0.000 0.000 0.000 0.000 0.000 0.000 0.000 0.000 0.000 0.000 0.476 1.108 1.701 2.285 2.241 2.829 2.259 1.092 0.376 0.979 2.849 4.219 5.438 9.477 10.266 3.943 0.000 6.590 5.732 5.526 5.899 6.124 6.128 6.083 7.039 11.735 11.312 11.739 11.867 11.876 11.885 11.905 11.916 8.444 8.435 9.464 8.463 10.125 6.816 7.037 7.279 9.230 11.993 12.005 11.897 5.503 0.000 0.000 0.000 0.000 0.000 0.000
0.000 0.000 0.000 0.000 0.000 0.000 0.000 0.000 0.000 0.000 0.000 0.000 0.000 0.000 0.000 0.000 0.000 0.000 0.000 0.000 0.000 0.000 0.000 0.000 0.397 1.538 2.301 2.165 2.780 2.707 1.667 0.564 0.204 1.088 2.986 4.455 7.114 10.924 9.285 3.480 4.215 5.965 5.563 5.619 5.994 6.239 6.244 5.949 9.144 11.810 11.707 11.844 11.862 11.871 11.880 11.900 11.910 8.429 9.452 8.443 8.453 7.303 6.964 7.615 7.947 11.820 11.992 11.994 9.644 0.000 0.000 0.000 0.000 0.000 0.000 0.000
0.000 0.000 0.000 0.000 0.000 0.000 0.000 0.000 0.000 0.000 0.000 0.000 0.000 0.000 0.000 0.000 0.000 0.000 0.000 0.000 0.000 0.000 0.000 0.000 0.277 1.448 2.221 3.095 3.319 2.964 1.569 0.073 0.105 1.408 3.394 5.102 9.290 10.680 7.790 0.198 5.321 5.840 5.498 5.644 6.139 6.214 6.129 6.034 11.130 11.806 11.812 11.829 11.847 11.865 11.884 11.893 8.420 8.412 9.441 8.438 8.451 7.171 7.412 7.583 10.355 11.979 11.993 11.627 1.330 0.000 0.000 0.000 0.000 0.000 0.000 0.000
