LISFLOOD/results/run5.inittm
ncols         80
nrows         58
xllcorner     341244.004907
yllcorner     4516805.805194
cellsize      50.000000
NODATA_value  -9999.000000
[rows 0 to 29 of 58, columns 0 to 66 of 80]
-9999.000 -9999.000 -9999.000 -9999.000 -9999.000 -9999.000 -9999.000 -9999.000 -9999.000 -9999.000 -9999.000 -9999.000 -9999.000 -9999.000 -9999.000 -9999.000 -9999.000 -9999.000 -9999.000 -9999.000 -9999.000 -9999.000 -9999.000 -9999.000 -9999.000 -9999.000 -9999.000 -9999.000 -9999.000 -9999.000 -9999.000 -9999.000 -9999.000 -9999.000 -9999.000 -9999.000 -9999.000 -9999.000 -9999.000 -9999.000 -9999.000 -9999.000 -9999.000 -9999.000 -9999.000 -9999.000 -9999.000 -9999.000 -9999.000 -9999.000 -9999.000 -9999.000 -9999.000 -9999.000 -9999.000 -9999.000 -9999.000 -9999.000 -9999.000 -9999.000 -9999.000 -9999.000 -9999.000 -9999.000 -9999.000 -9999.000 -9999.000
-9999.000 -9999.000 -9999.000 -9999.000 -9999.000 -9999.000 -9999.000 -9999.000 -9999.000 -9999.000 -9999.000 -9999.000 -9999.000 -9999.000 -9999.000 -9999.000 -9999.000 -9999.000 -9999.000 -9999.000 -9999.000 -9999.000 -9999.000 -9999.000 -9999.000 -9999.000 -9999.000 -9999.000 -9999.000 7.672 7.069 6.209 5.699 5.564 5.516 5.544 3.748 2.498 1.850 1.519 1.438 1.425 1.540 1.202 1.278 -9999.000 -9999.000 -9999.000 -9999.000 -9999.000 -9999.000 -9999.000 -9999.000 -9999.000 -9999.000 -9999.000 -9999.000 -9999.000 -9999.000 -9999.000 -9999.000 -9999.000 -9999.000 -9999.000 -9999.000 -9999.000 -9999.000
-9999.000 -9999.000 -9999.000 -9999.000 -9999.000 -9999.000 -9999.000 -9999.000 -9999.000 -9999.000 -9999.000 -9999.000 -9999.000 -9999.000 -9999.000 -9999.000 -9999.000 -9999.000 -9999.000 -9999.000 -9999.000 -9999.000 -9999.000 -9999.000 -9999.000 -9999.000 -9999.000 -9999.000 7.739 7.709 -9999.000 -9999.000 -9999.000 -9999.000 -9999.000 -9999.000 -9999.000 -9999.000 4.519 1.568 1.420 1.400 1.173 1.187 1.542 1.364 0.745 0.560 0.547 0.526 0.489 0.427 0.384 0.347 0.333 0.317 0.298 0.246 0.234 0.084 0.066 0.038 0.032 0.026 0.021 0.017 0.018
-9999.000 -9999.000 -9999.000 -9999.000 -9999.000 -9999.000 -9999.000 -9999.000 -9999.000 -9999.000 -9999.000 -9999.000 -9999.000 -9999.000 -9999.000 -9999.000 -9999.000 -9999.000 -9999.000 -9999.000 -9999.000 -9999.000 -9999.000 -9999.000 -9999.000 -9999.000 -9999.000 -9999.000 -9999.000 -9999.000 -9999.000 -9999.000 -9999.000 -9999.000 -9999.000 -9999.000 -9999.000 -9999.000 -9999.000 2.147 1.638 1.363 1.154 1.413 1.508 1.231 0.699 0.561 0.547 0.526 0.481 0.393 0.374 0.351 0.343 0.307 0.294 0.242 0.123 0.090 0.058 0.032 0.026 0.020 0.015 0.012 0.009
-9999.000 -9999.000 -9999.000 -9999.000 -9999.000 -9999.000 -9999.000 -9999.000 -9999.000 -9999.000 -9999.000 -9999.000 -9999.000 -9999.000 -9999.000 -9999.000 -9999.000 -9999.000 -9999.000 -9999.000 -9999.000 -9999.000 -9999.000 -9999.000 -9999.000 -9999.000 -9999.000 -9999.000 -9999.000 -9999.000 -9999.000 -9999.000 -9999.000 -9999.000 -9999.000 -9999.000 -9999.000 -9999.000 6.371 2.439 1.843 1.328 1.141 1.199 1.221 0.982 0.582 0.562 0.550 0.526 0.465 0.407 0.394 0.362 0.414 0.307 0.293 0.178 0.088 0.081 0.037 0.027 0.020 0.015 0.011 0.007 0.006
-9999.000 -9999.000 -9999.000 -9999.000 -9999.000 -9999.000 -9999.000 -9999.000 -9999.000 -9999.000 -9999.000 -9999.000 -9999.000 -9999.000 -9999.000 -9999.000 -9999.000 -9999.000 -9999.000 -9999.000 -9999.000 -9999.000 -9999.000 -9999.000 -9999.000 -9999.000 -9999.000 -9999.000 -9999.000 -9999.000 -9999.000 -9999.000 -9999.000 -9999.000 -9999.000 -9999.000 -9999.000 -9999.000 -9999.000 2.605 1.800 1.278 1.086 1.066 0.989 0.732 0.559 0.553 0.539 0.497 0.449 0.421 0.397 0.385 0.481 0.312 0.257 0.094 0.086 0.074 0.029 0.022 0.016 0.011 0.007 0.004 0.002
-9999.000 -9999.000 -9999.000 -9999.000 -9999.000 -9999.000 -9999.000 -9999.000 -9999.000 -9999.000 -9999.000 -9999.000 -9999.000 -9999.000 -9999.000 -9999.000 -9999.000 -9999.000 -9999.000 -9999.000 -9999.000 -9999.000 -9999.000 -9999.000 -9999.000 -9999.000 -9999.000 -9999.000 -9999.000 -9999.000 -9999.000 -9999.000 -9999.000 -9999.000 -9999.000 -9999.000 -9999.000 -9999.000 4.813 2.651 1.766 1.298 1.083 1.009 0.861 0.608 0.546 0.534 0.513 0.474 0.446 0.436 0.383 0.372 0.359 0.346 0.161 0.104 0.201 0.057 0.026 0.018 0.012 0.007 0.004 0.001 0.001
-9999.000 -9999.000 -9999.000 -9999.000 -9999.000 -9999.000 -9999.000 -9999.000 -9999.000 -9999.000 -9999.000 -9999.000 -9999.000 -9999.000 -9999.000 -9999.000 -9999.000 -9999.000 -9999.000 -9999.000 -9999.000 -9999.000 -9999.000 -9999.000 -9999.000 -9999.000 -9999.000 -9999.000 -9999.000 -9999.000 -9999.000 -9999.000 -9999.000 -9999.000 -9999.000 -9999.000 -9999.000 -9999.000 3.924 2.702 1.760 1.329 1.168 1.007 0.737 0.545 0.537 0.503 0.489 0.472 0.459 0.429 0.423 0.500 0.346 0.287 0.168 0.217 0.208 0.036 0.026 0.019 0.013 0.008 0.004 0.002 0.001
-9999.000 -9999.000 -9999.000 -9999.000 -9999.000 -9999.000 -9999.000 -9999.000 -9999.000 -9999.000 -9999.000 -9999.000 -9999.000 -9999.000 -9999.000 -9999.000 -9999.000 -9999.000 -9999.000 -9999.000 -9999.000 -9999.000 -9999.000 -9999.000 -9999.000 -9999.000 -9999.000 -9999.000 -9999.000 -9999.000 -9999.000 -9999.000 -9999.000 -9999.000 -9999.000 -9999.000 -9999.000 7.389 3.515 2.553 1.816 1.429 1.178 1.064 0.659 0.535 0.525 0.506 0.486 0.467 0.443 0.425 0.413 0.399 0.357 0.224 0.206 0.258 0.156 0.035 0.027 0.021 0.015 0.010 0.005 0.002 0.001
-9999.000 -9999.000 -9999.000 -9999.000 -9999.000 -9999.000 -9999.000 -9999.000 -9999.000 -9999.000 -9999.000 -9999.000 -9999.000 -9999.000 -9999.000 -9999.000 -9999.000 -9999.000 -9999.000 -9999.000 -9999.000 -9999.000 -9999.000 -9999.000 -9999.000 -9999.000 -9999.000 -9999.000 -9999.000 -9999.000 -9999.000 -9999.000 -9999.000 -9999.000 -9999.000 -9999.000 -9999.000 5.207 3.633 2.351 1.646 1.369 1.186 0.978 0.542 0.532 0.522 0.504 0.494 0.474 0.467 0.450 0.621 0.333 0.324 0.230 0.241 0.261 0.108 0.037 0.029 0.022 0.016 0.011 0.005 0.002 0.001
-9999.000 -9999.000 -9999.000 -9999.000 -9999.000 -9999.000 -9999.000 -9999.000 -9999.000 -9999.000 -9999.000 -9999.000 -9999.000 -9999.000 -9999.000 -9999.000 -9999.000 -9999.000 -9999.000 -9999.000 -9999.000 -9999.000 -9999.000 -9999.000 -9999.000 -9999.000 -9999.000 -9999.000 -9999.000 -9999.000 -9999.000 -9999.000 -9999.000 -9999.000 -9999.000 -9999.000 -9999.000 4.901 3.755 2.113 1.551 1.303 1.220 0.941 0.543 0.533 0.522 0.506 0.496 0.467 0.449 0.438 0.401 0.355 0.283 0.247 0.261 0.258 0.078 0.039 0.031 0.024 0.017 0.011 0.005 0.002 0.001
-9999.000 -9999.000 -9999.000 -9999.000 -9999.000 -9999.000 -9999.000 -9999.000 -9999.000 -9999.000 -9999.000 -9999.000 -9999.000 -9999.000 -9999.000 -9999.000 -9999.000 -9999.000 -9999.000 -9999.000 -9999.000 -9999.000 -9999.000 -9999.000 -9999.000 -9999.000 -9999.000 -9999.000 -9999.000 -9999.000 -9999.000 -9999.000 -9999.000 -9999.000 -9999.000 -9999.000 -9999.000 5.199 3.527 1.946 1.452 1.288 1.212 0.704 0.550 0.541 0.531 0.521 0.511 0.499 0.584 0.645 0.372 0.376 0.285 0.242 0.249 0.238 0.054 0.041 0.033 0.025 0.017 0.011 0.005 0.002 0.001
-9999.000 -9999.000 -9999.000 -9999.000 -9999.000 -9999.000 -9999.000 -9999.000 -9999.000 -9999.000 -9999.000 -9999.000 -9999.000 -9999.000 -9999.000 -9999.000 -9999.000 -9999.000 -9999.000 -9999.000 -9999.000 -9999.000 -9999.000 -9999.000 -9999.000 -9999.000 -9999.000 -9999.000 -9999.000 -9999.000 -9999.000 -9999.000 -9999.000 -9999.000 -9999.000 -9999.000 6.359 4.233 2.787 1.789 1.375 1.256 1.118 0.681 0.561 0.553 0.547 0.536 0.521 0.518 0.573 0.414 0.361 0.349 0.283 0.228 0.251 0.174 0.052 0.042 0.033 0.025 0.017 0.011 0.005 0.002 0.063
-9999.000 -9999.000 -9999.000 -9999.000 -9999.000 -9999.000 -9999.000 -9999.000 -9999.000 -9999.000 -9999.000 -9999.000 -9999.000 -9999.000 -9999.000 -9999.000 -9999.000 -9999.000 -9999.000 -9999.000 -9999.000 -9999.000 -9999.000 -9999.000 -9999.000 -9999.000 -9999.000 -9999.000 -9999.000 -9999.000 -9999.000 -9999.000 -9999.000 -9999.000 -9999.000 -9999.000 5.785 3.832 2.319 1.641 1.388 1.257 1.021 0.688 0.576 0.564 0.557 0.547 0.534 0.587 0.572 0.421 0.442 0.339 0.308 0.219 0.213 0.134 0.052 0.042 0.032 0.021 0.012 0.005 0.002 0.001 0.001
-9999.000 -9999.000 -9999.000 -9999.000 -9999.000 -9999.000 -9999.000 -9999.000 -9999.000 -9999.000 -9999.000 -9999.000 -9999.000 -9999.000 -9999.000 -9999.000 -9999.000 -9999.000 -9999.000 -9999.000 -9999.000 -9999.000 -9999.000 -9999.000 -9999.000 -9999.000 6.466 6.302 -9999.000 -9999.000 -9999.000 -9999.000 -9999.000 -9999.000 -9999.000 6.146 4.436 3.053 2.249 1.478 1.393 1.248 1.005 0.688 0.587 0.577 0.570 0.557 0.550 0.693 0.468 0.453 0.449 0.368 0.313 0.214 0.156 0.091 0.051 0.039 0.028 0.019 0.013 0.007 0.004 0.097 0.001
-9999.000 -9999.000 -9999.000 -9999.000 -9999.000 -9999.000 -9999.000 -9999.000 -9999.000 -9999.000 -9999.000 -9999.000 -9999.000 -9999.000 -9999.000 -9999.000 -9999.000 -9999.000 -9999.000 -9999.000 -9999.000 -9999.000 -9999.000 -9999.000 -9999.000 -9999.000 5.714 5.689 -9999.000 -9999.000 -9999.000 -9999.000 -9999.000 -9999.000 6.996 4.932 3.557 2.525 1.785 1.412 1.381 1.261 1.067 0.683 0.598 0.674 0.701 0.614 0.601 0.588 0.475 0.477 0.388 0.373 0.321 0.274 0.114 0.064 0.049 0.036 0.024 0.014 0.008 0.003 0.002 0.001 0.001
-9999.000 -9999.000 -9999.000 -9999.000 -9999.000 -9999.000 -9999.000 -9999.000 -9999.000 -9999.000 -9999.000 -9999.000 -9999.000 -9999.000 -9999.000 -9999.000 -9999.000 -9999.000 -9999.000 -9999.000 -9999.000 -9999.000 -9999.000 -9999.000 -9999.000 -9999.000 5.183 5.447 6.552 -9999.000 -9999.000 -9999.000 -9999.000 7.136 4.964 3.955 3.002 2.178 1.500 1.438 1.324 1.275 1.066 0.642 0.615 0.772 0.734 0.712 0.791 0.516 0.509 0.548 0.404 0.353 0.327 0.282 0.078 0.059 0.046 0.033 0.021 0.011 0.004 0.002 0.001 0.001 0.001
-9999.000 -9999.000 -9999.000 -9999.000 -9999.000 -9999.000 -9999.000 -9999.000 -9999.000 -9999.000 -9999.000 -9999.000 -9999.000 -9999.000 -9999.000 -9999.000 -9999.000 -9999.000 -9999.000 -9999.000 -9999.000 -9999.000 -9999.000 -9999.000 -9999.000 7.764 5.051 5.092 5.948 6.271 6.377 -9999.000 7.652 5.272 4.409 3.621 2.557 1.871 1.518 1.488 1.384 1.266 0.928 0.651 0.729 0.780 0.710 0.697 0.584 0.533 0.537 0.486 0.426 0.360 0.342 0.238 0.068 0.055 0.043 0.031 0.019 0.010 0.004 0.002 0.001 0.001 0.131
-9999.000 -9999.000 -9999.000 -9999.000 -9999.000 -9999.000 -9999.000 -9999.000 -9999.000 -9999.000 -9999.000 -9999.000 -9999.000 -9999.000 -9999.000 -9999.000 -9999.000 -9999.000 -9999.000 -9999.000 -9999.000 -9999.000 -9999.000 -9999.000 -9999.000 -9999.000 4.969 4.596 4.837 4.835 5.457 6.178 5.614 4.519 4.193 3.178 2.378 1.658 1.548 1.434 1.336 1.291 0.861 0.661 0.825 0.798 0.965 1.075 0.574 0.564 0.568 0.497 0.432 0.374 0.348 0.148 0.062 0.051 0.039 0.030 0.021 0.014 0.008 0.004 0.001 0.001 0.001
-9999.000 -9999.000 -9999.000 -9999.000 -9999.000 -9999.000 -9999.000 -9999.000 -9999.000 -9999.000 -9999.000 -9999.000 -9999.000 -9999.000 -9999.000 -9999.000 -9999.000 -9999.000 -9999.000 -9999.000 -9999.000 -9999.000 -9999.000 -9999.000 -9999.000 -9999.000 4.932 4.228 3.835 3.856 4.353 4.585 4.523 4.050 3.592 2.817 2.141 1.662 1.624 1.498 1.360 1.257 0.723 0.714 0.892 0.843 1.792 0.692 0.586 0.596 0.534 0.522 0.409 0.383 0.308 0.069 0.056 0.045 0.035 0.026 0.017 0.010 0.005 0.002 0.184 0.001 0.001
-9999.000 -9999.000 -9999.000 -9999.000 -9999.000 -9999.000 -9999.000 -9999.000 -9999.000 -9999.000 -9999.000 -9999.000 -9999.000 -9999.000 -9999.000 -9999.000 -9999.000 -9999.000 -9999.000 -9999.000 -9999.000 -9999.000 -9999.000 -9999.000 -9999.000 -9999.000 4.904 3.746 3.501 3.431 3.385 3.353 3.946 3.391 3.062 2.410 1.946 1.693 1.659 1.510 1.385 1.032 0.732 0.841 0.907 1.528 1.878 0.604 0.597 0.566 0.539 0.528 0.408 0.399 0.187 0.060 0.049 0.039 0.029 0.020 0.011 0.005 0.002 0.001 0.001 0.218 0.002
-9999.000 -9999.000 -9999.000 -9999.000 -9999.000 -9999.000 -9999.000 -9999.000 -9999.000 -9999.000 -9999.000 -9999.000 -9999.000 -9999.000 -9999.000 -9999.000 -9999.000 -9999.000 -9999.000 -9999.000 -9999.000 -9999.000 -9999.000 -9999.000 -9999.000 7.758 5.509 3.925 3.697 3.626 3.344 3.296 3.244 2.722 2.512 2.091 1.856 1.740 1.699 1.541 1.386 0.902 0.743 0.857 1.069 -9999.000 0.688 0.649 0.743 0.698 0.596 0.473 0.391 0.377 0.069 0.053 0.042 0.032 0.024 0.017 0.010 0.005 0.002 0.002 0.001 0.224 0.006
-9999.000 -9999.000 -9999.000 -9999.000 -9999.000 -9999.000 -9999.000 -9999.000 -9999.000 -9999.000 -9999.000 -9999.000 -9999.000 -9999.000 -9999.000 -9999.000 -9999.000 -9999.000 -9999.000 -9999.000 -9999.000 -9999.000 -9999.000 -9999.000 -9999.000 -9999.000 5.985 4.684 4.781 4.722 4.634 3.684 2.882 2.634 2.349 1.955 1.903 1.766 1.664 1.565 1.246 0.791 0.757 0.922 5.154 2.343 0.698 0.813 0.800 0.772 0.733 0.512 0.407 0.231 0.057 0.046 0.036 0.027 0.018 0.011 0.005 0.002 0.001 0.001 0.256 0.231 0.017
-9999.000 -9999.000 -9999.000 -9999.000 -9999.000 -9999.000 -9999.000 -9999.000 -9999.000 -9999.000 -9999.000 -9999.000 -9999.000 -9999.000 -9999.000 -9999.000 -9999.000 -9999.000 -9999.000 -9999.000 -9999.000 -9999.000 -9999.000 -9999.000 -9999.000 6.908 6.614 5.125 5.624 5.314 4.632 3.768 3.039 2.372 2.238 2.059 1.954 1.751 1.717 1.590 1.126 0.801 0.813 1.968 -9999.000 0.839 0.821 0.863 0.861 0.802 0.743 0.496 0.352 0.065 0.049 0.039 0.029 0.021 0.014 0.009 0.004 0.002 0.002 0.001 0.270 0.210 0.031
-9999.000 -9999.000 -9999.000 -9999.000 -9999.000 -9999.000 -9999.000 -9999.000 -9999.000 -9999.000 -9999.000 -9999.000 -9999.000 -9999.000 -9999.000 -9999.000 -9999.000 -9999.000 -9999.000 -9999.000 -9999.000 -9999.000 -9999.000 -9999.000 -9999.000 6.499 6.551 5.205 5.123 4.706 4.089 3.111 2.478 2.401 2.440 2.268 1.965 1.764 1.740 1.619 0.904 0.838 1.126 5.241 1.509 0.911 0.908 0.942 0.974 0.853 0.751 0.457 0.112 0.054 0.043 0.033 0.024 0.016 0.009 0.005 0.002 0.001 0.001 0.284 0.280 0.087 0.046
-9999.000 -9999.000 -9999.000 -9999.000 -9999.000 -9999.000 -9999.000 -9999.000 -9999.000 -9999.000 -9999.000 -9999.000 -9999.000 -9999.000 -9999.000 -9999.000 -9999.000 -9999.000 -9999.000 -9999.000 -9999.000 -9999.000 -9999.000 7.766 6.520 5.543 5.828 5.006 4.419 3.925 3.423 2.756 2.499 2.603 2.929 2.372 1.955 1.787 1.609 1.352 0.916 0.943 7.197 -9999.000 0.979 0.922 0.918 0.950 0.939 0.916 0.746 0.372 0.059 0.048 0.037 0.028 0.020 0.013 0.008 0.003 0.002 0.001 0.001 0.301 0.156 0.068 0.122
-9999.000 -9999.000 -9999.000 -9999.000 -9999.000 -9999.000 -9999.000 -9999.000 -9999.000 -9999.000 -9999.000 -9999.000 -9999.000 -9999.000 -9999.000 -9999.000 -9999.000 -9999.000 -9999.000 -9999.000 -9999.000 -9999.000 7.179 6.273 5.904 5.153 4.895 4.742 4.081 3.346 2.973 2.591 2.567 3.170 3.605 2.399 2.001 1.851 1.639 1.039 0.952 1.672 -9999.000 1.841 0.914 0.904 0.882 0.857 0.821 0.784 0.554 0.082 0.053 0.043 0.032 0.023 0.016 0.009 0.005 0.002 0.001 0.001 0.004 0.085 0.041 0.063 0.336
-9999.000 -9999.000 -9999.000 -9999.000 -9999.000 -9999.000 -9999.000 -9999.000 -9999.000 -9999.000 -9999.000 -9999.000 -9999.000 -9999.000 -9999.000 -9999.000 -9999.000 -9999.000 -9999.000 -9999.000 -9999.000 -9999.000 7.484 5.791 5.265 4.531 4.004 3.851 3.596 2.993 2.694 2.631 2.856 4.088 3.817 2.326 2.031 1.872 1.663 1.021 1.012 -9999.000 -9999.000 0.909 0.894 0.878 0.861 0.838 0.786 0.728 0.317 0.059 0.048 0.037 0.028 0.020 0.013 0.008 0.003 0.002 0.001 0.001 0.001 0.002 0.036 0.381 0.396
-9999.000 -9999.000 -9999.000 -9999.000 -9999.000 -9999.000 -9999.000 -9999.000 -9999.000 -9999.000 -9999.000 -9999.000 -9999.000 -9999.000 -9999.000 -9999.000 -9999.000 -9999.000 -9999.000 -9999.000 -9999.000 -9999.000 -9999.000 7.243 5.671 3.988 3.583 3.262 3.209 2.847 2.718 2.826 4.357 5.660 3.818 2.301 2.056 1.887 1.384 1.032 1.972 -9999.000 1.134 0.896 0.877 0.856 0.836 0.814 0.760 0.647 0.085 0.063 0.052 0.032 0.024 0.016 0.009 0.005 0.002 0.001 0.001 0.001 0.002 0.004 0.382 0.413 0.423
-9999.000 -9999.000 -9999.000 -9999.000 -9999.000 -9999.000 -9999.000 -9999.000 -9999.000 -9999.000 -9999.000 -9999.000 -9999.000 -9999.000 -9999.000 -9999.000 -9999.000 -9999.000 -9999.000 -9999.000 -9999.000 -9999.000 -9999.000 7.695 5.706 4.862 4.215 3.471 3.069 2.951 2.812 3.464 5.596 6.707 3.322 2.293 2.081 1.797 1.105 1.096 -9999.000 -9999.000 0.910 0.892 0.862 0.813 0.777 0.755 0.727 0.520 0.082 0.067 0.041 0.028 0.020 0.013 0.008 0.003 0.002 0.001 0.001 0.001 0.002 0.393 0.393 0.410 0.421
