LISFLOOD/results/run5.totaltm
ncols         80
nrows         58
xllcorner     341244.004907
yllcorner     4516805.805194
cellsize      50.000000
NODATA_value  -9999.000000
[rows 0 to 33 of 58, columns 0 to 76 of 80]
0.000 0.000 0.000 0.000 0.000 0.000 0.000 0.000 0.000 0.000 0.000 0.000 0.000 0.000 0.000 0.000 0.000 0.000 0.000 0.000 0.000 0.000 0.000 0.000 0.000 0.000 0.000 0.000 0.000 0.000 0.000 0.000 0.000 0.000 0.000 0.000 0.000 0.000 0.000 0.000 0.000 0.000 0.000 0.000 0.000 0.000 0.000 0.000 0.000 0.000 0.000 0.000 0.000 0.000 0.000 0.000 0.000 0.000 0.000 0.000 0.000 0.000 0.000 0.000 0.000 0.000 0.000 0.000 0.000 0.000 0.000 0.000 0.000 0.000 0.000 0.000 0.000
0.000 0.000 0.000 0.000 0.000 0.000 0.000 0.000 0.000 0.000 0.000 0.000 0.000 0.000 0.000 0.000 0.000 0.000 0.000 0.000 0.000 0.000 0.000 0.000 0.000 0.000 0.000 0.000 0.000 0.106 0.709 1.569 2.079 2.214 2.263 2.234 4.031 5.280 5.928 6.259 6.340 6.353 6.238 6.577 6.500 0.000 0.000 0.000 0.000 0.000 0.000 0.000 0.000 0.000 0.000 0.000 0.000 0.000 0.000 0.000 0.000 0.000 0.000 0.000 0.000 0.000 0.000 0.000 0.000 0.000 0.000 0.000 0.000 0.000 0.000 0.000 0.000
0.000 0.000 0.000 0.000 0.000 0.000 0.000 0.000 0.000 0.000 0.000 0.000 0.000 0.000 0.000 0.000 0.000 0.000 0.000 0.000 0.000 0.000 0.000 0.000 0.000 0.000 0.000 0.000 0.039 0.069 0.000 0.000 0.000 0.000 0.000 0.000 0.000 0.000 3.259 6.211 6.358 6.378 6.606 6.592 6.237 6.414 7.033 7.218 7.232 7.253 7.289 7.352 7.394 7.431 7.445 7.462 7.480 7.533 7.544 7.694 7.713 7.741 7.747 7.753 7.758 7.761 7.761 7.755 7.653 7.716 7.758 7.753 7.741 7.736 7.729 7.721 7.712
0.000 0.000 0.000 0.000 0.000 0.000 0.000 0.000 0.000 0.000 0.000 0.000 0.000 0.000 0.000 0.000 0.000 0.000 0.000 0.000 0.000 0.000 0.000 0.000 0.000 0.000 0.000 0.000 0.000 0.000 0.000 0.000 0.000 0.000 0.000 0.000 0.000 0.000 0.000 5.631 6.140 6.416 6.624 6.366 6.271 6.548 7.079 7.217 7.231 7.253 7.297 7.386 7.404 7.427 7.436 7.472 7.484 7.537 7.656 7.688 7.720 7.746 7.753 7.758 7.763 7.767 7.769 7.763 7.754 7.765 7.762 7.747 7.742 7.737 7.728 7.720 7.712
0.000 0.000 0.000 0.000 0.000 0.000 0.000 0.000 0.000 0.000 0.000 0.000 0.000 0.000 0.000 0.000 0.000 0.000 0.000 0.000 0.000 0.000 0.000 0.000 0.000 0.000 0.000 0.000 0.000 0.000 0.000 0.000 0.000 0.000 0.000 0.000 0.000 0.000 1.407 5.339 5.936 6.450 6.638 6.579 6.558 6.796 7.197 7.216 7.228 7.252 7.313 7.371 7.384 7.417 7.364 7.471 7.485 7.601 7.690 7.697 7.742 7.752 7.758 7.763 7.768 7.771 7.773 7.768 7.773 7.772 7.762 7.747 7.741 7.734 7.727 7.720 7.700
0.000 0.000 0.000 0.000 0.000 0.000 0.000 0.000 0.000 0.000 0.000 0.000 0.000 0.000 0.000 0.000 0.000 0.000 0.000 0.000 0.000 0.000 0.000 0.000 0.000 0.000 0.000 0.000 0.000 0.000 0.000 0.000 0.000 0.000 0.000 0.000 0.000 0.000 0.000 5.173 5.978 6.501 6.692 6.712 6.789 7.047 7.219 7.225 7.239 7.282 7.329 7.357 7.382 7.393 7.298 7.466 7.521 7.684 7.692 7.704 7.749 7.756 7.763 7.767 7.771 7.774 7.777 7.778 7.777 7.775 7.754 7.750 7.746 7.738 7.732 7.724 7.656
0.000 0.000 0.000 0.000 0.000 0.000 0.000 0.000 0.000 0.000 0.000 0.000 0.000 0.000 0.000 0.000 0.000 0.000 0.000 0.000 0.000 0.000 0.000 0.000 0.000 0.000 0.000 0.000 0.000 0.000 0.000 0.000 0.000 0.000 0.000 0.000 0.000 0.000 2.965 5.128 6.012 6.481 6.696 6.769 6.917 7.171 7.233 7.244 7.265 7.304 7.332 7.343 7.395 7.406 7.419 7.432 7.617 7.674 7.577 7.722 7.752 7.760 7.766 7.771 7.774 7.777 7.778 7.778 7.778 7.777 7.759 7.756 7.751 7.744 7.736 7.727 7.606
0.000 0.000 0.000 0.000 0.000 0.000 0.000 0.000 0.000 0.000 0.000 0.000 0.000 0.000 0.000 0.000 0.000 0.000 0.000 0.000 0.000 0.000 0.000 0.000 0.000 0.000 0.000 0.000 0.000 0.000 0.000 0.000 0.000 0.000 0.000 0.000 0.000 0.000 3.854 5.076 6.018 6.449 6.610 6.772 7.041 7.233 7.241 7.275 7.289 7.306 7.319 7.349 7.356 7.278 7.433 7.492 7.610 7.561 7.571 7.743 7.753 7.759 7.765 7.770 7.774 7.777 7.778 7.778 7.778 7.767 7.764 7.760 7.754 7.746 7.739 7.719 7.577
0.000 0.000 0.000 0.000 0.000 0.000 0.000 0.000 0.000 0.000 0.000 0.000 0.000 0.000 0.000 0.000 0.000 0.000 0.000 0.000 0.000 0.000 0.000 0.000 0.000 0.000 0.000 0.000 0.000 0.000 0.000 0.000 0.000 0.000 0.000 0.000 0.000 0.389 4.263 5.226 5.962 6.349 6.600 6.714 7.119 7.243 7.253 7.272 7.292 7.311 7.336 7.353 7.366 7.379 7.421 7.554 7.573 7.520 7.622 7.743 7.751 7.758 7.763 7.768 7.773 7.777 7.778 7.778 7.775 7.766 7.763 7.759 7.753 7.746 7.739 7.691 7.583
0.000 0.000 0.000 0.000 0.000 0.000 0.000 0.000 0.000 0.000 0.000 0.000 0.000 0.000 0.000 0.000 0.000 0.000 0.000 0.000 0.000 0.000 0.000 0.000 0.000 0.000 0.000 0.000 0.000 0.000 0.000 0.000 0.000 0.000 0.000 0.000 0.000 2.572 4.145 5.427 6.133 6.409 6.593 6.800 7.236 7.247 7.257 7.274 7.284 7.304 7.311 7.328 7.158 7.446 7.454 7.548 7.538 7.517 7.671 7.742 7.749 7.756 7.762 7.768 7.773 7.777 7.778 7.778 7.764 7.762 7.759 7.754 7.749 7.743 7.737 7.653 7.588
0.000 0.000 0.000 0.000 0.000 0.000 0.000 0.000 0.000 0.000 0.000 0.000 0.000 0.000 0.000 0.000 0.000 0.000 0.000 0.000 0.000 0.000 0.000 0.000 0.000 0.000 0.000 0.000 0.000 0.000 0.000 0.000 0.000 0.000 0.000 0.000 0.000 2.877 4.023 5.666 6.228 6.476 6.558 6.838 7.236 7.246 7.257 7.272 7.282 7.312 7.329 7.341 7.377 7.423 7.496 7.532 7.517 7.521 7.701 7.739 7.747 7.754 7.762 7.768 7.773 7.777 7.778 7.778 7.778 7.773 7.765 7.753 7.747 7.741 7.733 7.626 7.586
0.000 0.000 0.000 0.000 0.000 0.000 0.000 0.000 0.000 0.000 0.000 0.000 0.000 0.000 0.000 0.000 0.000 0.000 0.000 0.000 0.000 0.000 0.000 0.000 0.000 0.000 0.000 0.000 0.000 0.000 0.000 0.000 0.000 0.000 0.000 0.000 0.000 2.579 4.251 5.832 6.327 6.491 6.567 7.074 7.228 7.237 7.248 7.258 7.268 7.279 7.194 7.133 7.406 7.403 7.493 7.536 7.529 7.541 7.724 7.737 7.746 7.753 7.761 7.768 7.773 7.777 7.778 7.778 7.778 7.776 7.771 7.762 7.751 7.742 7.727 7.615 7.576
0.000 0.000 0.000 0.000 0.000 0.000 0.000 0.000 0.000 0.000 0.000 0.000 0.000 0.000 0.000 0.000 0.000 0.000 0.000 0.000 0.000 0.000 0.000 0.000 0.000 0.000 0.000 0.000 0.000 0.000 0.000 0.000 0.000 0.000 0.000 0.000 1.419 3.546 4.991 5.989 6.403 6.522 6.661 7.097 7.217 7.226 7.232 7.242 7.257 7.261 7.206 7.364 7.417 7.429 7.495 7.551 7.527 7.604 7.726 7.736 7.745 7.753 7.761 7.768 7.773 7.776 7.716 7.778 7.778 7.777 7.773 7.767 7.757 7.745 7.713 7.607 7.562
0.000 0.000 0.000 0.000 0.000 0.000 0.000 0.000 0.000 0.000 0.000 0.000 0.000 0.000 0.000 0.000 0.000 0.000 0.000 0.000 0.000 0.000 0.000 0.000 0.000 0.000 0.000 0.000 0.000 0.000 0.000 0.000 0.000 0.000 0.000 0.000 1.993 3.947 5.459 6.137 6.390 6.521 6.758 7.091 7.202 7.214 7.221 7.232 7.244 7.192 7.206 7.357 7.336 7.439 7.471 7.559 7.565 7.644 7.726 7.737 7.747 7.757 7.767 7.773 7.777 7.778 7.778 7.778 7.777 7.775 7.768 7.753 7.747 7.737 7.699 7.602 7.550
0.000 0.000 0.000 0.000 0.000 0.000 0.000 0.000 0.000 0.000 0.000 0.000 0.000 0.000 0.000 0.000 0.000 0.000 0.000 0.000 0.000 0.000 0.000 0.000 0.000 0.000 1.313 1.476 0.000 0.000 0.000 0.000 0.000 0.000 0.000 1.632 3.342 4.726 5.529 6.300 6.385 6.531 6.773 7.091 7.192 7.201 7.208 7.221 7.228 7.086 7.310 7.325 7.329 7.411 7.466 7.564 7.622 7.687 7.727 7.739 7.750 7.759 7.766 7.772 7.774 7.682 7.778 7.778 7.777 7.774 7.762 7.737 7.737 7.729 7.691 7.596 7.534
0.000 0.000 0.000 0.000 0.000 0.000 0.000 0.000 0.000 0.000 0.000 0.000 0.000 0.000 0.000 0.000 0.000 0.000 0.000 0.000 0.000 0.000 0.000 0.000 0.000 0.000 2.064 2.089 0.000 0.000 0.000 0.000 0.000 0.000 0.783 2.846 4.222 5.253 5.993 6.367 6.397 6.518 6.712 7.096 7.181 7.104 7.078 7.164 7.177 7.190 7.303 7.302 7.391 7.405 7.457 7.504 7.664 7.714 7.729 7.743 7.754 7.764 7.771 7.775 7.777 7.778 7.778 7.778 7.777 7.773 7.725 7.710 7.727 7.722 7.683 7.587 7.506
0.000 0.000 0.000 0.000 0.000 0.000 0.000 0.000 0.000 0.000 0.000 0.000 0.000 0.000 0.000 0.000 0.000 0.000 0.000 0.000 0.000 0.000 0.000 0.000 0.000 0.000 2.596 2.331 1.227 0.000 0.000 0.000 0.000 0.642 2.814 3.823 4.776 5.601 6.278 6.341 6.454 6.503 6.712 7.136 7.163 7.006 7.044 7.066 6.988 7.263 7.269 7.230 7.374 7.425 7.452 7.496 7.700 7.719 7.733 7.746 7.757 7.767 7.774 7.777 7.778 7.778 7.778 7.778 7.777 7.763 7.688 7.682 7.718 7.714 7.676 7.579 7.457
0.000 0.000 0.000 0.000 0.000 0.000 0.000 0.000 0.000 0.000 0.000 0.000 0.000 0.000 0.000 0.000 0.000 0.000 0.000 0.000 0.000 0.000 0.000 0.000 0.000 0.014 2.728 2.687 1.830 1.507 1.402 0.000 0.127 2.506 3.369 4.157 5.221 5.907 6.260 6.290 6.394 6.513 6.850 7.128 7.049 6.998 7.068 7.082 7.194 7.246 7.241 7.293 7.353 7.418 7.437 7.540 7.711 7.723 7.736 7.748 7.759 7.768 7.774 7.777 7.778 7.778 7.648 7.776 7.774 7.743 7.669 7.661 7.708 7.707 7.668 7.567 7.369
0.000 0.000 0.000 0.000 0.000 0.000 0.000 0.000 0.000 0.000 0.000 0.000 0.000 0.000 0.000 0.000 0.000 0.000 0.000 0.000 0.000 0.000 0.000 0.000 0.000 0.000 2.809 3.182 2.942 2.943 2.321 1.600 2.164 3.259 3.586 4.600 5.401 6.120 6.231 6.344 6.443 6.488 6.918 7.117 6.953 6.981 6.813 6.703 7.204 7.214 7.210 7.282 7.346 7.404 7.431 7.630 7.717 7.728 7.739 7.748 7.757 7.764 7.770 7.774 7.682 7.778 7.778 7.777 7.773 7.724 7.616 7.626 7.699 7.698 7.656 7.553 7.204
0.000 0.000 0.000 0.000 0.000 0.000 0.000 0.000 0.000 0.000 0.000 0.000 0.000 0.000 0.000 0.000 0.000 0.000 0.000 0.000 0.000 0.000 0.000 0.000 0.000 0.000 2.847 3.550 3.943 3.923 3.425 3.193 3.255 3.728 4.186 4.962 5.638 6.117 6.154 6.280 6.418 6.522 7.055 7.064 6.886 6.935 5.987 7.087 7.193 7.183 7.244 7.256 7.369 7.395 7.470 7.709 7.722 7.733 7.743 7.753 7.761 7.768 7.773 7.776 7.594 7.778 7.778 7.777 7.771 7.673 7.546 7.613 7.689 7.689 7.641 7.515 6.714
0.000 0.000 0.000 0.000 0.000 0.000 0.000 0.000 0.000 0.000 0.000 0.000 0.000 0.000 0.000 0.000 0.000 0.000 0.000 0.000 0.000 0.000 0.000 0.000 0.000 0.000 2.874 4.032 4.278 4.347 4.393 4.426 3.833 4.387 4.717 5.368 5.832 6.085 6.119 6.268 6.393 6.746 7.046 6.937 6.872 6.251 5.901 7.174 7.182 7.213 7.239 7.251 7.370 7.379 7.591 7.718 7.729 7.739 7.749 7.758 7.767 7.773 7.777 7.778 7.778 7.561 7.776 7.773 7.762 7.617 7.534 7.601 7.679 7.679 7.621 7.433 0.000
0.000 0.000 0.000 0.000 0.000 0.000 0.000 0.000 0.000 0.000 0.000 0.000 0.000 0.000 0.000 0.000 0.000 0.000 0.000 0.000 0.000 0.000 0.000 0.000 0.000 0.020 2.269 3.853 4.082 4.152 4.434 4.482 4.534 5.057 5.267 5.688 5.923 6.038 6.079 6.237 6.393 6.876 7.035 6.921 6.709 0.000 7.091 7.129 7.035 7.080 7.183 7.305 7.388 7.401 7.709 7.726 7.737 7.746 7.754 7.762 7.768 7.773 7.776 7.629 7.778 7.554 7.772 7.768 7.753 7.569 7.530 7.591 7.669 7.669 7.579 7.222 0.000
0.000 0.000 0.000 0.000 0.000 0.000 0.000 0.000 0.000 0.000 0.000 0.000 0.000 0.000 0.000 0.000 0.000 0.000 0.000 0.000 0.000 0.000 0.000 0.000 0.000 0.000 1.793 3.094 2.997 3.057 3.144 4.094 4.897 5.144 5.429 5.823 5.876 6.012 6.114 6.213 6.532 6.987 7.022 6.857 2.624 5.435 7.080 6.965 6.978 7.007 7.046 7.266 7.372 7.548 7.722 7.733 7.743 7.752 7.760 7.767 7.773 7.777 7.778 7.778 7.523 7.547 7.762 7.761 7.744 7.523 7.518 7.635 7.658 7.658 7.481 0.000 0.000
0.000 0.000 0.000 0.000 0.000 0.000 0.000 0.000 0.000 0.000 0.000 0.000 0.000 0.000 0.000 0.000 0.000 0.000 0.000 0.000 0.000 0.000 0.000 0.000 0.000 0.870 1.164 2.653 2.154 2.464 3.147 4.010 4.739 5.407 5.541 5.719 5.824 6.027 6.061 6.188 6.653 6.978 6.965 5.810 0.000 6.939 6.957 6.915 6.917 6.976 7.035 7.283 7.426 7.713 7.729 7.739 7.749 7.757 7.764 7.769 7.774 7.776 7.600 7.778 7.508 7.568 7.748 7.713 7.735 7.511 7.507 7.634 7.647 7.606 7.237 0.000 0.000
0.000 0.000 0.000 0.000 0.000 0.000 0.000 0.000 0.000 0.000 0.000 0.000 0.000 0.000 0.000 0.000 0.000 0.000 0.000 0.000 0.000 0.000 0.000 0.000 0.000 1.279 1.227 2.573 2.655 3.072 3.689 4.667 5.301 5.378 5.338 5.511 5.813 6.014 6.038 6.159 6.874 6.941 6.652 2.537 6.269 6.868 6.870 6.837 6.804 6.925 7.028 7.322 7.667 7.724 7.736 7.746 7.754 7.762 7.769 7.773 7.777 7.778 7.778 7.494 7.498 7.692 7.733 7.613 7.722 7.502 7.523 7.624 7.634 7.458 3.122 0.000 0.000
0.000 0.000 0.000 0.000 0.000 0.000 0.000 0.000 0.000 0.000 0.000 0.000 0.000 0.000 0.000 0.000 0.000 0.000 0.000 0.000 0.000 0.000 0.000 0.012 1.258 2.235 1.951 2.772 3.359 3.853 4.356 5.022 5.279 5.176 4.849 5.406 5.823 5.992 6.169 6.426 6.862 6.835 0.582 0.000 6.799 6.857 6.861 6.828 6.839 6.862 7.033 7.407 7.719 7.731 7.741 7.751 7.758 7.765 7.771 7.775 7.777 7.778 7.778 7.478 7.622 7.710 7.656 7.551 7.692 7.531 7.602 7.612 7.569 7.047 0.000 0.000 0.000
0.000 0.000 0.000 0.000 0.000 0.000 0.000 0.000 0.000 0.000 0.000 0.000 0.000 0.000 0.000 0.000 0.000 0.000 0.000 0.000 0.000 0.000 0.599 1.506 1.874 2.625 2.883 3.037 3.697 4.432 4.806 5.187 5.211 4.608 4.173 5.379 5.778 5.927 6.139 6.739 6.826 6.106 0.000 5.937 6.864 6.874 6.897 6.922 6.958 6.994 7.224 7.696 7.725 7.736 7.746 7.755 7.762 7.769 7.773 7.777 7.778 7.778 7.509 7.588 7.738 7.715 7.442 7.491 7.678 7.665 7.648 7.612 7.384 0.000 0.000 0.000 0.000
0.000 0.000 0.000 0.000 0.000 0.000 0.000 0.000 0.000 0.000 0.000 0.000 0.000 0.000 0.000 0.000 0.000 0.000 0.000 0.000 0.000 0.000 0.294 1.987 2.513 3.247 3.774 3.928 4.183 4.786 5.084 5.147 4.923 3.690 3.961 5.453 5.748 5.906 6.116 6.758 6.767 0.000 0.000 6.869 6.884 6.900 6.917 6.941 6.992 7.051 7.462 7.719 7.731 7.741 7.751 7.758 7.765 7.771 7.775 7.777 7.778 7.778 7.778 7.777 7.742 7.397 7.383 7.477 7.665 7.652 7.633 7.437 0.000 0.000 0.000 0.000 0.000
0.000 0.000 0.000 0.000 0.000 0.000 0.000 0.000 0.000 0.000 0.000 0.000 0.000 0.000 0.000 0.000 0.000 0.000 0.000 0.000 0.000 0.000 0.000 0.536 2.108 3.790 4.195 4.516 4.569 4.931 5.061 4.953 3.422 2.118 3.961 5.477 5.722 5.891 6.394 6.746 5.807 0.000 6.644 6.883 6.902 6.923 6.943 6.964 7.018 7.131 7.693 7.716 7.727 7.746 7.754 7.762 7.769 7.773 7.777 7.778 7.778 7.778 7.777 7.774 7.397 7.365 7.355 7.464 7.648 7.635 7.560 7.193 0.000 0.000 0.000 0.000 0.000
0.000 0.000 0.000 0.000 0.000 0.000 0.000 0.000 0.000 0.000 0.000 0.000 0.000 0.000 0.000 0.000 0.000 0.000 0.000 0.000 0.000 0.000 0.000 0.083 2.072 2.916 3.563 4.308 4.709 4.827 4.966 4.314 2.182 1.071 4.456 5.486 5.697 5.982 6.673 6.682 0.000 0.000 6.868 6.887 6.917 6.966 7.002 7.023 7.051 7.258 7.696 7.711 7.738 7.751 7.758 7.765 7.771 7.775 7.777 7.778 7.778 7.778 7.777 7.385 7.386 7.368 7.358 7.572 7.628 7.603 7.381 0.000 0.000 0.000 0.000 0.000 0.000
0.000 0.000 0.000 0.000 0.000 0.000 0.000 0.000 0.000 0.000 0.000 0.000 0.000 0.000 0.000 0.000 0.000 0.000 0.000 0.000 0.000 0.000 0.000 0.000 1.726 2.517 3.209 4.471 4.746 4.830 4.877 3.491 2.327 2.651 4.917 5.522 5.743 6.284 6.664 6.245 0.000 6.658 6.852 6.873 6.926 6.979 6.996 7.013 7.027 7.583 7.691 7.703 7.746 7.754 7.762 7.769 7.773 7.777 7.778 7.778 7.778 7.777 7.649 7.361 7.373 7.356 7.429 7.582 7.603 7.455 6.898 0.000 0.000 0.000 0.000 0.000 0.000
0.000 0.000 0.000 0.000 0.000 0.000 0.000 0.000 0.000 0.000 0.000 0.000 0.000 0.000 0.000 0.000 0.000 0.000 0.000 0.000 0.000 0.000 0.000 0.000 1.496 2.613 3.371 4.408 4.438 4.796 4.474 2.705 1.818 3.427 5.111 5.551 5.773 6.584 6.630 6.142 0.000 6.804 6.823 6.848 6.927 6.964 6.981 6.994 7.094 7.702 7.700 7.736 7.749 7.758 7.765 7.771 7.775 7.777 7.778 7.778 7.778 7.777 7.336 7.348 7.360 7.351 7.544 7.562 7.568 7.164 0.000 0.000 0.000 0.000 0.000 0.000 0.000
0.000 0.000 0.000 0.000 0.000 0.000 0.000 0.000 0.000 0.000 0.000 0.000 0.000 0.000 0.000 0.000 0.000 0.000 0.000 0.000 0.000 0.000 0.000 0.000 1.287 3.119 4.124 4.206 4.688 4.721 3.392 1.672 1.031 3.624 5.165 5.588 6.001 6.575 6.569 6.181 6.441 6.799 6.821 6.861 6.921 6.952 6.966 6.966 7.277 7.718 7.729 7.744 7.754 7.762 7.768 7.773 7.777 7.778 7.778 7.778 7.777 7.334 7.323 7.334 7.348 7.502 7.529 7.544 7.359 0.000 0.000 0.000 0.000 0.000 0.000 0.000 0.000
0.000 0.000 0.000 0.000 0.000 0.000 0.000 0.000 0.000 0.000 0.000 0.000 0.000 0.000 0.000 0.000 0.000 0.000 0.000 0.000 0.000 0.000 0.000 0.000 0.950 3.010 3.898 4.472 4.671 4.694 3.241 0.312 0.516 4.040 5.309 5.688 6.412 6.547 6.136 1.374 6.689 6.771 6.794 6.853 6.919 6.937 6.941 6.952 7.661 7.726 7.738 7.748 7.757 7.764 7.770 7.774 7.777 7.778 7.778 7.778 7.776 7.313 7.311 7.314 7.338 7.499 7.514 7.491 6.456 0.000 0.000 0.000 0.000 0.000 0.000 0.000 0.000
